6704.526855 -10019.91895 9418.594727
8028.649414 -6448.148438 9214.224609
7596.731934 -13778.95313 6855.882813
7923.296387 -15495.85547 8046.250488
9995.369141 -8141.069336 9382.811523
9124.517578 -14194.16113 8465.165039
10578.18555 -13243.21484 12766.61914
9939.032227 -6328.402832 10577.35059
10152.18066 -14790.86426 12156.25098
6738.551758 -10017.87012 9870.308594
7716.666992 -14409.77148 8679.274414
8380.966797 -11769.38281 12431.11719
10120.86914 -12433.56445 8538.904297
7888.427246 -10014.65039 10284.91016
9672.256836 -15710.75293 12084.90723
6915.948242 -15962.93945 10403.15527
7202.769531 -7025.844727 10824.57031
6899.951172 -13080.70313 10669.08496
8538.124023 -11642.03711 5533.460938
8483.237305 -13105.32617 10252.79102
8508.280273 -10856.99512 12563.7041
8455.685547 -12623.72949 11591.72852
8284.142578 -6929.359375 11492.37012
8311.119141 -14087.06934 11153.53613
8513.352539 -14720.73438 10366.93066
7324.667969 -7768.419922 10833.35938
10772.83789 -8017.120117 9388.609375
6504.870605 -10015.83496 6902.822754
8477.101563 -15899.04102 11999.6377
9110.710938 -15064.25488 7965.79248
10874.86816 -14471.17383 12206.26953
6730.762695 -8468.702148 9094.40332
8741.225586 -12682.52734 12266.26563
11754.19824 -13689.5127 10322.49414
7513.776855 -9760.46875 10999.83594
6839.945801 -7057.603516 10431.75391
10803.12305 -13189.55469 11278.75879
11134.66602 -11603.99219 9962.946289
6485.653809 -7832.179688 7241.438477
8223.164063 -11763.7666 7883.119629
9666.223633 -14490.94141 10598.0332
7786.803223 -7982.384766 6623.364258
7025.844727 -9922.423828 7719.637207
8612.40918 -10874.0459 11858.83301
9540.741211 -9638.697266 10809.30273
6146.433105 -7442.373047 9135.37793
6821.192871 -10376.12402 11285.78906
8578.875 -6270.447754 9824.024414
10226.71191 -12471.22656 7763.880371
6602.901855 -7120.67334 8889.296875
9954.092773 -13382.08496 8078.547852
8018.13916 -13367.51465 12404.86035
6560.220703 -7232.101074 10016.15723
6821.716797 -15264.67188 9143.945313
7716.997559 -9865.895508 11201.70898
8894.919922 -6940.366211 8516.287109
7628.82959 -9769.652344 8577.000977
11238.09375 -12720.5332 9269.367188
6215.963867 -12414.93457 9749.735352
9085.680664 -8469.759766 8401.161133
7995.845703 -17096.30273 9609.473633
11342.49707 -9327.852539 10501.27051
8851.811523 -11571.12402 7718.803223
10968.90918 -9940.438477 13329.56348
7036.209961 -11301.01367 9060.539063
7429.90625 -10402.60059 7064.078125
7827.024902 -15749.72168 11918.22168
7357.566895 -8811.373047 6170.550781
8666.229492 -16361.48145 8174.609863
8268.013672 -11077.56543 12421.63379
9902.986328 -9619.671875 11515.65527
10564.93359 -14269.20605 11297.31055
7354.835938 -12845.06836 10832.36816
11954.75488 -9003.65332 12055.31543
7343.600586 -16205.48438 8607.169922
8113.573242 -11357.20215 11789.71191
10226.61719 -11615.31152 9359.724609
8559.754883 -7546.350586 9564.201172
8050.144531 -15509.41602 11744.4541
7914.056152 -14595.85742 11021.60645
9288.817383 -17219.95117 8438.978516
10123.78125 -10304.78027 10978.03516
7705.941895 -12970.93066 9492.15625
6891.962891 -7611.13623 9825.821289
12577.13965 -12690.72852 10053.02832
7190.020508 -7198.396484 8091.104492
6771.731445 -12164.50293 10547.51953
7701.080078 -8858.953125 12594.27441
7506.160156 -12620.24121 12223.54297
11584.83398 -9177.697266 11397.53711
10521.46582 -15555.76074 8847.805664
8078.827148 -8734.111328 9565.088867
9915.760742 -8163.806641 12593.57715
7511.40332 -12927.97266 7824.702148
8814.818359 -12740.4248 8677.882813
7098.36084 -15655.33203 9746.308594
8625.225586 -8162.646484 12318.04199
9053.735352 -9963.894531 11462.6709
10289.08691 -6928.490723 8921.454102
7174.54834 -7341.321289 12777.68164
8325.0625 -8825.390625 12657.42773
8048.774902 -8920.171875 12372.36133
6826.611328 -9025.359375 6228.287598
7606.189453 -9766.321289 8782.788086
11277.12988 -8142.403809 9707.303711
9723.790039 -9763.142578 7709.903809
7133.660645 -12263.47363 9877.855469
6787.480469 -14641.83203 8400.165039
10431.94922 -8494.05957 9464.180664
10349.96387 -14466.24512 7393.459473
10459.53418 -10008.01758 12647.21289
9908.667969 -7766.473633 11923.11035
7215.131836 -9359.704102 10271.02246
7092.842773 -10610.57422 10283.64746
9648.603516 -12687.87109 11653.55469
7943.736328 -14653.4375 11179.33105
7337.408691 -14954.42969 10420.3623
10767.57324 -13798.60645 9125.821289
7987.869629 -13986.75781 11351.84473
8432.583984 -10061.29395 8975.535156
8013.813965 -9358.212891 11770.02637
7919.107422 -9864.638672 12712.63965
7733.73877 -15459.11328 8898.790039
9146.115234 -15778.32422 9518.958008
8189.853027 -10432.73242 7729.711426
10221.11621 -8088.268066 10066.7041
10016.76367 -10301.48438 11203.91602
9940.984375 -8571.880859 12980.4541
10979.64746 -13976.9248 8123.508789
6525.158203 -11669.44238 11449.39844
10370.68066 -12341.50098 10119.08496
10879.15332 -13349.24902 9648.761719
9050.696289 -11090.70898 8788.484375
8115.331055 -13067.63379 7293.140625
9950.27832 -10339.00684 13389.14258
10025.70313 -13722.58008 10606.39648
7957.520996 -14716.35156 9115.701172
7868.495117 -14009.73633 10901.55469
10690.54883 -14592.38281 7306.631348
10703.89453 -10115.15527 10817.93848
6773.430664 -11795.88379 10729.11426
6584.618652 -14866.29785 10996.53125
8734.845703 -16593.5293 8863.966797
9233.695313 -9755.133789 10156.64258
9290.126953 -12496.29785 7954.895996
10327.72168 -17077.48047 8425.143555
9602.173828 -8868.461914 11797.5293
9803.19043 -7465.244629 9439.912109
7080.939453 -11851.125 12498.81738
9283.512695 -8922.055664 12836.625
7337.280273 -11933.2793 8874.688477
7330.077637 -9459.003906 12983.18164
7617.877441 -7478.26709 10852.50098
8164.979492 -7258.877441 7628.317871
7238.702637 -9484.505859 9892.737305
7362.301758 -14074.83887 9918.332031
9457.131836 -13654.78125 11936.55957
11663.80957 -8124.801758 10372.17578
6547.375 -14377.70508 7457.484863
7228.540527 -10001.66113 9167.158203
8326.94043 -7528.848633 10307.98926
7849.031738 -10930.94434 8103.290039
7675.770996 -6905.900391 8504.435547
7782.117188 -11359.66211 12109.78223
9362.670898 -15631.26074 8036.424316
8924.825195 -8254.931641 8846.829102
12273.80273 -9857.067383 11803.52441
10233.50391 -8353.46582 7321.438477
9075.206055 -12278.24707 6641.40918
7885.046387 -8541.927734 7668.179199
6171.589355 -7843.810547 9008.375
8053.358398 -8921.566406 10596.46191
7785.055176 -6624.753418 11872.88281
10878.17969 -7666.731934 11596.06445
10519.18457 -8352.033203 10984.73535
8064.846191 -6970.289063 12442.64355
9109.486328 -6735.727539 10952.07129
11769.71973 -15604.30371 7293.381836
8017.04834 -7181.735352 9114.606445
11077.3584 -11846.39063 9757.155273
7188.129395 -13221.55078 8681.946289
12224.27051 -8666.387695 11604.52148
9096.256836 -9039.279297 8545.011719
8487.24707 -13787.15332 6342.330566
9578.670898 -13060.96387 10369.73145
11598.56738 -11248.61914 13211.00977
7297.857422 -8772.762695 8848.147461
6538.838379 -14559.49609 9251.972656
8997.902344 -12855.46289 8265.348633
6985.220703 -10962.19336 8683.638672
12787.22363 -9731.952148 11209.6709
8736.288086 -6819.770996 10924.99316
11395.71777 -10328.51074 11090.02344
8039.733398 -8959.301758 9718.555664
9064.816406 -9801.148438 10454.4082
6325.039063 -10593.95605 10136.7041
8011.198242 -14042.59668 9571.996094
7573.206055 -11188.75195 11505.64648
7342.049316 -11247.65039 9416.176758
10177.06543 -15085.80566 11890.16016
7940.144531 -7762.956543 11627.66699
6909.338379 -13464.04102 11035.03516
7591.11084 -8346.554688 11814.74512
10533.67871 -9674.871094 12952.56738
7425.624512 -9729.09082 8281.974609
9549.945313 -11471.64551 9946.351563
11350.47363 -13837.48828 11616.20898
9503.249023 -12999.17188 12049.8916
6878.721191 -16107.03613 9518.914063
8740.125 -11864.00977 8977.904297
8062.51123 -8575.208008 7487.162598
6738.117676 -10903.4248 10560.20801
11392.62305 -8048.17334 9529.293945
8594.321289 -11826.71387 8930.858398
11163.55273 -11830.21094 11652.75391
8565.982422 -16587.82422 9609.149414
11232.49219 -12607.21973 9934.366211
8903.556641 -12043.98926 8136.572754
7567.571289 -14117.63574 9102.969727
7606.134766 -12290.27344 11035.54199
7952.848145 -15474.87207 7659.45459
9798.875977 -10788.96387 10440.66113
8288.082031 -7701.843262 12154.62695
8869.865234 -10645.91504 11592.96582
6655.673828 -14082.64063 10135.77734
10479.91602 -11969.51855 12598.22559
9288.94043 -14322.62109 10634.43262
7293.908691 -13016.55859 11802.17383
7908.091797 -8582.333984 7041.911621
8599.339844 -11439.66699 6456.437988
6315.330078 -8970.390625 6954.758789
11511.71973 -13442.98828 11475.87305
9722.582031 -15479.14063 10920.69922
8108.135742 -14882.84375 7226.415039
6870.709961 -12589.83203 10036.69336
9669.740234 -9689.730469 11786.25684
9319.820313 -16664.34375 8892.233398
10966.95898 -15938.35059 11678.65723
6572.39209 -10381.88477 6586.399902
7739.268066 -8177.902832 12220.15234
6211.864258 -10037.24609 9984.991211
6371.229004 -11795.99219 7985.86377
6021.198242 -9040.757813 8448.115234
7825.463379 -12956.58691 11418.84961
11399.44531 -11147.81055 13520.67285
12192.66211 -8263.386719 10592.86621
9215.540039 -13217.00391 10013.0791
7627.414551 -16288.30469 10119.15234
7318.240723 -15829.29492 10504.45313
9437.3125 -11024.875 12844.68066
10473.13281 -10474.90918 11819.52246
7121.482422 -10302.41602 13115.98145
6697.502441 -9020.333008 8797.887695
8067.784668 -6567.978027 10988.58301
8342.772461 -10276.09082 12585.65332
7404.354492 -13418.12891 7979.799805
6849.10498 -10718.14258 12514.49414
8086.915039 -11988.73828 6167.195801
6453.675781 -10034.45215 10637.1123
11040.79785 -12170.12402 7758.547363
7515.134766 -8520.015625 7743.86377
10198.55469 -9245.901367 10062.90332
8287.503906 -13719.18359 8039.728516
8264.757813 -6777.844238 10000.87305
8759.250977 -8091.768555 12054.04785
7997.150391 -11409.62305 11316.18945
11717.2627 -10980.22363 11703.62305
9580.47168 -17721.44336 11515.41113
7677.790527 -12512.49414 10216.64648
7822.124512 -9396.875977 11381.09766
10746.79688 -7346.811523 11175.18555
10440.49121 -13146.07813 8490.245117
6435.966797 -14583.70898 8658.829102
8954.625977 -10426.13477 11532.68066
8286.091797 -7950.900879 11297.04297
9229.275391 -9158.646484 12900.91895
7950.304688 -10626.75977 12519.70801
10234.34375 -15107.87695 9898.447266
6950.177734 -10718.43164 9365.170898
9176.256836 -14445.77832 11920.9248
6436.754395 -8441.170898 8664.394531
9741.227539 -7572.580566 8352.464844
7694.852539 -9109.155273 11575.60059
8831.719727 -9119.733398 8821.34375
6645.629883 -8261.024414 9624.384766
9595.09082 -12106.25098 10669.98242
10160.01465 -10302.79102 9551.646484
9165.492188 -7774.933105 8035.560059
7395.169922 -8564.81543 10322.99023
10135.13477 -12007.38281 13239.96191
8893.530273 -14412.06738 11518.99707
10102.99023 -13560.69336 8107.775391
9450.40918 -7337.896973 9443.172852
12736.2041 -10911.89551 11701.21289
7419.153809 -8766.249023 9994.292969
8223.375 -8258.658203 12597.11035
11391.53906 -13303.48438 7674.085449
8577.958008 -8760.702148 10409.95117
8569.967773 -9636.032227 12643.83105
5861.604492 -9852.724609 7919.679688
13348.55273 -10907.51953 11055.0293
7686.125977 -7468.64502 8419.65625
8314.829102 -9996.850586 10742.11719
6030.016113 -10412.84766 9579.533203
8380.34082 -12337.47949 11376.07129
11910.14258 -9590.498047 7864.95166
9306.851563 -16687.14258 11612.4209
10812.09473 -6907.375488 8160.827148
6771.987305 -13937.60742 7771.782227
7020.437988 -12119.72266 9264.28125
7197.724121 -6987.097168 9328.364258
6032.729004 -10571.77051 9136.930664
10191.90918 -10400.05566 10804.34961
6265.072266 -11242.85645 8423.464844
10171.64648 -8086.910645 10346.4248
7493.917969 -11539.72949 11564.87891
6561.922852 -13221.9707 11043.0459
5882.3125 -10420.4873 8900.933594
10437.61914 -8865.386719 11405.65234
11538.60645 -14412.27148 9510.014648
9187.133789 -8159.523438 9796.116211
12403.07227 -8915.658203 8976.785156
10174.98828 -7478.472168 11954.37402
10120.61133 -8218.15625 10350.67285
9170.907227 -9238.760742 10974.31543
6242.016602 -13373.38672 8898.149414
8627.267578 -13750.52051 9837.003906
12542.92285 -11589.90234 11099.31738
7844.202637 -13655.82031 10631.01758
7182.647949 -14472.11035 10579.27539
9460.389648 -7810.00293 8686.423828
8667.84668 -11425.72949 10797.97949
9179.305664 -9015.652344 12183.66406
7093.142578 -14431.12891 8542.630859
12686.05566 -11292.89063 11536.41016
7905.885254 -15637.32813 11053.1123
7569.929688 -7758.625 10705.16016
11854.72754 -7721.828613 9360.00293
13897.77051 -10557.3916 10729.58984
10644.7832 -8193.443359 11869.12207
7051.572754 -8825.191406 6692.779297
8984.458984 -7680.870605 10898.83984
9647.095703 -11971.99902 6708.979004
11893.6543 -8854.140625 11849.42969
13283.08496 -10921.30859 11162.34082
8838.633789 -7765.076172 7822.020996
5905.064453 -10138.0459 9773.755859
7387.956543 -12966.80664 11875.94336
7642.291016 -13888.23242 8232.033203
7708.733887 -15387.99219 7288.578613
6772.962891 -12976.41504 7702.166992
10819.1875 -10790.17773 12254.04102
9843.827148 -7197.33252 11373.05176
8837.443359 -11391.59766 11683.58691
11669.42188 -14302.69629 8388.479492
8941.207031 -12439.75 10946.48047
10173.69336 -14628.91895 7357.54541
8415.350586 -14753.69238 9538.333008
8289.854492 -12954.73535 8425.251953
7573.389648 -11604.53809 9350.074219
6401.805176 -6894.161621 9720.818359
7699.98291 -9346.966797 9924.543945
8911.866211 -13899.08984 12309.57617
7703.651367 -7924.147461 11929.8457
7317.594727 -7582.255371 11150.39551
9860.398438 -8093.575684 6222.904785
7262.082031 -12866.88965 9951.173828
6556.585449 -12333.41406 7698.722656
7360.251953 -9106.324219 11169.22266
6623.808594 -10140.35742 8002.215332
6401.705566 -9607.874023 10893.34863
6365.753906 -11238.44043 7247.237305
9896.394531 -10465.78906 9476.666016
8946.882813 -14579.86133 9859.036133
9549.126953 -13082.51465 7844.15918
10493.4834 -17071.61133 8094.278809
9840.802734 -7877.852539 6687.390137
11825.85156 -7719.032227 10599.13672
8076.858887 -14688.64258 11988.13477
10606.79492 -11552.18066 13323.95605
7331.010742 -10430.96191 12902.10742
9791.555664 -7483.981445 7428.183594
10582.34668 -14025.56836 11202.17969
11084.02441 -17684.22266 7546.473633
13870.84668 -11191.87012 9477.494141
9321.488281 -9254.905273 13430.61035
7701.992188 -11524.98438 12417.32129
11609.59668 -9157.868164 12058.47266
9687.266602 -14847.91016 7951.096191
12230.63379 -10277.35156 12891.21875
5792.572754 -8953.739258 8439.186523
9625.682617 -12665.625 12536.38184
11618.95898 -9173.4375 11945.11426
12847.99707 -16594.11328 7745.836914
10244.54883 -7796.069336 6905.51123
10403.65625 -11481.41211 12641.94141
14443.35645 -12495.89941 8867.609375
10203.37402 -7050.967285 8540.674805
6863.525391 -10516.59375 12320.30176
12047.80859 -9519.248047 12415.77734
10776.03809 -18220.83398 9783.226563
12564.5752 -11650.04883 12461.41699
10881.29102 -13959.32324 6891.753906
12236.27734 -11386.73535 12323.63574
11168.03809 -13562.875 12433.17676
11224.53027 -17151.78711 10962.7666
12261.87695 -16782.50195 7949.073242
13811.0752 -11473.37207 9537.433594
10715.91895 -13821.02637 12630.18457
6065.104004 -8570.975586 7786.492188
6521.904785 -6829.594238 8618.625977
8398.178711 -8191.536621 6405.463379
10548.98633 -8020.681152 12733.08691
12011.25781 -12158.92969 6879.553223
8400.25 -9395.421875 13400.16406
12237.76563 -12401.14063 6892.205078
12074.37207 -8732.274414 11455.17871
13069.81152 -15073.18945 7638.937012
13861.83887 -14071.47168 10599.59082
14146.63281 -11411.42676 11402.41016
6698.823242 -8114.580566 11169.71289
9145.751953 -13187.8125 12473.77441
6631.907715 -14539.34766 7534.295898
7083.496094 -15505.03711 7318.15332
6710.893555 -6894.714844 10440.29688
9430.913086 -6623.091797 9877.000977
14394.06543 -11418.91406 10269.55762
7904.854004 -15676.6377 12223.49609
12563.78125 -10002.29297 7394.415039
8225.238281 -17177.74805 9450.844727
9703.133789 -8429.133789 13054.5957
12726.14355 -8259.796875 10409.44727
10933.07422 -17140.37305 7830.84082
7160.618164 -14133.92383 8038.291992
10410.88086 -17364.08984 8445.390625
11042.20605 -17162.42383 7579.390137
12977.78418 -13757.63867 10968.2002
11035.05273 -8188.140625 12168.20703
6469.612305 -8716.592773 6593.818848
11146.85352 -9787.577148 6320.436523
11309.20801 -13960.66797 6620.526855
14103.15137 -10440.43652 10954.69531
10424.82715 -13335.68066 6471.000488
6601.205078 -7112.094238 10477.61133
11111.18164 -12610.13574 6361.712402
10853.24805 -11901.21973 13451.93359
6714.54541 -14098.07031 10362.81934
10965.47656 -16983.88477 8439.051758
10875.35156 -18083.95313 9306.257813
10477.22754 -7980.103516 7318.028809
11926.75391 -8869.931641 12181.02246
10144.50586 -7939.795898 6118.780762
12110.99219 -8275.736328 7618.681152
12601.75293 -8942.587891 8042.5625
13189.9082 -13921.29004 11833.57031
8667.19043 -6364.628418 9864.645508
9914.013672 -17623.60156 8318.682617
8857.807617 -7173.76709 7498.325684
7947.093262 -10035.3291 5859.262695
14360.27539 -11652.8916 11249.68359
8505.397461 -12169.29492 5904.074707
12749.10156 -17202.79297 7766.777832
10971.22266 -8224.791992 7563.089355
9842.15918 -7443.9375 6706.719238
7083.643555 -9415.120117 6520.312988
13880.24805 -9901.121094 10570.98047
13373.5918 -9955.033203 11601.9873
12403.51074 -9491.140625 10522.82227
14133.34473 -11882.21973 11203.94824
7232.841309 -14184.97949 11678.27148
13722.94824 -11558.89453 11036.06738
12020.70508 -12412.96484 11786.29688
8664.05957 -13108.83301 6103.408691
7167.962891 -15702.09375 7855.052246
8721.407227 -15415.50879 11085.9082
9479.545898 -7748.305176 11209.49316
11007.79102 -9960.958008 6163.104492
10063.14648 -7890.14502 7035.304199
9334.769531 -10069.03906 13599.83496
6115.560547 -6910.22998 9136.99707
13178.52051 -9385.666016 9298.40332
14263.00293 -10635.9834 9866.412109
9769.490234 -17883.89258 10971.83691
13136.42188 -14282.51758 7156.387695
10367.11719 -17451.50391 8503.432617
10925.17578 -17354.83789 7550.474609
10623.00195 -7797.264648 12249.52832
12485.18848 -13810.59375 12017.87598
12228.86328 -13446.68457 7971.864258
9631.37793 -7605.821289 6947.025391
8153.609375 -8993.225586 12317.94727
11575.10938 -12037.35742 6472.038086
12353.58008 -7999.966309 7793.703125
8620.154297 -13274.26465 7086.05957
10115.88965 -11980.67578 5418.564453
12097.64258 -15950.5752 11085.18457
10086.06836 -14269.65332 7066.276855
13057.27734 -14147.49219 7689.65625
11658.8418 -9699.457031 9961.913086
6830.876953 -15591.27539 9265.047852
10898.16016 -15307.14453 7157.422852
11082.57715 -10339.15234 5773.435547
11169.11328 -9047.105469 6752.420898
6182.115234 -9472.514648 8686.703125
7738.072266 -10969.5332 5678.961426
6954.90625 -12931.34766 7131
9791.087891 -14180.66309 12587.82031
10759.35645 -15580.21094 11154.86426
8287.369141 -6321.618652 12985.65332
14339.21484 -13292.49316 9794.680664
11876.99023 -14968.6875 7194.89209
11928.8877 -11159.59766 12859.4873
10165.25195 -15991.61133 9148.896484
10416.17969 -8646.912109 13319.32617
12929.89453 -8680.022461 9676.288086
8282.299805 -6747.802734 10073.52148
11630.9502 -7368.063965 7940.709961
6962.899902 -8460.260742 12153.04199
6647.447754 -14318.22559 10600.1123
10413.9082 -13117.07129 12437.24023
9914.777344 -14988.31641 11945.54883
7600.070313 -9654.649414 5774.050781
7116.383789 -7352.653809 10128.04492
14433.02637 -11495.88574 10338.41895
7050.15625 -7625.884277 6475.623535
12766.80957 -16806.79492 7401.254395
11185.38965 -11906.63965 13157.35059
10415.45898 -6702.027832 11356.85645
11842.11621 -7821.018066 7849.891602
7959.962891 -15998.13184 11370.71191
9848.551758 -11909.28711 5246.484375
10218.29199 -13399.75195 7242.987793
9316.214844 -15680.10742 7373.696777
11722.25391 -7665.847656 8683.453125
6460.007813 -11622.23145 11805.14551
12523.46094 -16644.04102 10792.23242
7157.612793 -14763.72461 10587.96387
13045.59668 -13928.83105 7074.596191
7025.185059 -11439.33105 6974.617676
12064.15039 -11045.70508 12713.07227
10676.9248 -10759.94922 12943.0625
9481.130859 -6220.505371 11638.51953
12441.79004 -17090.91797 7649.372559
7414.587402 -16165.63086 8676.416016
12801.38574 -13500.98633 8317.008789
9923.50293 -17179.82617 11428.0625
13331.46094 -13220.05469 11732.3125
11895.13965 -7711.291992 7760.939941
12210.0332 -8443.479492 7070.097168
13288.21582 -16964.28125 9897.171875
7926.794434 -14891.08496 7195.277344
8811.234375 -14509.78613 6708.379883
9041.519531 -8588.673828 6217.208496
11331.34961 -11739.91699 6283.262207
11987.11816 -17330.59766 8506.158203
7494.429199 -8289.986328 6200.165527
10747.25391 -6778.37793 9693.896484
14333.21387 -12292.18945 8114.259277
12981.45996 -14229.06738 11684.83203
6205.567383 -10659.80273 7979.015625
10697.58789 -10566.88086 6625.605469
12044.87207 -15947.01758 11031.00488
12016.12793 -8444.265625 12217.47266
10494.5752 -7939.181152 12318.47168
10682.48633 -7178.79541 9657.666992
6906.636719 -8442.824219 7400.811523
9240.805664 -13300.0625 5958.449219
7612.068848 -8566.019531 6197.777344
8443.40332 -16676.33984 11621.25879
14632.72852 -11645.38086 8585.733398
10699.62109 -15484.14746 11809.24609
13358.64063 -14586.8252 10728
12390.34277 -8897.639648 7445.737793
13080.96094 -8882.424805 9224.03125
6955.367188 -12694.7207 11984.21289
6248.839355 -14389.99902 11015.12109
6996.098633 -11387.1748 10082.47266
6483.518555 -8273.069336 9747.868164
6736.024902 -8860.886719 8932.791016
7251.668457 -14293.18359 8530.753906
6728.125 -12422.01758 6687.785645
7549.996582 -11338.32324 12317.06836
6881.410156 -8646.389648 10787.07715
7077.630371 -13029.56348 7337.982422
6162.524414 -13586.85938 9752.625
6610.601074 -12253.95508 12051.69238
6977.219238 -13407.55176 6876.880859
6250.493652 -12482.4248 8832.363281
7679.936523 -10595.19141 12775.49707
6502.1875 -12868.74609 9412.788086
6728.092285 -14823.31934 10106.06055
6420.490723 -14022.92871 7834.075195
7743.913574 -9624.264648 12616.06348
6016.882324 -9534.677734 9034.649414
7132.529297 -10061.74707 11725.03516
6342.079102 -11152.30762 9001.999023
7044.345215 -13773.61621 9411.529297
5990.22168 -10020.16016 9654.40332
6315.458496 -12126.78027 9561.125
6442.073242 -8864.472656 10943.01367
6914.90918 -12472.80859 10669.20703
6070.545898 -11051.18457 9653.77832
7855.811035 -13147.01465 6976.347656
7153.579102 -14028.8418 11099.2041
7344.973145 -14325.91992 8453.605469
6316.452148 -11333.13281 7243.570801
6315.226563 -11311.66699 11388.36816
6498.992676 -9715.549805 8504.603516
6409.934082 -11459.56348 10319.07324
7351.043945 -9389.061523 12731.74902
6562.649902 -10786.37012 7677.14502
6741.952148 -15018.8584 9705.179688
5899.702637 -12622.15918 9042.988281
5897.265137 -10564.34277 7709.64209
7349.633789 -13974.36328 6962.751953
5987.601563 -11198.7832 9636.733398
6131.413086 -12507.79199 8306.889648
8183.32959 -12814.62793 7572.918457
7370.786133 -13297.30859 6590.805176
7213.613281 -11649.69434 8659.009766
6638.494141 -12333.13281 6868.156738
7076.891602 -12031.86914 9672.757813
6216.495117 -9908.149414 7796.94873
7170.957031 -14162.5459 11090.26172
6514.938965 -12478.95215 10702.75195
6114.246094 -13875.52246 9497.484375
6196.62793 -12641.00879 10570.8291
7127.938965 -11402.27734 10469.55859
7557.699219 -9734.232422 12401.75488
7274.696777 -13836.42676 7861.552246
6874.039063 -7634.348633 11418.99902
6792.13623 -13323.50879 11015.05273
6605.203613 -10408.4248 7377.845215
7263.591309 -13185.94531 6643.842773
5782.993652 -9803.438477 8509.21875
7090.642578 -10260.14746 11784.75781
6871.171875 -12271.63672 10782.25879
7065.845703 -9792.851563 11441.63086
6040.606445 -9675.205078 10310.05078
6587.283691 -11601.76172 11023.62012
7024.030273 -14248.77539 12037.43555
6765.375488 -11513.14746 6540.541504
6152.824219 -9566.40625 8954.755859
6358.083984 -14124.43555 11060.52246
6482.854004 -12096.31836 8874.668945
7360.095703 -12052.55664 7312.177734
6234.924805 -10659.78223 8050.990723
7452.160156 -12224.68359 12090.30566
7073.047852 -10208.61035 9866.394531
7697.113281 -10205.12793 12625.41699
5848.148438 -9342.823242 9125.000977
7043.162109 -11057.28809 12795.68652
7202.768066 -13478.12793 6871.861816
6741.41748 -14606.82422 10271.06641
6882.597168 -12129.67188 11913.94629
6405.550781 -11280.15918 7388.583008
7466.347168 -10260.60742 11914.35254
6588.88916 -14382.5752 11066.35645
6628.467285 -9474.400391 9047.212891
6638.127441 -11388.125 9896.84668
6729.796875 -13390.74707 11247.94043
6026.086426 -11826.71973 9609.452148
6938.358398 -13215.75098 7019.191895
6477.741211 -9728.130859 10424.74902
6764.824219 -14806.60449 10292.64844
6519.293945 -8112.928223 10500.88574
7097.615234 -9281.767578 11768.22559
6580.664063 -10580.16602 11867.38867
6699.716309 -12276.64941 7017.945313
6538.220703 -9700.583008 8755.056641
6350.34668 -9584.537109 10921.12695
6962.717285 -10161.78613 9817.347656
7006.447266 -11808.58105 6777.914551
7229.739258 -14029.04492 11758.40137
7118.490723 -13858.81543 8294.250977
6220.861328 -8541.586914 10552.80957
6457.502441 -10755.33105 6929.527344
6593.430664 -8539.515625 10994.42676
7194.196289 -12594.63867 11979.37598
7711.501953 -12471.43555 11502.93848
6014.266113 -9106.19043 9189.330078
7131.289551 -11204.59766 6646.198242
6707.059082 -9844.915039 7436.203125
7646.888672 -12148.12402 10804.12793
6300.901855 -10881.65234 8831.708008
6758.425293 -10081.57617 12118.25977
7626.833984 -12154.03418 7410.024414
6553.495117 -12665.20703 7189.099609
7051.304688 -13107.74805 8463.030273
5664.068359 -9105.576172 8965.995117
7190.297363 -12005.16309 12636.06738
6735.458984 -12893.09668 7684.971191
6871.310059 -9938.012695 8611.106445
6383.325195 -12737.30762 7548.040527
6246.95166 -14250.13574 9807.223633
6721.432129 -12433.50195 11866.62695
6459.555664 -9257.801758 10671.44141
6520.926758 -11708.85645 6712.528809
6001.592285 -11016.20801 8902.064453
6258.233887 -14279.4375 9640.504883
6983.080566 -13483.94629 8069.652344
6120.295898 -12433.66406 10720.66504
7409.943848 -11719.19336 12643.27344
7280.380371 -14238.26953 11651.68555
6828.252441 -13078.5752 11628.4834
7351.772461 -10094.91992 9983.5625
6775.391602 -12036.41406 6713.479492
6592.47998 -10013.67773 7611.51709
7838.35791 -12401.73828 6943.997559
7503.277344 -13018.49316 12264.7832
6175.779785 -8356.115234 10041.71973
6330.96875 -10105.84961 11461.71484
6122.415039 -10777.50488 9756.518555
6256.782227 -12082.65918 9697.602539
7276.324707 -9657.986328 10991.02637
7035.151855 -10342.03418 9983.923828
7188.67334 -13570.69336 6739.138672
7351.460938 -11605.15527 6586.859863
6626.489746 -12792.56445 7163.453613
6120.479492 -11056.22656 9950.932617
6722.061523 -11871.62305 6624.344727
6846.211426 -12161.42969 12169.0752
6811.005859 -11759.1084 11927.53027
6932.731934 -8880.728516 10946.62695
7657.593262 -11119.63184 12612.9043
6939.510742 -11575.25488 12620.48242
6562.442383 -11278.24023 11705.47363
6978.466309 -13334.7793 11890.50488
6270.816406 -8684.834961 9136.515625
6765.130859 -11689.00781 6610.208496
6682.829102 -10293.66406 11450.59277
6961.087891 -11103.30176 11687.50098
7142.480957 -11283.95605 8767.914063
6896.649414 -9661.235352 12126.2002
6741.137695 -14639.42969 10471.76563
7192.191406 -10328.62402 11660.98438
6549.605957 -13545.80469 10327.61621
6461.229004 -8882.758789 10885.79199
7463.594727 -10748.60352 11992.91113
6507.16748 -13507.92383 7710.492676
6898.70166 -14389.81445 11951.7959
7341.686035 -11239.90723 12641.20801
7398.088867 -9604.955078 11134.40332
6870.34375 -10542.07617 11443.21582
6670.728516 -10284.91895 12533.09863
6170.156738 -12241.7334 9353.244141
6815.129883 -11206.27344 6355.750488
6301.140625 -14195.0752 7641.731445
7336.379395 -10694.72168 11739.90625
7310.227539 -10606.40137 12522.14941
7024.362305 -9251.072266 8679.261719
7183.923828 -9013.161133 12778.59375
6242.236816 -11373.19141 7809.710449
5784.256348 -8587.166992 9500.737305
6433.477539 -8600.614258 10907.40234
6098.350098 -15225.12988 9243.255859
6707.306152 -9466.80957 9232.273438
6738.162109 -9166.65625 10284.45801
7728.496582 -13075.77637 7061.867188
6618.296875 -11135.99023 11932.53613
7091.87793 -13367.30078 12162.72949
8001.387695 -9583.113281 11361.23438
7093.950195 -9669.817383 10495.96191
7144.695801 -14541.21191 8648.808594
6383.789063 -14244.93555 10364.0625
6861.050293 -14533.13281 10907.8916
6213.883301 -13680.55762 10061.74219
7525.86377 -9547.061523 12360.51563
6766.219238 -9655.09082 8817.474609
7706.871582 -14745.38574 8810.739258
5637.091797 -10004.58594 8803.511719
8268.12207 -11139.69434 12220.30762
6048.091797 -10503.81836 10671.92578
6376.481445 -13786.6875 8837.580078
6716.255859 -11987.10254 9732.087891
6547.453613 -11104.91406 10245.44531
6507.977051 -14986.58008 9325.824219
6761.770996 -8697.004883 9066.402344
6515.848633 -14736.55371 11066.75781
6661.288574 -13635.90918 11376.90234
6386.703613 -14939.55273 10366.13574
6517.754395 -11895.78906 9951.107422
6445.197266 -11568 7413.807617
7101.411133 -9705.861328 12959.84375
6721.054199 -12891.43457 10360.2666
7165.132813 -12020.44629 12720.16113
6406.98291 -12913.89844 7770.429688
6483.12207 -14694.57617 9777.03418
6639.487793 -11506.13086 10659.00586
6744.972656 -10403.07129 12056.77734
6914.80957 -8815.329102 11306.25098
7021.345703 -11159.60742 9879.876953
7016.152832 -13217.8457 7139.814453
6883.441406 -14068.94043 7691.474609
7174.991699 -9571.420898 12818.96094
6262.808105 -13236.26855 9895.230469
7295.356934 -8790.810547 12011.3916
6838.170898 -10558.42383 12478.41895
6794.481934 -11351.88867 6684.672852
7444.20459 -13679.50879 6956.779297
6845.039551 -14085.72266 9348.636719
6527.333496 -10508.21484 6667.281738
6372.853516 -10270.41016 7047.521484
6377.736816 -14632.92285 10716.08301
6855.947754 -14060.54199 10584.49707
7098.930664 -11499.69043 12884.89258
7067.684082 -12323.48633 8170.893555
7362.231934 -12588.49414 11916.5918
6461.186035 -14405.6377 10728.20801
6164.231934 -14179.44043 10563.03906
5921.835938 -9831.368164 10181.56348
6982.925781 -13414.52148 11230.7793
6447.820801 -13655.58691 10099.94043
7652.077148 -11564.35254 12482.01855
7059.968262 -8650.636719 11164.62402
6015.536133 -10726.88867 8070.093262
7193.861816 -10274.05078 13054.36035
6294.640137 -10543.0293 7359.569824
6567.015625 -8794.386719 10381.98438
6019.914063 -10012.46875 7389.959473
6408.500977 -9109.152344 10235.32227
6113.163574 -14086.78809 9711.986328
7490.603516 -12006.53516 12750.34473
5807.442383 -9850.788086 7851.672363
6584.535156 -14130.79492 10695.0332
7044.910156 -8662.283203 10976.90137
6288.07959 -10465.87402 7262.244629
7428.863281 -10189.75 11672.37402
6557.580078 -9497.53418 8604.030273
6575.374512 -11487.63867 9876.208008
6125.253906 -14215.61035 9500.113281
6510.406738 -10205.34766 6724.702148
7128.246582 -14003.11426 11387.62402
6193.059082 -13371.26758 10148.25098
7045.105469 -12034.58887 12672.82617
6619.639648 -14736.02539 10216.69336
6245.045898 -14346.53711 10490.0752
7226.512207 -13167.44531 7210.906738
6287.731934 -10193.70605 7357.477539
6486.901367 -7724.575195 11018.09082
6786.090332 -13416.4873 10357.45215
6386.251465 -14594.69531 10658.60742
6346.429199 -14870.86133 9897.389648
6629.375488 -13184.17188 10941.18066
6056.777832 -11237.19629 7717.38623
6759.984863 -9138.8125 11583.22461
6819.024902 -12821.8291 7184.262695
7152.180176 -11846.89453 12357.52734
5996.756836 -11878.32031 9290.493164
8080.766113 -11158.67871 12003.63086
6232.753906 -11220.44336 10587.99414
7217.698242 -12166.27734 12311.83789
6397.952148 -10694.79004 7727.384277
6247.388672 -13744.44238 8584.568359
7501.539551 -9119.954102 11291.47754
6179.289063 -10999.91992 9289.888672
6555.208008 -13647.27441 10181.43262
6583.736816 -12184.12109 8199.835938
6711.997559 -12940.97168 10201.3457
7104.501465 -9007.834961 12000.17871
6783.361328 -8854.15918 11091.40918
7641.401855 -12721.73828 7297.05127
6949.965332 -13792.26367 7612.845703
6318.337402 -8116.437012 9947.548828
6844.897949 -13972.4043 11424.24219
7761.094238 -8647.407227 12566.34668
6298.740234 -14407.14453 8055.423828
6674.510742 -13220.24414 7828.431641
6356.651367 -13873.45703 11164.1748
8151.677734 -10513.5 11383.09277
7655.896973 -12180.94824 12242.54199
6170.192383 -12589.70508 11041.75977
6532.59668 -13987.0791 7807.091309
7413.247559 -11785.33789 9521.144531
6611.653809 -12815.37891 11240.56934
6912.107422 -9688.204102 12711.68555
6047.814453 -14304.38281 10200.44336
6451.348633 -10845.14551 9624.220703
7342.725098 -13436.46973 7338.101563
7328.046387 -11568.41797 6939.718262
6981.891113 -10657.1709 6774.008789
6439.729492 -14453.46191 10618.58008
7222.428223 -12024.87988 8362.851563
7297.289551 -10300.71289 13001.96484
6432.731934 -15104.26953 10091.76855
6187.428711 -10300.43555 7413.958008
7170.449219 -9899.302734 12909.69824
7459.501953 -12385.55957 6370.833496
6923.251465 -14828.39844 9707.188477
6607.850586 -11705.92188 6551.129883
6431.100098 -10277.93555 6632.311523
6084.657227 -11614.71191 10616.53906
6946.605469 -12861.62402 7881.979004
6976.431641 -9784.760742 12871.37207
7684.042969 -8761.620117 6980.541504
11420.62109 -14105.14453 6544.638184
14262.75195 -12110.74023 11303.64063
8015.820313 -16964.96875 8429.587891
13804.82422 -14442.20801 9970.623047
9900.59375 -14412.95703 12665.84961
13035.74414 -11634.79785 11676.44043
11467.37402 -9754.449219 6784.841797
12378.12598 -9897.662109 12086.33887
9917.532227 -15337.36133 9645.87793
11587.42578 -11291.32422 11019.95898
10470.58203 -9804.859375 9485.151367
12415.44824 -15261.91992 11303.20996
8912.117188 -16462.93945 9162.230469
12566.55176 -10056.75684 12388.97363
7655.759277 -6396.171875 12932.23926
12580.30371 -8840.710938 12051.19922
12692.6875 -14336.19824 11320.44922
10395.05371 -12458.87695 6399.44873
8714.004883 -14885.6084 7757.324707
12554.97461 -13099.10254 7674.862793
6221.581543 -7034.557129 8944.178711
10281.7334 -7066.520508 12060.72266
9655.033203 -8255.472656 7983.365723
11805.2627 -17282.29297 7831.040039
8502.785156 -11046.14258 8057.226563
10865.39551 -15660.30273 7889.986328
9246.830078 -15416.5459 9549.824219
11427.28027 -11560.23145 10826.28516
11151.31152 -15387.5918 8940.792969
13570.44043 -9893.320313 11276.6875
9830.849609 -11691.71387 8325.492188
7282.272949 -14198.54297 7073.025879
9339.527344 -15602.08398 11826.15723
13016.41797 -12442.68262 11963.10547
12964.61914 -10599.89648 10044.45508
9128.771484 -15807.48535 10047.80664
11295.68652 -16367.37988 11497.70898
11145.34473 -8094.453125 12299.21387
10013.64551 -16051.57324 8537.576172
12080.71289 -9509.644531 8387.007813
9308.613281 -7363.526367 12284.70313
11581.00879 -12060.27832 12231.77051
14321.06738 -11384.76563 8027.148926
14260.03223 -11019.23926 8896.798828
11307.68945 -16061.34766 11756.82227
10374.0625 -9505.577148 7302.535156
7892.022949 -10162.22949 13492.93457
11250.52441 -11286.88574 10940.96582
13606.31348 -10205.32324 8648.429688
11886.59473 -9788.825195 7565.459961
10368.13281 -15670.93359 7427.286621
9153.979492 -6836.13623 9381.085938
11936.58887 -10843.90625 9993.974609
10121.67871 -8791.447266 6127.376465
10480.08398 -15183.58594 7408.992676
6995.86377 -11135.26172 6488.903809
13225.3916 -14281.96582 10766.03223
10509.34375 -13411.59961 7328.929688
13063.29492 -14599.34863 11174.7666
10138.4248 -7005.129883 12041.26953
12296.93945 -8478.697266 7619.140137
13757.2998 -10526.48633 10839.34961
12540.11523 -17445.11914 8613.834961
11235.65234 -12385.83008 10550.83496
11561.41992 -13548.19238 10365.13281
11848.22949 -10457.92285 10129.43555
6557.141602 -15947.59473 9343.287109
6253.327637 -13392.1123 8099.102051
11392.50098 -15264.05762 8402.84668
13150.80371 -8658.15918 10713.94531
9995.707031 -14935.66309 12454.43652
12330.43652 -12600.82422 7434.851563
11251.87207 -11755.88574 9330.243164
10091.59668 -14421.15234 7932.402832
12556.51758 -10590.46777 10519.14648
8819.37207 -7019.432129 8346.581055
12515.9209 -14111.74707 11272.50684
11530.54297 -12597.08691 12565.12305
13180.3877 -9334.007813 10292.45313
8840.345703 -15297.45801 8169.272949
8801.535156 -11199.99023 8306.095703
12705.09766 -12735.55273 10717.53223
11559.27637 -12701.48145 11193.5957
10239.82813 -15101.50488 7906.956055
13044.08301 -15056.57129 11201.42969
9596.709961 -15584.0459 12157.79688
12583.87207 -8457.853516 7507.692871
11934.1748 -12126.27246 10753.62891
11756.44141 -12210.87109 12647.88184
9866.751953 -8462.661133 7398.932617
13380.78418 -11820.77539 10667.38867
8796.172852 -14430.14258 6936.408203
10301.00488 -15110.22266 8790.21875
9784.15625 -10721.0127 13742.49414
13248.86328 -11416.11816 9970.884766
9755.663086 -7383.572266 6641.669922
10405.1709 -12234.30371 5437.384766
13089.16211 -10105.39746 10827.20313
9533.50293 -14658.33691 12348.77246
12301.01953 -8980.143555 8549.609375
9174.735352 -14889.60156 7540.689941
7517.29834 -14494.44238 6649.60498
6696.319336 -13095.49414 7174.970215
10991.24121 -11206.74902 9558.75
13290.6543 -8742.227539 8760.630859
13443.75684 -10568.09473 10912.05273
14236.55273 -11062.96973 10554.23242
9387.322266 -11815.63379 13535.76855
12392.87695 -16835.98633 8445.112305
8801.433594 -10216.34473 13460.52441
12369.6875 -12377.09668 12218.43457
12741.48047 -17302.88281 8957.640625
12541.26172 -14739.13477 11288.04199
13391.64453 -11825.23145 11090.3584
9211.694336 -8308.68457 7728.933105
8327.290039 -11143.1084 7873.734863
8360.853516 -7827.015625 5789.916504
13539.59082 -11501.27051 10169.87402
12746.43457 -11423.61133 10717.00195
14395.19238 -14771.02344 8966.635742
12387.85547 -8778.885742 7657.950684
9036.65332 -11995.34473 5541.987305
12110.07617 -9278.370117 7763.437012
13556.79688 -10403.03027 10741.93945
13684.03125 -10018.50977 9223.158203
8758.74707 -7430.171387 8923.210938
10020.30273 -16049.62109 9383.300781
11381.14746 -11425.18359 11064.14648
11693.52344 -16528.82031 8216.50293
8703.058594 -10621.44629 8470.830078
7466.490723 -10498.49219 6007.404297
11608.3418 -7317.600586 8551.631836
7365.925781 -9781.577148 6100.379395
9144.183594 -6382.533203 10379.52148
8522.950195 -11520.14746 8195.808594
13142.24219 -16249.44727 10635.27051
13491.70508 -10336.80176 9563.990234
11742.25391 -12729.64844 8149.714355
11001.27734 -16031.20117 11406.34375
10015.54004 -12942.70117 6992.289551
10748.66895 -12187.34473 6267.725098
13064.06055 -10355.01367 8999.890625
11292.58105 -12939.57324 9285.874023
10893.14844 -8722.105469 6863.46875
12939.01074 -10448.57715 11994.11523
9850.023438 -8290.967773 7075.694824
12170.25586 -16116.35645 10694.97266
11885.25293 -17290.41406 10352.26172
12127.48535 -9842.130859 8823.790039
9056.540039 -7322.083984 9665.412109
11860.8877 -11800.60254 10693.56641
11123.02637 -17626.80273 10535.91016
12981.33398 -11839.07422 10284.97363
12203.11719 -13801.62891 7907.961914
10886.30762 -8395.416016 7129.788086
11130.20117 -14087.96094 8570.116211
8644.479492 -6622.288574 10061.83008
9899.354492 -13526.00781 6458.983398
10083.64844 -10016.00977 7943.804688
8127.851074 -15641.39258 10704.39551
11417.07617 -14103.9834 7955.147461
7937.911133 -11119.76758 8931.831055
10978.71582 -9136.983398 6483.973633
9886.391602 -8644.791992 12951.64453
8736.518555 -15195.30078 9607.275391
11761.82617 -7259.445313 9034.347656
10211.39844 -13830.75586 12910.85938
10453.07324 -15044.56738 9311.500977
12008.02734 -13187.1123 11565.1582
6619.207031 -13399.64355 7399.303223
13458.15527 -9990.889648 8664.833984
12571.99121 -14487.96387 10963.9209
8627.918945 -8403.129883 6120.444824
10249.7334 -8960.325195 8835.136719
10854.69629 -13026.48633 7070.865234
11268.46484 -10487.61621 8857.082031
10942.03809 -9951.594727 8040.566895
14035.10449 -11497.93945 8158.926758
9143.651367 -11484.86621 5538.638672
9994.290039 -9811.075195 5578.945801
10045.22363 -8720.875 7335.817383
11824.82324 -16899.68945 7843.027832
12202.07324 -14171.3252 8229.220703
12431.86426 -9285.050781 7149.459473
12519.58301 -14138.91602 8063.98584
8331.694336 -17001.13477 11514.40918
9994.140625 -10240.93457 9652.583984
12045.03711 -9178.172852 12377.80566
11714.875 -8972.320313 9851.039063
11846.08203 -15583.13574 10590.74121
12560.75488 -10082.53711 10287.23926
12671.84863 -8165.838379 8503.949219
12776.35059 -16938.28516 7744.613281
13058.12793 -10262.60645 10815.17969
9503.873047 -16677.41211 8448.766602
9206.789063 -6722.213379 10932.55176
6201.617188 -14476.42285 10422.80957
13301.45215 -13214.5293 11489.08105
10197.11035 -9655.368164 13180.0752
11424.66113 -13313.52441 8282.333984
5712.9375 -9229.251953 8644.595703
6409.419922 -12829.09961 7314.581543
8048.024414 -9046.276367 13511.22168
10817.49316 -17339.78711 10588.54102
12784.42285 -12506.9248 10747.4209
11739.42383 -16619.67188 11099.93457
10781.05957 -9481.976563 9371.170898
11388.88184 -14036.45801 11510.07813
9115.495117 -10329.76465 8121.475586
11124.9668 -16131.26172 11222.56055
13807.02441 -11265.83594 9188.564453
13337.13672 -14697.62695 11156.27832
7911.958008 -10863.09277 6013.125
10449.96777 -9036.244141 13037.16504
9351.645508 -10208.95117 8029.640137
9668.800781 -13910.34863 12383.91406
11109.93848 -10234.29395 7831.29834
11353.71777 -14507.52441 8046.403809
9929.431641 -7692.560547 7822.895996
10216.37988 -13808.2041 7096.037598
11534.77734 -10779.35156 9709.633789
11113.03027 -12550.45703 12163.08301
12305.68945 -12237.55469 7231.551758
14806.16992 -12031.4707 9808.115234
12673.89063 -8072.71582 8630.349609
14648.07129 -11025.7168 9953.477539
12135.54492 -10801.53027 12610.42969
13186.18848 -14860.31445 7442.117188
7916.753418 -6432.647461 11876.8125
9648.272461 -14853.66699 8796.863281
12844.07813 -9306.522461 9672.155273
13250.56934 -9867.172852 8612.163086
11956.5918 -10269.38379 6752.181641
7969.274902 -15170.43262 6453.276367
6477.245605 -14738.80762 10706.21289
6167.803223 -7008.65918 8896.275391
13515.53711 -9241.527344 8965.178711
9770.44043 -10573.3584 13690.55957
6563.260254 -13640.55273 7661.918945
6183.553711 -6786.10498 10374.78223
8911.12793 -15713.75195 9385.646484
11257.0752 -6914.782227 10004.40039
10395.79297 -13987.6543 6330.003906
8055.245117 -15724.6709 11297.92383
12387.6084 -14040.70508 8289.370117
10863.31445 -10459.72266 6725.3125
11106.77539 -9733.149414 12993.7168
10214.4248 -15262.82129 11958.29492
11814.15039 -8944.442383 9855.02832
13019.29688 -11079.06445 9787.651367
8095.682617 -18084.39453 11102.92773
12684.95801 -13432.19238 9732.179688
10153.91699 -9851.108398 9717.257813
11443.13086 -11200.58594 11162.8877
11185.60449 -7211.367676 8603.415039
