5761.001953 -10645.25098 9563.833984
5777.267578 -10719.71875 9788.573242
5816.472656 -10972.87012 9618.65625
5742.25293 -10705.21777 9241.143555
5748.203125 -10612.6709 9924.085938
5699.217285 -10253.80566 9403.564453
5767.856934 -10853.32715 9306.65332
5799.214355 -10817.43066 9751.595703
5750.61377 -10654.9375 9346.384766
5696.58252 -10335.94141 9251.509766
6292.286133 -11608.36328 7332.475098
6366.591309 -11811.74902 6831.566895
6263.893066 -11451.00977 7259.692383
6382.3125 -11588.82129 6866.713379
6384.038086 -12242.5957 7143.217285
6368.272461 -12200.21582 7293.244141
6379.572266 -12144.24023 7082.768555
6406.879395 -12231.03223 6957.601074
6130.855957 -11727.86523 7512.219727
6369.224121 -11989.41797 6960.126465
6343.354492 -11110.74316 11662.47656
6430.501953 -11118.36914 11998.49219
6526.525879 -10960.15137 12228.5166
6423.723633 -11017.85449 11989.32617
6388.401367 -10799.63379 11944.33887
6399.866699 -10641.76953 12076.03125
6366.666016 -10899.57813 11789.46484
6524.855469 -11140.33496 12179.15723
6376.96875 -10430.33105 12140.92188
6348.978516 -10714.29395 11831.67871
5967.862305 -13359.71582 8667.019531
6010.808594 -13901.375 8815.695313
5983.623535 -13515.4375 8796.570313
5911.719727 -13168.52344 8918.294922
5996.782715 -13924.15234 8924.257813
5937.355957 -13215.59668 8763.035156
6090.825684 -13619.76855 9133.822266
6107.085449 -13523.8916 8888.270508
6084.913574 -13706.27539 8988.818359
5925.578613 -13567.15039 9227.510742
6170.691895 -12955.38086 7627.664551
6158.568848 -13626.0957 7563.435547
6119.358398 -13591.86035 7806.90625
6269.776855 -12968.35938 7417.300293
6186.421387 -12787.33008 7610.983887
6360.351074 -13414.20117 7307.423828
6272.853516 -13118.23926 7400.550781
6133.786133 -13243.23926 7865.59082
6166.820801 -13493.98535 7546.213379
6348.835449 -12959.17676 7304.625
5605.199219 -10521.20801 8429.170898
5748.779297 -11061.36816 8635.865234
6212.868652 -13358.18457 10912.98047
6159.697754 -13736.8916 10876.98242
5989.547363 -8018.345703 7770.09375
7818.78125 -14211.49707 6376.720703
6572.835449 -6364.405273 10910.23926
6560.40625 -7448.728027 11884.92188
7447.825195 -15672.39355 7176.678223
8283.053711 -9634.508789 13672.66016
7628.39502 -14752.38574 12310.13281
6006.623047 -9126.481445 6868.933105
6207.256348 -7017.360352 10692.14453
6940.905273 -15347.42383 6920.69043
8521.293945 -13904.32813 6098.641602
8351.224609 -13155.36719 13195.52148
7362.64502 -15388.51758 6782.043457
7206.87207 -15433.24902 6929.208496
7900.5625 -11810.89551 13314.98242
8841.720703 -12256.33496 13601.65039
7044.382813 -7751.197754 12865.99902
8193.976563 -11644.37012 5335.780762
5986.656738 -6645.812012 9698.964844
6940.365234 -6958.510742 12526.45801
8766.266602 -13895.7627 6038.263672
8503.265625 -13901.50977 12963.61426
8114.837402 -9913.637695 5663.219727
7363.975586 -10475.95703 5875.442871
6947.843262 -6347.1875 11465.23535
6914.075195 -15986.10059 11327.73926
7594.040039 -11130.79688 13420.7666
7126.617188 -9846.237305 5856.837402
7478.761719 -13035.20996 12807.13184
6643.051758 -6369.674805 11068.69238
6527.178711 -6436.900879 11100.06445
7249.19873 -15565.57617 7093.82373
8516.140625 -10711.30566 5433.742676
5799.708984 -8404.320313 7476.483887
6026.375977 -8823.46875 6809.946777
8424.724609 -9949.748047 13730.48926
7555.499512 -7634.869629 13060.52637
7549.275879 -13178.95215 12817.19727
8103.442383 -15286.37012 12384.85742
8806.604492 -10563.0498 5369.078613
6205.064453 -7260.96582 10492.93262
8120.61084 -11007.63672 13602.41602
7534.016602 -13656.62793 12656.90723
5857.989258 -6971.38623 9509.855469
6930.653809 -15529.77344 7499.767578
8269.763672 -10258.76563 5581.55127
8475.40918 -10157.32031 5540.617188
7460.532715 -13486.58887 12665.13184
8611.973633 -9931.958984 5531.509766
6980.939941 -16092.97266 8339.500977
8030.266602 -12160.48828 5620.208984
8596.425781 -14461.18066 6492.942383
8412.326172 -9402.951172 13640.45801
7531.13623 -12215.80957 5877.941406
8463.384766 -13997.63379 6182.411133
5616.351074 -8588.047852 8482.455078
6788.95459 -7488.767578 12730.75098
8814.950195 -14055.05957 6190.763672
5674.663086 -7855.466309 9221.272461
6810.074707 -14960.99512 11385.88477
5885.508301 -8719.467773 7041.931641
7009.763672 -15660.7627 7493.314453
7761.43457 -8244.960938 13305.31738
7209.854492 -8183.027344 12950.75586
6981.009277 -15942.47461 11488.31348
7147.555664 -14536.56445 12100.74316
7218.420898 -6651.422852 13121.60156
8649.603516 -11167.94336 5316.557129
7127.456543 -6763.354492 12949.81348
9007.173828 -8593.911133 13571.04395
7358.818359 -9449.143555 5741.42041
6975.758301 -15576.63086 11434.99121
5918.852539 -6772.95752 9565.387695
8599.699219 -14205.52734 6322.700195
8563.662109 -9872.009766 5557.039063
6238.547363 -9311.458984 6593.28125
6622.589844 -7389.975586 12264.42773
7195.850098 -15679.32129 7285.00293
7489.70752 -9421.264648 5707.724121
8432.696289 -10167.65527 13741.62598
7529.395508 -7217.188965 13134.82422
7954.030762 -14807.32227 12407.20117
8648.930664 -8016.836426 13163.12207
8193.927734 -13247.74219 5896.693359
7713.33252 -11148.05469 13454.30664
6884.490723 -15013.91992 11429.09961
5912.403809 -8570.306641 7028.728516
6674.590332 -16115.82324 9376.116211
8765.444336 -12497.24512 13491.05273
5818.893066 -7112.894531 9416.799805
6742.15625 -6606.84375 11691.12207
6957.018555 -16267.28125 9745.603516
8209.758789 -13536.80176 6002.93457
8488.879883 -8159.108398 13293.37402
7346.401367 -15796.2207 7441.125
8608.768555 -13850.48438 6032.987793
8634.983398 -10023.25 13750.05762
7960.237305 -7970.180664 13174.66895
6259.337891 -7152.45166 10732.79297
7601.600586 -7466.728516 13064.43652
7632.325684 -10039.43848 12515.1748
7565.112305 -10364.52051 12697.86133
6346.911621 -12600.97363 8890.97168
6148.918457 -12548.7627 8857.776367
13943.05078 -11775.45898 11028.56152
13776.1123 -11662.68262 11046.14844
9246.524414 -16227.57324 11508.32031
9366.873047 -16246.85645 11792.16504
7656.491699 -15902.89258 9087.336914
7367.772461 -16013.05957 9098.279297
7641.835449 -12240.05762 9971.46875
7870.403809 -12482.47461 10056.34766
9552.257813 -8420.21582 10640.70313
9370.874023 -8300.22168 10538.53711
6956.115234 -10755.85742 12087.08984
6826.770996 -10712.59961 12097.15332
8093.625977 -14778.47949 9844.453125
7926.973633 -14876.2666 9676.901367
10933.38086 -13595.23633 11867.91016
10732.97754 -13426.8125 11969.29102
10302.40234 -7452.236816 9339.992188
10117.87891 -7194.629395 9250.100586
8299.990234 -12811.55176 9772.045898
8009.339844 -12749.98145 10018.87305
6319.330078 -7703.708984 8464.780273
6230.676758 -7517.655762 8736.717773
7736.219238 -15991.69824 11994.80566
7797.581055 -16171.64453 11923.32422
8542.327148 -12598.95996 12585.75391
8820.328125 -12834.52051 12788.81445
10772.49219 -14362.80176 10950.20117
10676.13672 -14461.21094 10882.67773
7374.127441 -14427.20898 8326.867188
7605.289551 -14236.375 8258.582031
8234.299805 -7286.513184 11768.13086
8453.023438 -7495.430176 11972.86328
10398.05469 -7609.706543 11072.49316
10484.82129 -7524.931152 11132.04688
8397.416016 -14277.22461 7683.562012
8489.802734 -14316.24219 7702.880371
8374.501953 -10856.52734 11551.01758
8107.377441 -10864.34766 11767.0332
7172.794922 -9923.152344 10399.38184
7451.944824 -9751.668945 10434.48047
11773.03516 -10682.34766 12573.27246
11777.7373 -10861.48242 12607.61914
7275.941406 -11090.11133 10041.22461
6973.342773 -11176.62598 10185.2207
7147.059082 -14046.67676 10636.93066
6914.984375 -14228.99023 10458.23926
9295.702148 -8652.100586 9829.040039
9201.505859 -8661.65332 9839.297852
10263.89063 -6642.514648 9912.22168
10236.06836 -6503.191895 9958.620117
10695.16895 -11918.22754 12322.38184
10580.42285 -11771.27148 12165.95801
10281.69336 -17695.1875 10811.4668
10146.24512 -17495.54102 11117.11426
6912.184082 -10301.43945 6760.379395
6724.025391 -10090.77344 6607.812988
7234.939453 -15254.07324 7292.125488
7187.382324 -15320.31152 7459.822266
10390.16211 -11864.28516 8343.833008
10175.16895 -12139.6875 8434.53418
7044.657227 -13123.99219 9952.262695
7031.571777 -13211.07422 10232.01074
9313.527344 -11064.8125 11740.11914
9305.620117 -11139.75977 11728.60645
6356.671875 -10663.71777 10550.68262
6259.788086 -10949.83301 10703.77539
12320.67383 -8307.374023 10081.60156
12133.83691 -8214.5 10104.32813
7913.398926 -11845.66699 11301.23047
7999.874512 -12070.74219 11007.4873
9656.337891 -11063.65332 9428.067383
10038.81641 -11042.72949 9345.961914
7351.969727 -9270.483398 7893.071289
7356.295898 -9519.569336 7961.99707
9157.642578 -13457.0498 7835.670898
9288.011719 -13409.5791 8044.175293
6968.508301 -12324.48047 11442.55371
7034.885254 -12254.4082 11525.26563
9760.101563 -8313.124023 9800.589844
10045.55371 -8140.341309 9691.036133
8216.800781 -15981.16602 9077.839844
7942.250488 -15958.01367 9055.782227
12232.02344 -9771.000977 11313.37402
12200.72852 -10003.85352 11104.0791
7892.023926 -8716.624023 12695.41797
7880.947266 -8655.289063 12654.54883
9849.72168 -11675.95605 11952.18555
9764.092773 -11646.8877 12326.39063
10684.56348 -9999.737305 12682.43848
11041.93555 -10196.28516 12699.5791
6383.109863 -10333.77734 8528.589844
6595.26123 -10274.18555 8679.810547
9975.510742 -14523.02637 11178.78418
9864.899414 -14500.26855 11555.02051
7642.266113 -15978.84277 9760.837891
7623.535156 -15891.66211 9828.875977
7326.30127 -11494.92383 7170.055664
7239.112305 -11758.60645 7397.040527
10152.61133 -8446.430664 11059.96777
9987.419922 -8408.601563 11263.52832
7617.27002 -10963.51074 12463.0791
7677.226074 -11052.66504 12077.5791
8113.894531 -16815.66211 10064.14844
8119.230469 -16896.42383 9859.557617
8875.654297 -11648.42188 6945.856934
8781.392578 -11668.92773 6898.937012
11530.20313 -9974.291016 8279.288086
11294.70801 -10171.75 8327.568359
11783.9834 -13651.07324 8095.402344
11895.92969 -13621.00879 8118.745117
8408.488281 -15106.7041 10562.96387
8599.702148 -14905.4375 10593.9707
10532.72852 -10559.83887 12381.40625
10618.63379 -10741.7168 12293.73828
9983 -14334.22461 12049.12891
10079.62695 -14464.84375 12275.78418
10773.33887 -9434.861328 10435.4082
10933.89258 -9256.383789 10763.35645
5911.155273 -10122.88281 9390.125
5922.800293 -10020.05664 9382.676758
8302.826172 -14496.29297 9420.564453
8419.436523 -14187.15234 9525.089844
6283.622559 -9485.014648 9819.168945
6154.50293 -9380.456055 10193.52734
8524.214844 -9292.009766 9950.695313
8591.320313 -8905.521484 9895.680664
7858.225098 -14995.35645 10502.47656
7812.197754 -15024.57129 10571.46582
9845.033203 -14009.80566 11942.25586
9940.279297 -13974.68652 11642.07129
7502.872559 -11769.53613 11130.22461
7343.346191 -11655.12012 11196.55664
12089.28809 -14967.99609 7961.447266
12081.48438 -14894.7832 7948.573242
7972.856445 -12534.6875 12269.62207
7850.721191 -12661.66211 12530.77539
10952.06738 -10941.5498 13349.6748
11005.91992 -10918.68164 13470.75195
7991.988281 -8343.822266 9664.180664
8125.381836 -8290.87207 9687.390625
9804.726563 -14033.63965 10719.75195
9584.879883 -14167.87012 10456.13867
8854.261719 -13558.0625 12585.1582
8927.236328 -13791.61914 12581.32715
7013.652344 -7264.921875 10786.03418
6936.094727 -7220.294922 10915.98438
7760.304199 -9022.478516 12143.92285
7687.015625 -9033.625977 12487.4082
7454.814941 -11755.88379 12832.54492
7250.424316 -11796.2168 12570.39063
9670.365234 -17201.83203 8654.708008
9523.438477 -16967.58594 8838.540039
6977.94043 -15965.47168 8668.456055
7220.873047 -15912.03223 8845.118164
7774.824219 -9847.322266 12935.8916
7754.528809 -10038.44336 12920
12187.74805 -13804.39355 9668.829102
12293.2002 -13731.32813 9713.771484
6878.406738 -13203.79785 7777.217773
6822.775879 -13262.66309 7812.345215
9194.642578 -7745.527344 9121.506836
9096.425781 -7750.064941 9059.022461
7352.698242 -9910.577148 11963.72266
7384.640137 -10085.29688 12079.77734
9794.587891 -11768.37793 11181.39258
9720.952148 -12115.12109 10987.9209
7451.767578 -13941.86426 11064.46973
7594.900391 -13992.64258 10983.9082
8550.071289 -10302.30469 11130.06836
8385.899414 -10071.72949 11329.50293
8595.319336 -11480.7998 12556.42871
8448.439453 -11736.32715 12646.28809
7115.827637 -7572.981934 8716.695313
7244.466309 -7627.658203 8650.043945
8707.666016 -8686.806641 8652.765625
8687.104492 -8535.564453 8690.499023
9792.283203 -12031.64844 9271.527344
9714.871094 -11884.21387 9108.157227
9420.473633 -9248.177734 9018.035156
9193.816406 -8972.74707 8989.385742
6255.902344 -11798.1875 10793.26953
6366.396484 -11735.40234 10695.58887
7903.953613 -8690.53125 7283.429688
7930.452637 -8663.683594 7345.755859
9221.542969 -11762.45508 5904.491699
9433.807617 -11889.16113 6022.202637
10951.2666 -14335.20215 7568.506348
11064.58398 -14266.65332 7493.76123
6437.337891 -9303.69043 9346.271484
6358.617676 -9209.199219 9191.638672
9273.459961 -12591.60742 6447.749023
8974.482422 -12645.80664 6274.842285
9329.93457 -15052.41016 9396.901367
9512.227539 -15055.79199 9397.672852
7266.955078 -7343.236816 11638.9082
6904.171875 -7429.739258 11508.41699
9066.073242 -9529.427734 10443.78906
8914.556641 -9303.945313 10403.67871
7430.371094 -9567.433594 11746.02734
7680.262207 -9295.051758 11689.0791
8639.100586 -16078.06934 11500.08594
8457.941406 -16294.77832 11733.6748
8267.712891 -12493.81055 10906.17578
8117.378418 -12716.66602 10891.91895
7517.050781 -15129.71387 11950.78223
7566.969238 -15419.87598 11974.01465
10197.67773 -11819.17773 13203.85254
10234.17773 -11784.39844 13056.14258
10572.79492 -8941.985352 9851.037109
10628.71973 -9239.621094 9783.050781
11827.10352 -8560.378906 9364.385742
12199.96387 -8581.168945 9403.798828
12392.02441 -9532.750977 11837.84277
12558.7041 -9264.68457 12103.61035
8433.931641 -13214.54004 6398.959961
8611.932617 -13236.36621 6576.820801
12585.29492 -8402.283203 10672.26855
12510.25781 -8392.014648 10764.24316
6795.392578 -11830.33105 10062.19238
6569.428711 -11571.52734 10028.51855
9642.431641 -7916.652344 10486.35059
9837.831055 -7722.850586 10648.39453
7299.01123 -12585.0166 12207.39063
7203.258301 -12466.96387 12118.3457
10085.78027 -13312.5918 8503.59082
10258.12598 -13497.29883 8505.006836
8842.953125 -8587.150391 11983.45313
9087.253906 -8753.990234 12081.9707
11974.03418 -8759.394531 10386.54004
11882.67871 -8667.932617 10548.49609
8266.117188 -12503.08496 6338.083008
8095.081055 -12698.69043 6031.181641
7192.453125 -12721.43652 9074.777344
6899.5 -12673.45605 8905.78125
8212.431641 -7709.853516 10040.8291
8202.704102 -7910.621582 9865.160156
8040.027832 -14870.93164 8820.25293
7898.953125 -14955.63086 8723.598633
7789.930176 -8217.355469 12639.6748
7764.252441 -8325.381836 12525.21777
8843.754883 -11883.6748 12272.31152
9231.542969 -11863.81738 12217.78613
7920.861328 -12525.32422 9389.834961
8035.596191 -12544.51367 9428.628906
7313.296387 -9229.836914 7557.887207
7220.835938 -9202.714844 7441.538086
8738.928711 -15824.89648 7345.493652
8584.516602 -15861.37402 7653.134277
9503.842773 -6696.086914 11580.85254
9797.485352 -6619.70752 11472.06445
6376.588379 -14066.67578 8198.821289
6577.13916 -13945.18066 8180.489258
6271.557129 -8091.53418 7126.918457
6488.228516 -8048.39502 7140.995117
7507.083008 -7561.774414 9436.75293
7605.986328 -7584.481934 9320.307617
9575.72168 -10776.29297 8945.842773
9952.451172 -10637.76563 9018.803711
6511.071289 -12889.6709 10725.31543
6792.763184 -12607.36914 10675.01758
8299.444336 -7603.986816 9255.980469
8200.642578 -7602.01709 9178.830078
6748.874023 -13564.91406 10875.87695
6453.710938 -13479.51855 10835.40137
10259.77734 -9344.695313 12691.19922
10339.70801 -9246.018555 12368.78809
11550.50977 -9154.991211 11265.00781
11768.91504 -8910.776367 11242.64551
8600.564453 -11494.10742 11297.20996
8574.380859 -11651.03906 11560.30762
6286.477539 -8955.460938 8668.416016
6403.841797 -8958.637695 8751.175781
10644.3916 -11657.73633 11923.19141
10470.36426 -11538.70117 11783.22168
10308.26855 -7591.415039 9859.875977
10387.01465 -7749.147949 9821.34668
7968.265625 -11087.72754 6473.881836
7590.047363 -11062.70898 6487.168457
11131.07813 -7289.795898 11030.39453
11114.125 -7555.95752 11019.66016
7986.724609 -14383.67676 10827.89063
7814.649902 -14645.35449 10669.90039
9714.841797 -12685.58105 11120.54883
9436.022461 -12669.44629 10931.13672
10968.3252 -13686.22656 9545.686523
10848.20801 -13789.53027 9619.837891
9482.086914 -10359.02441 11351.78613
9347.666016 -10396.15723 11138.9668
6942.510254 -8630.486328 9455.982422
7106.220215 -8624.428711 9513.829102
6103.401367 -10136.01367 7046.23877
6189.306641 -10143.43652 7061.506348
7973.988281 -12870.87402 8025.380859
7953.384277 -12632.19922 8360.146484
6487.638672 -10383.97949 10165.05078
6181.97168 -10100.49707 10164.19336
10018.52734 -8996.384766 11802.70996
9917.094727 -9033.158203 11782.11426
7793.15332 -16046.81738 10876.96191
7900.513184 -15863.30078 10953.80566
11380.40527 -7878.108887 10337.74023
11509.92578 -7867.202637 10451.8623
9817.045898 -9122.459961 10203.1748
9914.972656 -9332.293945 10388.59863
8056.340332 -9337.612305 10472.71094
8028.760254 -9255.714844 10280.4873
5994.629883 -11926.40918 8561.264648
6275.653809 -11782.29688 8426.245117
8436.012695 -13197.61523 10952.92871
8348.135742 -13177.43164 10847.33887
10094.68945 -10286.71777 10643.12891
10438.51758 -10373.00098 10577.00391
8500.322266 -7518.909668 7751.083984
8403.208008 -7848.566895 7665.444824
8804.429688 -9434.93457 12821.90332
8759.570313 -9113.101563 12893.49707
7049.112305 -8370.485352 6794.199707
7144.242188 -8376.319336 6863.800293
8275.551758 -15771.65234 11905.44434
8114.684082 -15621.53711 12125.07227
9411.572266 -8546.233398 11201.18164
9357.074219 -8634.811523 11159.76563
9709.103516 -14216.68457 9639.266602
9460.40918 -14257.23047 9344.452148
9855.196289 -10785.73242 11237.92188
9844.901367 -10608.97656 11063.30664
12473.12207 -8297.161133 11027.65137
12449.00195 -8132.574707 11115.09277
6587.729492 -7243.837891 9066.12793
6480.678711 -7554.69873 9240.120117
10688.47363 -7405.102539 8321.413086
10593.50098 -7280.036621 8153.573242
7034.129883 -9922.460938 12623.81055
7076.177734 -10114.72168 12803.86133
5816.711914 -8155.537109 9410.135742
6144.180176 -8269.87793 9246.652344
7695.703125 -6949.028809 8932.329102
7660.411133 -6902.381836 9219.618164
7063.84082 -14375.27734 7560.687988
7070.174805 -14525.75977 7288.553711
10520.7207 -12627.81738 11050.20898
10294.42578 -12904.3457 10923.60547
6716.386719 -11698.37207 11687.42285
6923.206055 -11661.82715 11777.07715
10066.40234 -11415.12988 8670.063477
9986.530273 -11405.05176 8677.068359
6497.308105 -11298.72168 8294.507813
6510.308594 -11039.89941 8132.075684
6768.644531 -14493.37988 9196.117188
6865.890137 -14426.03125 8952.522461
9667.037109 -12304.91992 11474.26855
9903.444336 -12371.05176 11281.31445
9380.543945 -9191.807617 10564.82617
9238.735352 -8937.082031 10726.97168
8640.269531 -8209.932617 6976.626953
8723.317383 -8307.197266 7070.469238
10329.23438 -12569.71973 9009.490234
10152.27539 -12830.19922 9113.977539
11131.32422 -10781.4668 10334.09961
11295.49512 -10872.42578 10207.35254
9797.470703 -9095.857422 7654.796875
9786.709961 -9134.713867 7940.817383
9905.664063 -11547.52148 9835.229492
9863.540039 -11498.08301 9652.092773
11845.79785 -9225.749023 10630.60742
11859.99219 -9266.904297 10820.63867
7861.080078 -7427.495605 11810.16406
7611.07373 -7312.895996 11558.69922
8357.217773 -11997.74805 8593.214844
8716.251953 -11939.77539 8544.436523
11606.3584 -7667.248047 9826.423828
11687.34961 -7469.83252 10063.55762
7294.686035 -7723.84082 12377.67285
7498.00293 -7874.026855 12519.3457
9015.006836 -10101.62402 11013.93555
9067.02832 -9767.492188 11026.7334
10327.22168 -14261.46289 8705.989258
10409.17773 -14559.78809 8815.163086
10505.69141 -11758.67773 9335.141602
10611.06055 -11906.82715 9250.422852
10129.99609 -10871.87305 13521.46289
10398.4502 -10607.28418 13401.84766
7285.51709 -6841.457031 10999.84961
7160.736816 -6568.243652 11101.71191
8440.832031 -15298.77246 9131.72168
8524.580078 -15292.71191 8890.179688
8804.520508 -9278.924805 11413.27051
8743.075195 -8910.426758 11293.50098
10702.9707 -12026.07422 10301.50781
10796.72363 -11740.54199 10186.27441
7006.015625 -8471.907227 9890.821289
6984.358398 -8210.775391 9754.779297
7796.954102 -15337.68066 8336.024414
8007.421387 -15220.6084 8099.362793
8841.844727 -11825.28613 13183.90234
8529.90332 -12015.89258 13351.16504
10305.55664 -8666.237305 6817.475098
10324.00293 -8457.115234 7163.220215
10626.58105 -14835.08008 11935.91895
10448.10645 -15005.55078 11955.76563
9549.469727 -13465.88281 9566.873047
9819.838867 -13161.72559 9476.03125
9416.181641 -11128.87402 9066.354492
9353.5 -11276.9668 9232.144531
7420.530273 -11967.88086 12110.79688
7466.178223 -11828.31934 12138.21191
7609.881836 -10025.9502 7048.931641
7665.48877 -9863.035156 7186.207031
8664.418945 -7509.103027 8403.461914
8931.979492 -7384.496094 8623.429688
8226.887695 -10899.69043 13288.44922
8566.3125 -10777.74414 13142.18945
10658.31934 -13232.87598 10936.67773
10593.45508 -13198.875 11118.53711
8873.875977 -17003.73633 11609.3125
8991.905273 -16954.24414 11462.76953
9566.993164 -6921.680176 8023.29248
9206.953125 -6794.897461 8015.530762
12897.83203 -10176.37402 11094.57715
12836.62988 -10003.12305 11256.38379
8507.982422 -7886.396484 12428.70703
8436.894531 -7738.228516 12407.51563
6687.681152 -12367.06445 7698.279297
6935.445313 -12249.74316 7689.580078
10477.38672 -7627.963379 10543.7959
10527.08203 -7801.623047 10823.2041
8022.246582 -7606.232422 12353.55957
7710.439453 -7457.930664 12347.16016
7205.699707 -12448.69336 9864.920898
7004.571289 -12757.48828 9693.401367
12139.19043 -8982.764648 11703.00391
12259.8457 -9238.806641 11690.54883
6872.493652 -8553.277344 6264.141113
7088.313477 -8241.080078 6423.419922
7300.316406 -12612.60938 10441.73242
7078.79834 -12774.92969 10439.7627
7475.779785 -14421.31836 10111.49316
7585.666504 -14304.90527 10244.72949
6069.46582 -10261.85059 10528.47461
6085.018555 -10013.89648 10766.17188
7716.311035 -13624.68262 7845.059082
7639.775391 -13738.69531 7937.174805
9445.099609 -14391.80664 11232.70898
9345.335938 -14647.08008 11200.74219
8304.253906 -9215.541016 11106.96973
8054.160645 -9309.408203 11113.1377
11606.69531 -11723.81445 12866.08594
11708.2832 -11675.28516 12525.38281
6592.922363 -12445.16797 8097.385254
6794.807617 -12442.73926 8446.020508
6464.413086 -8607.873047 10384.48926
6453 -8356.723633 10563.23145
11315.6543 -12956.95801 9590.878906
11485.50293 -12913.8584 9553.450195
10721.83789 -14267.26855 11855.98926
10841.96289 -14115.93555 12203.4541
9988.987305 -10971.4873 11398.05859
10005.4502 -11181.74902 11407.96387
12667.12988 -11544.39453 10324.97363
12890.41797 -11689.85547 10620.41211
6902.814453 -15070.80762 8286.762695
7034.904785 -15008.35254 8625.674805
7248.073242 -7562.057129 9117.094727
7308.87207 -7617.326172 8906.915039
6635.183594 -7680.751953 9981.240234
6528.797363 -7584.348145 10234.68262
7108.712891 -10202.22461 11063.71289
7174.402344 -10322.00977 10907.05957
8281.464844 -10940.54199 12783.94043
8302.850586 -10961.09668 12845.22168
8482.964844 -7282.708008 10766.5498
8704.587891 -7469.510742 10727.95508
9851.254883 -6989.758301 8392.892578
9889.071289 -6776.569824 8098.416992
7535.175781 -16181.69434 10128.98242
7522.694336 -16068.36914 10520.36426
10916.16113 -12025.09668 7824.711914
10924.76758 -11931.46094 7969.85498
6956.518555 -9166.744141 9664.003906
6813.39209 -9188.243164 9726.540039
7414.824707 -6517.977051 12077.91699
7450.125 -6599.00293 11947.35742
6777.370117 -16020.19141 9936.449219
6767.820313 -15823.57031 9823.212891
6605.378906 -9931.053711 11059.11035
6409.489746 -9854.405273 11293.88867
7850.152344 -6562.26123 9885.470703
7796.460449 -6536.033203 10017.70508
6618.030762 -13568.24609 9384.788086
6697.597168 -13231.00684 9522.838867
6451.270508 -15119.28223 9182.374023
6435.880859 -15175.4668 8895.395508
6923.875488 -10724.91016 8354.996094
6871.807129 -10901.6875 8216.847656
8905.004883 -11006.25488 11769.64258
8811.499023 -11118.71094 11717.10059
7015.126953 -7355.817383 9671.858398
7015.228516 -7296.196289 9497.59668
6560.142578 -9155.37793 10609.18262
6588.252441 -9232.478516 10559.1582
9060.664063 -10934.96191 13327.88477
9172.921875 -11176.58398 13128.9209
7689.763184 -12355.17969 7765.331055
7864.655762 -12522.08594 7545.585938
8408.49707 -10042.16699 8356.507813
8270.735352 -10090.53613 8203.264648
13192.14355 -9184.06543 11190.8623
12994.64844 -9430.638672 11115.28223
8450.154297 -8900.202148 10808.98145
8519.422852 -8925.170898 10546.25195
8372.942383 -9622.431641 11977.77734
8466.408203 -9614.522461 12010.39453
7773.130859 -10798.0625 7024.305664
7617.273438 -10791.89355 7410.123047
10672.2002 -12567.75977 12485.58301
10340.47656 -12622.37891 12634.7832
7197.482422 -15363.70703 8748.529297
7371.862305 -15189.24707 8533
5859.373535 -10337.71973 8181.972656
5982.046387 -10194.4541 8193.724609
12279.13379 -12547.48047 9635.230469
12002.7998 -12361.00293 9632.304688
7407.786133 -8403.314453 8277.885742
7626.010254 -8199.923828 8143.310059
9144.527344 -8286.918945 12466.41504
9112.727539 -8163.817383 12545.19434
8518.194336 -13396.4082 9556.228516
8344.930664 -13497.47168 9750.611328
6877.809082 -11835.72168 9028.125
7030.836914 -11685.28223 9167.650391
8665.164063 -13132.3291 12724.38379
8616.671875 -13490.77832 12807.40918
10362.47266 -13415.80078 9320.568359
10312.44727 -13467.11523 9384.910156
6708.864258 -6695.125488 10002.19336
6715.158203 -6562.842285 9933.384766
8263.986328 -8055.679688 7281.962402
8125.177246 -8101.842773 7333.703125
6914.864746 -8151.803223 11417.06445
7003.641602 -8154.807617 11614.32422
7595.829102 -9254.362305 12920.96094
7307.163086 -9136.341797 12999.4834
9503.990234 -13326.94043 7512.475098
9539.385742 -13396.79492 7445.277344
6055.156738 -10913.53027 8639.827148
6017.314941 -10614.92676 8580.661133
7348.024414 -10977.9209 7124.980957
7107.009766 -11192.77734 7107.612305
6107.597168 -8338.489258 8643.268555
6013.357422 -8304.203125 8402.722656
8334 -14392.01465 10856.33398
8484.481445 -14364.98047 10520.25684
10289.65918 -16698.36328 8671.727539
10217.16992 -16704.23633 8858.290039
10778.03906 -15988.19434 8779.444336
10563.12305 -16061.2334 8493.300781
11111.68555 -8461.342773 10559.31348
10996.33691 -8407.830078 10708.53711
6233.163574 -10894.79785 7470.094727
6228.657227 -10984.5625 7386.041992
8622.094727 -14859.33691 7419.353516
8337.484375 -15077.0332 7269.067383
11115.29004 -11226.96875 12268.64258
10911.68066 -11074.96289 12076.60254
8388.363281 -7645.513184 7009.866699
8143.776855 -7678.89502 7299.40918
6618.419922 -9228.499023 6940.583496
6506.101074 -8889.436523 6830.84668
8111.903809 -9260.888672 11603.93164
8223.167969 -9188.504883 11558.96484
6559.935547 -8643.564453 7997.570313
6499.842773 -8431.905273 8026.402832
6389.408691 -12129.71484 11268.66406
6551.06543 -11775.98926 11263.63672
7103.580078 -12828.00684 8322.702148
7225.626953 -12900.34277 8000.270508
10500.55078 -8467.522461 11982.62695
10220.06348 -8651.375977 12050.53223
11775.44824 -14188.93848 9198.955078
11565.28613 -14509.71973 9066.458984
6808.347168 -7359.825195 8111.87207
6870.021973 -7396.013672 8080.183594
9111.043945 -14350.49414 7722.165039
9430.597656 -14235.21582 7555.311523
14097.8418 -10908.7959 10278.90332
14352.88672 -10758.78223 10566.55078
10949.17383 -7432.808105 9556.413086
10686.06152 -7707.236328 9516.290039
7328.057617 -12404.14746 11084.76074
7506.871094 -12644.55469 11140.19141
8383.710938 -16069.79004 8167.234863
8443.15918 -15795.75977 8044.981445
7439.582031 -16020.69043 11258.89453
7255.86084 -16019.69141 11305.93555
10202.51367 -7223.544434 10425.21094
10211.32227 -7304.405273 10596.05078
7667.145996 -7570.268555 11100.74023
7920.361816 -7897.080078 11081.70898
7741.286133 -13699.46191 11495.13184
7860.068359 -13760.71289 11542.58398
7565.818848 -9103.536133 10040.67578
7761.182129 -9251.818359 10269.78711
9300.054688 -9296.905273 9861.918945
9203.882813 -9279.655273 9801.356445
7450.188965 -12551.13379 6653.232422
7575.678223 -12584.53418 6987.844727
11236.22168 -15042.23535 10777.8584
11370.69922 -15106.15918 10741.65625
7078.38623 -15877.14648 10640.97852
7246.269043 -15933.7998 10631.89258
7360.802734 -8090.618652 10904.70801
7479.324219 -8299.112305 11099.58887
9649.178711 -9817.875977 12786.18164
9964.503906 -9904.77832 12855.14355
7468.259277 -13809.58984 9698.24707
7354.266113 -13783.77441 9789.481445
6483.577148 -9254.898438 7355.362305
6490.969727 -9567.21875 7306.50293
6962.914551 -9046.448242 11359.16113
6935.388672 -9099.569336 11556.9668
7003.464844 -7368.316895 12194.48535
7166.73877 -7735.894043 12206.84766
10867.93652 -12621.67578 8849.480469
10947.13281 -12597.45313 8728.679688
8319.765625 -14277.18652 11638.56836
8364.734375 -14432.9248 11756.02637
7763.79248 -8322.492188 11635.84766
7905.308105 -8294.826172 11481.54395
11737.01758 -8230.322266 9958.712891
11815.22559 -8230.199219 9790.22168
8394.734375 -14220.42383 10044.04883
8070.003418 -14344.69922 10087.26172
8978.740234 -15965.67676 11962.67188
8813.4375 -15968.12207 11839.51855
9710.492188 -14208.49609 7344.019531
10075.49414 -14162.08203 7460.625
10060.74219 -11768.11523 6777.295898
10288.44043 -11838.62402 6584.156738
7888.387695 -7770.433105 7649.331055
7802.73877 -7919.492676 7590.836914
7306.362305 -7305.305664 8065.345215
7568.419922 -7564.939941 8117.441895
9193.935547 -7675.41748 11840.91797
8815.454102 -7521.65332 11912.49121
7459.643555 -9578.266602 10870.62305
7536.094727 -9259.831055 10802.0332
11440.88574 -15441.01953 7827.295898
11436.23633 -15208.74512 8017.827148
8873.905273 -14311.75098 8335.075195
8735.015625 -14412.77637 8420.973633
7006.646973 -14218.85742 11667.33203
6986.751465 -14118.4082 11465.31934
7346.540527 -10702.61621 10521.68652
7352.653809 -10889.69336 10789.18457
6757.015625 -10146.10059 9233.516602
6794.708496 -10304.0918 9049.313477
9161.473633 -13553.30078 10049.44629
8900.584961 -13427.27539 10057.45996
8687.420898 -15968.20898 8855.609375
8709.792969 -15782.21094 9143.357422
11549.07813 -10287.15137 10932.56641
11734.4209 -9943.054688 10884.72852
8030.103027 -8673.364258 10820.34961
8066.499023 -8575.008789 10815.45313
11035.90332 -9979.172852 10542.60254
11085.8584 -9780.37207 10666.60938
11238.10645 -14240.68555 11453.81055
11194.58301 -14545.21582 11519.10352
8817.166992 -8505.822266 12881.83887
8444.548828 -8647.335938 12761.27734
6464.222168 -12320.64648 10224.59668
6766.73291 -12585.73438 10173.95703
12330.02637 -12048.41895 11961.71387
12201.68848 -11752.24316 11962.90234
7176.724609 -13256.34863 10861.31934
7206.548828 -13479.42383 10709.83691
6436.79834 -12575.81348 9714.882813
6430.287598 -12950.48145 9727.50293
6091.808105 -9822.317383 8874.868164
5895.072266 -9776.362305 8610.553711
8267.760742 -14471.99707 8429.344727
8242.595703 -14310.57617 8371.078125
6472.941406 -8584.811523 9489.205078
6141.85498 -8682.583008 9492.710938
7484.739746 -10691.67969 12877.73926
7519.892578 -11009.42871 13136.27832
6360.806152 -11540.59863 8221.342773
6583.927246 -11624.0498 7899.846191
7777.459473 -10218.22363 10437.39941
7876.779785 -10061.50391 10434.97852
8215.220703 -13331.75195 8184.908203
8059.032715 -13546.90137 8336.549805
7762.973145 -7521.25 8866.491211
8047.14209 -7290.619141 8705.378906
7414.067871 -8443.488281 11796.65332
7085.981934 -8596.938477 11976.02441
8250.573242 -9115.666016 12386.00098
8316.320313 -9003.094727 12334.4209
6809.430176 -7560.004883 10526.16895
6857.389648 -7626.568848 10394.25781
9843.044922 -12411.29297 7601.419922
9852.094727 -12655.8623 7606.887207
7375.946289 -8199.886719 7462.275391
7081.841309 -8245.165039 7419.512207
9826.78418 -8047.502441 12092.61816
9976.972656 -8179.856445 12200.7959
10618.42578 -7606.705566 12028.51074
10530.74219 -7483.296875 11857.3916
7561.435059 -14277.80664 7705.665527
7839.793945 -14132.54883 7476.000977
7300.008789 -9734.212891 8796.762695
7326.194336 -9904.314453 8955.424805
8363.651367 -7779.712891 10973.44238
8241.769531 -7708.891602 10998.99805
10288.27539 -14421.02539 10364.81348
10152.40918 -14243.98828 10472.88086
7874.370605 -14344.80371 9346.888672
7935.396484 -14036.34766 9338.958008
7966.975586 -7556.794434 10214.63672
7922.441406 -7329.835938 10379.86621
6604.412598 -11020.94629 10997.65723
6592.51416 -10991.74902 11058.31641
8050.241211 -13349.04199 7562.768066
8204.868164 -13471.66602 7704.476563
10489.42773 -8687.094727 9768.317383
10333.39844 -8397.486328 9798.798828
8949.69043 -7850.562988 7147.280762
9110.40918 -7849.561035 7067.03418
7543.581055 -8271.228516 10505.7334
7255.52832 -8300.329102 10254.0752
8574.158203 -15066.19141 11781.27637
8707.334961 -15066.57031 12148.69824
6613.39502 -10710.90625 8937.831055
6413.202148 -10765.10254 8597.759766
6907.532227 -10011.58496 10263.46875
6878.052734 -9789.171875 10256.66602
8125.638184 -11666.2168 10383.61426
8145.993652 -11630.9873 10494.91211
7878.100586 -15834.74609 8320.464844
7678.776367 -15742.9248 8546.970703
9124.708984 -12518.74805 8322.830078
9280.700195 -12867.63477 8312.048828
9133.493164 -12357.50195 12058.29199
8954.428711 -12318.81836 12144.02441
9803.853516 -12870.18164 8246.078125
9692.928711 -12724.90137 8194.330078
7391.249023 -8917.938477 8917.764648
13101.31055 -10599.37305 10483.32129
10840.69531 -8381.861328 7727.101563
12885.6875 -11202.69238 10232.73438
7799.967773 -8536.365234 11847.22461
12856.81836 -10616.8623 10331.12012
7232.520996 -9527.071289 9122.114258
9871.091797 -7823.447754 11646.91797
12295.35059 -13810.5625 7481.226563
14424.36523 -11987.04492 9724.52832
14628.19434 -11476.3252 8950.429688
7558.0625 -8487.566406 12121.25293
7426.728516 -8992.264648 8782.740234
9609.875977 -7834.083984 11462.41504
7866.597168 -8099.899414 12109.77832
7994.791992 -8061.631348 12072.29297
7962.974609 -8791.166992 11941.02246
7509.739746 -9376.045898 9192.363281
10809.68848 -7791.761719 8430.998047
12256.24805 -13562.5127 7591.967773
11534.18359 -9253.794922 8318.554688
7335.35791 -8909.905273 8961.861328
7067.456543 -9147.889648 9109.227539
7183.487305 -8957.166992 8908.148438
7296.256836 -9434.462891 9167.625977
13234.18359 -11144.54004 10313.84863
13102.02344 -10923.2959 10176.09863
13344.59375 -10916.58496 10542.76465
7439.679199 -9557.614258 9136.660156
10903.52637 -8464.579102 7708.463867
8326.774414 -8442.957031 12066.51172
12196.06348 -13203.8125 7499.830078
7684.189941 -9185.12793 8743.451172
8233.056641 -8487.158203 12165.3252
12933.46289 -11280.00195 10337.58984
7024.129395 -9296.933594 9070.289063
7618.497559 -9570.455078 9003.479492
9861.387695 -7696.938477 11713.24512
12112.5498 -13350.98438 7353.064941
7193.534668 -8975.806641 9085.285156
11573.99805 -7961.784668 7753.55957
7600.500488 -8370.024414 12126.95898
10888.98828 -9152.634766 7881.212402
11348.99707 -8685.423828 8727.171875
10784.08691 -7878.772949 7956.334473
10426.02539 -7898.736816 8528.728516
14064.53613 -11687.15918 9238.106445
10020.26465 -8333.055664 8524.373047
10000.60449 -8526.095703 8140.271973
12815.0791 -10673.48145 10474.53027
13293.67285 -10955.95801 10300.5918
14395.10059 -12078.25684 8996.990234
14706.28418 -11589.64844 9031.607422
14320.56543 -11262.65625 9059.358398
14615.67188 -12068.01855 9159.283203
12334.87109 -13284.28223 7674.438965
8025.726563 -8498.833008 12208.61133
12352.9834 -13805.4043 7519.67041
12237.60645 -13161.74805 7333.014648
10206.38281 -9015.931641 8100.863281
12247.78809 -13228.49805 7597.080078
14224.5 -11467.91992 8876.516602
12925.35449 -10593.02051 10381.25195
7156.97168 -9094.767578 9154.460938
12305.90039 -8697.235352 8020.299805
12025.26465 -9076.057617 8222.864258
14235.72461 -11327.73535 9523.961914
11658.66309 -8573.264648 7602.261719
12107.12598 -8542.151367 7762.483887
13293.85938 -11038.33984 10323.56934
11809.57324 -9187.101563 8157.62793
10982.99609 -8157.197266 8706.754883
10312.5166 -8758.363281 7904.463867
10372.89063 -8723.65918 8615.737305
10687.30371 -8560.083984 8681.230469
13198.13672 -11206.59766 10328.13477
7144.487793 -9382.756836 9136.90625
10027.15234 -7489.76709 11583.3291
10619.4707 -9307.446289 8279.508789
11686.50781 -8241.987305 7618.753418
7514.758301 -8946.268555 8945.819336
10099.91504 -8963.226563 8266.611328
7692.595215 -9312.886719 8728.713867
10397.04492 -8092.523926 7999.69873
12831.93848 -11130.28516 10571.75684
10212.53516 -8826.381836 7978.586914
12619.08984 -13401.08984 7591.604004
10400.08887 -8305.269531 7904.863281
10275.33594 -7927.680664 8223.239258
7406.520508 -9514.456055 8770.241211
12524.22559 -13166.0752 7491.495605
12247.93652 -13184.46387 7262.783691
9906.146484 -7466.595215 11250.50586
10254.68848 -8448.542969 8637.1875
11222.17383 -9007.042969 7771.321289
14301.75488 -11435.03809 9669.785156
13005.05371 -10605.61914 10512.91797
12733.4375 -10722.50391 10364.26074
9655.707031 -7739.351563 11649.80859
11977.60352 -9093.544922 8132.096191
7909.477051 -15987.37109 10021.43359
12366.27246 -13353.64258 10564.3418
11723.38574 -8024.419922 8870.099609
8295.813477 -8400.776367 7955.26416
12709.43945 -12827 11254.72168
7375.904785 -13102.22168 7530.04834
8080.896484 -9235.554688 8332.182617
11752.93652 -8381.094727 7370.716797
8350.300781 -15651.42676 9674.077148
11746.64648 -9709.641602 10171.21875
7463.79541 -6815.034668 13133.34473
10593.49121 -10626.33398 11115.53418
8407.597656 -6916.458008 11635.17578
7082.583008 -14329.52539 9402.258789
11098.14551 -6876.157227 8083.638184
9716.945313 -10020.50977 9336.134766
8261.891602 -15669.53613 8202.898438
7162.028809 -12593.16895 7389.247559
11037.23145 -8842.633789 10605.48145
8171.956055 -10813.09375 9592.670898
11319.89648 -8396.191406 9749.978516
9781.064453 -17604.67578 11348.51563
9013.136719 -7762.980957 11009.68457
7215.640625 -8369.84082 7812.558105
12151.34766 -11475.04004 10488.97266
6947.244629 -8697.267578 11004.2832
10000.36133 -9881.668945 10482.66699
12796.25293 -13807.92676 10957.1875
7648.509766 -12208.14258 6296.789551
8855.120117 -10470.54785 12368.60645
11425.51465 -11739.87891 8367.775391
9471.216797 -14806.46484 7362.58252
6287.081543 -14805.12891 10034.88281
6955.006836 -9746.914063 9546.796875
10077.67773 -12921.24121 8064.426758
10012.53809 -10383.98047 9664.986328
9777.96875 -10000.52051 13259.21973
13499.59961 -11674.75488 11908.74023
8944.226563 -15723.26953 9497.920898
7618.434082 -11507.6084 9759.125
5930.170898 -9595.388672 9938.34375
9230.485352 -11392.78418 6400.80127
7876.030273 -6310.676758 11858.15527
9271.564453 -11850.58887 8052.758301
12286.4248 -14528.64551 10057.24512
8575.556641 -11206.09961 9606.177734
11209.49902 -11266.49805 10157.1875
10834.24316 -12145.89453 9550.664063
12607.33496 -10684.17773 7511.616699
8835.859375 -14060.89648 6739.08252
9860.798828 -8928.385742 8675.010742
6581.180664 -15073.25586 9643.704102
11187.16797 -12107.46582 8768.056641
8700.113281 -11923.80762 11293.06738
8182.327637 -17811.82227 11362.62305
8506.949219 -17994.67969 9183.413086
11701.72656 -8882.871094 7501.623535
8397.224609 -15381.0459 6888.914551
11215.6582 -12206.07031 10835.34375
7535.274902 -14637.30664 10841.83398
13101.8418 -10590.61621 7255.678711
7421.458008 -14676.21094 11539.7168
6675.19873 -13602.44629 7777.915039
10869.4707 -9137.727539 8948.148438
9690.521484 -12108.14258 11445.16016
10357.67773 -8153.809082 12561.03516
8401.005859 -15565.77539 10489.83008
9630.337891 -15799.2666 7689.356445
8859.126953 -11550.98145 10554.55469
9989.112305 -12027.09277 11546.44141
11954.17383 -16675.44727 8006.360352
10622.00977 -9342.786133 7113.82959
11467.36035 -8694.233398 11773.38379
9282.290039 -8635.405273 5766.700684
14278.69824 -14062.67676 8823.911133
7803.91748 -10582.91895 13296.18652
10832.16309 -17841.40039 8411.883789
11690.05859 -9603.195313 11064.7959
12073.99316 -8088.402344 9276.15625
12628.64648 -10108.99512 12188.30859
10422.0791 -12992.42871 8683.185547
13474.2207 -13412.09668 10437.4375
10792.90039 -9787.033203 9547.521484
11719.94043 -13997.97559 8840.581055
11283.34473 -8828.283203 11543.6875
9093.005859 -13551.0498 10715.76074
12790.62012 -16698.59375 7681.23877
6906.581055 -9755.055664 7391.802246
6382.496582 -7719.856934 9306.875977
7903.58252 -9862.87793 11588.2959
5660.019043 -9356.366211 8432.790039
10119.8457 -7623.905762 12397.04199
8089.657227 -13979.14941 11250.64941
13659.60449 -14131.7959 10163.80859
9556.024414 -13627.72266 11385.07813
7933.09375 -16679.62305 9531.849609
11639.94727 -12795.58301 12400.60645
7678.92041 -10031.7793 6765.214844
10808.50781 -9020.000977 9010.799805
8935.020508 -10985.11816 8204.34082
9544.761719 -7736.860352 10006.70508
8869.049805 -10906.19824 9408.644531
9527.038086 -7776.172852 7373.100586
8550.958984 -9597.792969 10537.43848
7532.637207 -6776.112305 11318.96484
7026.362793 -12997.71191 9807.21875
8550.766602 -8236.146484 10761.44824
13592.95801 -11941.38379 12219.15918
10460.35938 -13003.23145 10649.07227
11889.12988 -10772.96582 8427.266602
12302.18164 -14047.36426 10651.23438
9598.683594 -12622.10059 5787.913574
14363.41016 -12838.66113 11096.67285
9997.883789 -10824.10645 10519.24805
12080.28613 -13662.2959 9182.876953
11091.95117 -12167.83887 11960.0459
7707.438477 -11396.81641 7107.496094
9831.899414 -6488.039063 9920.375
8567.537109 -12417.10352 7768.503906
11707.42969 -8651.320313 6924.819824
10685.05762 -7356.553223 7829.879883
8018.756348 -8126.637207 6131.511719
5946.941406 -13082.18262 9955.057617
9020.18457 -6843.324219 12373.05371
10467.97754 -12007.82617 5359.561035
8971.417969 -7278.610352 9840.381836
11089.03711 -17459.46094 7896.866211
10434.81543 -8098.499512 10384.56152
6718.706543 -9737.667969 12072.04492
9249.849609 -12655.23145 6052.515137
10835.46191 -13065.13184 7948.796387
14291.45898 -13957.40918 9229.916992
9807.541016 -9872.041992 12045.66992
10161.27344 -10590.34863 9788.209961
8586.202148 -8160.488281 9719.508789
11901.93066 -11850.23438 9375.057617
10919.75586 -8992.352539 9803.185547
10425.64453 -12030.17578 11854.03418
13321.58789 -9773.632813 9531.760742
10202.7168 -9928.65332 13235.4707
9298.774414 -6209.844727 10234.81543
7854.723633 -12654.55566 10596.82422
10669.41309 -9728.157227 12132.51465
8135.541016 -12919.88965 5934.862793
13491.14453 -9842.172852 8691.083984
9546.532227 -14358.33008 12262.62988
11950.69336 -11270.06348 12673.4375
8899.099609 -14483.51758 9414.5625
11384.36328 -12480.40039 7446.61377
7001.311035 -12537.19434 9437.945313
12846.61914 -11565.46973 11048.6748
10833.61816 -6596.35498 9801.850586
10398.47559 -8897.808594 9064.013672
9712.56543 -16318.14844 7710.144531
10281.99121 -10257.96777 12428.16406
7527.978516 -11836.35645 9560.557617
8596.520508 -6884.835449 11497.74707
14028.43457 -12736.11035 10820.12207
11436.04004 -11780.62109 8929.137695
9048.166016 -12299.23828 9512.701172
12960.68555 -11093.28516 11249.17969
7312.512207 -8609.203125 11225.00195
10185.81445 -15137.84082 11679.42188
7195.516602 -11323.66309 8709.386719
12861.91992 -10545.78418 9724.084961
11778.63281 -11056.36133 6511.480469
9872.191406 -13602.18555 7701.629883
6850.85498 -9402.116211 6347.83252
9769.009766 -10156.05176 9374.609375
12226.86426 -9541.956055 10286.57031
11454.15332 -15080.63574 8665.953125
12123.87891 -14658.66699 9451.637695
7801.227539 -6447.291504 11803.56738
9257.893555 -12756.82129 12784.83594
8980.223633 -9419.71875 11505.65332
14678.41406 -11445.53516 9660.700195
10785.81055 -13653.14551 8022.53125
9547.555664 -10718.88965 12863.70508
9891.702148 -13091.37695 6799.941895
9664.839844 -6795.895508 10852.33496
10252.66211 -10821.9248 9946.224609
9174.970703 -11798.85547 9720.606445
11012.79785 -6923.086426 10187.41406
7432.65918 -12704.30664 7752.867676
7810.305176 -11829.15039 10235.40527
12874.93848 -9416.047852 7777.703125
6794.994141 -15436.03906 9592.949219
8780.25293 -12921.68555 8995.3125
7480.786621 -11153.79395 9854.614258
6290.264648 -9561.875 7658.536133
