9502.607422 -13324.7373 9437.916992
7004.697266 -12793.17578 9859.244141
7175.847168 -12923.66016 8032.115723
11410.95996 -7513.046875 10269.33301
10457.50879 -12323.56055 12649.80957
7162.95459 -12688.3418 11051.43555
7203.683105 -12624.7373 11599.89941
7949.837402 -11021.11719 12791.55957
8188.300781 -13982.58105 10114.94922
8507.334961 -7799.560059 9198.479492
10353.77637 -11795.81641 9418.248047
7911.768066 -11822.87695 10420.70605
6628.145996 -7286.739746 10028.40039
8838.123047 -8049.74707 7089.981445
8944.356445 -13773.94727 12618.625
10110.36914 -14205.9873 12053.52539
6509.748047 -11485.02734 7916.676758
9977.130859 -14124.24414 7314.753906
7620.334473 -11041.90332 12946.71973
8213.084961 -7855.039063 7187.095215
6534.053223 -10219.69336 8277.741211
11531.44727 -7367.018555 9982.941406
6864.604492 -14210.70117 10809.8291
10486.70508 -12575.02344 10793.54004
7699.490723 -6724.645508 12255.32227
6439.015625 -10106.88086 9139.673828
7143.430176 -13083.17871 9993.667969
6798.387695 -9222.374023 9935.986328
6901.641113 -6674.334473 9896.988281
6216.811523 -10175.625 6846.531738
8070.335938 -14932.53418 10047.63379
7083.213379 -14293.79492 11346.94922
6254.141113 -7869.884277 8557.527344
10994.77051 -9202.758789 10460.12207
11226.39355 -7267.813477 11264.86426
9104.317383 -6028.433594 11428.56543
8869.258789 -6009.068848 10992.69141
7292.103027 -6346.29541 8299.246094
10959.17969 -10660.68262 5409.565918
6435.225098 -10002.98926 6358.503906
12296.78125 -7869.758789 7254.956543
11621.37109 -16467.97656 8341.72168
11221.13672 -17183.01367 7255.182617
7084.625977 -12299.29395 12779.78906
9362.012695 -8350.211914 13328.71875
12839.1543 -16387.4082 7663.474609
5655.965332 -10142.875 9919.426758
11061.56543 -6297.255371 9596.014648
13806.56641 -10100.96387 8280.125977
8753.02832 -16090.56836 7308.760254
8426.283203 -15290.84863 6701.450684
8730.621094 -16776.19531 12054.96191
12242.80078 -9932.69043 6932.328125
12940.79785 -8363.72168 8127.168457
11565.03516 -17777.30273 8113.35498
6186.300781 -6466.01416 9896.59082
10587.09668 -17915.83398 7930.130859
8568.985352 -6563.663086 8272.538086
5969.48584 -13281.09473 10507.16504
6239.564941 -13001.84277 11114.8623
6077.412598 -13640.99609 10629.84277
5890.393555 -13403.58496 9274.948242
6014.87207 -13645.72656 9179.489258
6111.657227 -13589.10547 9117.336914
5687.061523 -10401.02148 9948.462891
5767.745605 -10669.10156 9956.739258
5810.515137 -10968.98535 9562.048828
6337.566895 -10953.12305 11562.83691
6379.784668 -10921.16992 11842.77051
6421.031738 -10880.92383 12004.19434
5738.916016 -10812.01855 8263.27832
5724.912109 -10995.92285 8823.455078
5819.371094 -11136.66309 8266.735352
6148.453125 -13102.36621 7706.388672
6243.679199 -12834.2207 7484.856934
6244.380859 -13336.00586 7428.818848
6370.866211 -11994.94727 7121.623047
6354.910645 -11837.29199 7269.828125
6363.647461 -11808.56445 6962.416016
10646.13477 -8725.259766 8646.217773
10859.25879 -9098.613281 7837.323242
11701.06641 -7828.879395 8005.493652
11339.29785 -9266.345703 8372.445313
11760.55762 -9191.859375 8331.999023
11343.41602 -7904.84375 8587.582031
11333.91113 -9128.418945 7868.423828
14476.83984 -11309.57422 9482.615234
14153.08887 -11920.34766 9384.322266
14690.3252 -11581 8977.370117
11668.10254 -8844.12793 7694.341309
11377.1875 -9050.263672 7796.588867
12320.96191 -8120.742676 8131.81543
12004.85254 -8088.717773 7812.476563
11403.78906 -8597.74707 8717.344727
10811.13184 -8806.9375 7737.381348
12230.04004 -8899.65625 8244.103516
14330.69336 -12077.59277 9456.703125
14518.51563 -11908.8125 9723.014648
12673.48828 -10862.94727 10371.58496
14219.93359 -11685.34961 9746.736328
10961.5752 -8917.09082 7747.109863
12726.21094 -10820.08301 10504.07715
10892.84961 -7855.581055 8554.426758
14170.71289 -11481.3916 8953.821289
11076.69336 -7918.347168 7829.746582
11640.86719 -8291.125977 7594.062988
11681.83691 -8590.163086 8618.700195
11584.38086 -8919.864258 8639.760742
11659.28418 -9240.430664 8214.640625
10861.18848 -9245.641602 7990.674805
9825.458984 -7742.241211 11237.20117
11090.06445 -9311.985352 8373.724609
14714.07422 -11676.02637 8971.317383
12656.16797 -13601.85742 7517.986328
