5975.704102 -12294.57715 9189.694336
6085.839844 -13369.87891 9994.757813
6121.189941 -12916.28516 9359.879883
5976.441895 -11510.03906 8919.84375
6629.674805 -10386.35254 11394.42188
6294.84375 -9434.209961 11004.98047
6295.702148 -12008.18555 7974.402832
5872.740723 -9962.794922 9895.040039
5834.649414 -10014.38086 9803.392578
6111.728027 -11156.8125 9713.219727
6488.734863 -10419.39453 11971.67383
6017.686035 -11165.66016 10154.03516
6035.833008 -13338.70117 9898.828125
6201.892578 -11198.95703 9773.757813
6090.530273 -10923.68359 9347.878906
6455.142578 -12077.22461 11790.91211
6433.683105 -12647.68359 11395.73926
6099.385742 -12589.20801 10865.72266
6536.047363 -9647.378906 11614.18555
6093.239746 -11417.88672 10367.66211
6039.07373 -10736.79785 9660.264648
6034.161133 -12741.19922 10784.49121
6042.855469 -13290.02051 9602.391602
6500.78418 -8965.130859 10512.27734
6468.657227 -11219.7793 11646.25
5969.982422 -10851.10156 9634.048828
6155.691406 -12045.61914 7702.144531
6249.304688 -13333.30371 8061.139648
6361.645508 -12740.99023 7607.567383
5978.393555 -12288.00977 10188.375
6004.097656 -11361.78418 9390.695313
6181.594727 -13063.61426 10337.58398
6532.932129 -11575.7002 11253.61816
6050.125488 -10813.86523 10489.60938
6179.379395 -12903.13574 10522.98535
6098.389648 -11874.96387 8914.986328
6645.496582 -9205.418945 11135.89453
6134.101563 -11654.49902 7848.075195
6112.157227 -12266.87402 10908.39063
6053.615723 -13579.52344 10104.29199
6168.34668 -13152.78027 10208.83301
6419.878906 -11050.75977 10778.63574
6444.907227 -12821.1875 7535.89209
5943.105469 -12295.55273 9967.894531
6385.493652 -10205.89941 11825.69629
5934.745117 -11214.22363 9441.399414
6223.585449 -11773.76563 9817.426758
6091.602051 -12132.91992 9185.610352
6097.078125 -11140.74316 10006.9082
6003.044434 -13161.77734 9130.174805
6153.515137 -11029.99707 10447.28906
6458.224609 -13432.62695 8171.545898
6201.140625 -13423.1582 9913.417969
5849.077637 -10453.46191 9956.201172
6233.444336 -11500.31543 9979.869141
5975.524414 -11879.25684 9200.863281
6554.555664 -10582.33594 11376.37305
6169.71582 -12425.08887 8000.786133
6493.185547 -11033.36328 11744.65527
6052.668945 -10620.4209 9689.170898
6121.102051 -11182.45117 8825.912109
6294.016113 -13519.80273 8357.155273
6163.96875 -12468.82227 9585.414063
6050.022461 -11009.80859 9598.173828
6225.480957 -12012.91406 8968.793945
6530.229492 -12658.31934 11498.16504
6385.6875 -12677.30664 7989.550293
6293.564453 -13129.89258 10721.69043
6218.729492 -12079.93555 9314.688477
6183.214355 -11889.03027 10153.52246
6344.080078 -13330.99805 8760.571289
6668.800293 -10443.92969 11653.62207
5972.714355 -11256.68555 9692.101563
6416.256836 -9240.149414 10200.30371
5889.101074 -10893.93555 9249.802734
6047.493164 -11961.83203 7894.849121
6835.687988 -8824.821289 10934.77637
6104.913086 -12891.89453 10720.19141
6445.920898 -12613.83203 7446.572266
6066.336426 -12289.70117 8009.610352
6257.521973 -13333.4834 9275.006836
6397.75 -12957.89355 7728.608887
6088.477539 -10924.62402 9053.737305
5934.793457 -11690.47168 8771.416992
6390.855957 -12360.24414 11428.49609
5923.308594 -11829.22461 9366.717773
6006.477051 -11367.66602 9528.675781
6071.812012 -11451.03027 9329.337891
6363.705566 -9278.017578 11067.69727
6371.009277 -13110.95703 7989.303223
6143.400391 -13027.78711 9267.213867
6384.437012 -13271.28809 7938.611816
5760.567383 -10099.82813 10206.4502
6190.537109 -11961.96094 9622.196289
6709.552734 -9528.558594 11412.77637
5944.20459 -11055.83984 9435.44043
6021.379395 -10511.85938 9825.662109
6191.714355 -11539.99121 7737.117676
5932.233887 -11081.72363 9068.499023
6136.874023 -12847.84668 8206.588867
6007.802734 -12144.4082 9497.616211
6043.202148 -13535.39844 9795.261719
5937.422852 -12445.99121 9747.499023
6543.810059 -11749.73047 7444.134277
5984.254395 -11688.42969 9994.861328
6594.187012 -12831.82227 11511.48633
6840.816895 -9510.333008 11905.37109
6257.251465 -12945.77148 8035.033691
6109.986328 -10855.80859 9537.079102
6069.47998 -12664.91797 8375.097656
6521.864746 -12195.5332 7440.669434
6037.874512 -12165.78223 9786.324219
6665.604492 -12258.30957 11998.33008
6610.080566 -12567.07813 11793.47656
6524.348145 -10600.41406 11631.92188
6052.923828 -11971.36816 9013.106445
6104.812988 -12849.34277 10291.23047
6222.763184 -12270.92188 9534.852539
6491.338867 -8826.949219 10996.31836
6364.333496 -11345.55762 10571.87012
6115.041504 -10935.0498 9841.12207
6365.577637 -13235.08887 8150.297852
6573.957031 -9523.348633 11792.4834
6390.94043 -10524.31934 11524.20215
6552.900391 -9653.170898 11941.58203
5976.769531 -13144.27441 10024.55957
5916.570801 -11353.44824 8661.779297
6348.691895 -12943.69434 7526.522949
6054.818359 -12182.3125 10373.89746
6739.254395 -9487.860352 11996.31543
6495.046387 -11784.33594 11131.64648
6423.945801 -13005.71094 8017.072266
6182.351563 -12533.13965 8019.02002
6385.702637 -9168.620117 10377.15723
6169.088379 -11410.34082 9581.883789
6682.491699 -11319.43652 11944.58398
6461.998047 -12065.10938 11040.99219
6176.32666 -10507.99512 10887.25977
6835.048828 -12186.91797 12046.56934
5934.537109 -13007.2207 10034.78613
5919.010254 -10666.04004 9721.238281
6773.15918 -9832.857422 11981.19727
6644.029297 -9963.263672 11764.43262
6084.916504 -11466.59863 9931.364258
6026.761719 -10756.7373 10196.91992
6725.501953 -12458.90625 11818.59375
6156.982422 -10992.05176 9742.447266
6674.101074 -11406.61523 12104.09961
6574.598633 -9304.201172 11244.2373
6014.25 -11719.51758 9836.585938
6000.614258 -11364.68262 9069.605469
6642.064941 -12344.93359 11567.46973
6007.219727 -12565.23926 9423.050781
6160.553711 -13153.83301 8401.464844
6228.323242 -13333.56348 8342.25
5904.862305 -10770.88672 9484.334961
6744.355957 -9424.407227 11380.19336
6190.539551 -9784.746094 9918.647461
6889.961426 -9414.277344 11739.34082
6372.359375 -11378.73145 11213.80469
5957.506348 -11512.15332 9389.225586
6858.87207 -8755.524414 11280.72852
6751.532227 -9611.876953 11661.28809
6514.962402 -8917.244141 10838.56055
6662.758301 -9160.975586 11402.73828
6371.199219 -10288.57715 11544.53711
6467.205566 -9114.366211 10422.81836
5975.973145 -11084.05078 9765.479492
6541.92041 -12809.40332 11364.34277
6380.681641 -9725.691406 10862.9668
6075.616211 -12483.08887 8674.487305
6029.144531 -12440.10156 10445.0293
6186.046875 -11634.40039 10403.33594
6655.531738 -11008.2793 11575.61523
6124.604492 -11893.3877 9691.748047
6314.245117 -13137.20703 10424.3125
6002.334961 -9859.59668 9897.949219
6504.236328 -8937.65625 11008.8584
6418.683105 -9811.540039 10962.41895
6806.208984 -9151.743164 11744.79199
6142.222656 -12280.00879 10541.6543
6015.798828 -13083.66895 9381.125
6108.645508 -11745.25977 9930.109375
5913.260742 -10971.98926 8993.874023
6250.270508 -12320.30859 8935.265625
6260.000977 -12726.74512 8090.239746
6287.351074 -12995.85156 8873.491211
6158.710449 -11189.88965 10528.20605
6033.511719 -11313.38281 9928.386719
6007.591797 -12529.9209 10297.37598
6150.459473 -13143.07031 10688.28613
6021.888184 -12434.24512 9117.455078
5936.63916 -11729.03516 9001.498047
6127.436035 -11629.9834 7682.342285
6052.962891 -12074.82813 8954.950195
6219.395996 -13345.57227 10099.94238
6165.357422 -11289.24902 9924.947266
6450.330078 -9112.90918 11052.43457
6498.321289 -9797.162109 11572.87695
6237.978027 -12427.52832 9084.552734
5935.826172 -12750.12109 10172.07324
5948.131836 -11992.30176 9911.374023
5961.381348 -10846.78613 9953.521484
6581.82959 -10045.29688 12180.71289
6159.109863 -11148.18164 9101.607422
6642.894043 -9410.020508 11815.97266
6472.362793 -9484.875977 11271.32129
5847.589844 -10501.20801 9815.786133
6089.591309 -11480.24609 10054.99023
6483.133301 -10215.71484 12099.79785
6718.842773 -11968.90332 12152.93652
5920.164063 -11137.79492 8899.077148
6640.878418 -12704.60254 11556.83789
6602.483398 -12066.93555 7591.827148
6198.397461 -12449.86035 11125.55078
6017.700195 -11588.13379 9577.68457
6103.473633 -13387.24805 10385.22168
6183.385254 -11227.32715 8047.603516
5940.903809 -11147.36328 9223.914063
6364.767578 -12711.49512 11184.50879
6776.393555 -9261.874023 11821.8252
6034.65332 -12355.63477 9685.1875
6153.945313 -11122.47168 10795.5918
6282.124512 -11113.01172 10190.62012
6045.981934 -11894.89453 9538.157227
6628.160156 -10249.2041 11574.91797
6291.305176 -11483.28516 7700.799316
6476.130371 -10724.21094 11757.17773
5955.500488 -13071.66406 9863.241211
6254.48584 -13206.25098 8023.972168
6041.488281 -10985.625 10417.96875
6729.39502 -12487.08496 12077.92383
5919.244629 -10702.4707 9265.5
6008.603027 -13423.77148 9532.628906
6478.038086 -10431.5293 11224.86719
6213.198242 -11389.53711 9697.316406
6158.748535 -11222.30078 8730.521484
6241.893066 -11592.85547 10784.68164
5959.042969 -10599.66211 9597.285156
6293.601074 -10494.58203 11128.2002
5790.739746 -10272.86816 10129.29102
6530.956055 -8913.229492 10383.84766
6550.187012 -12074.86523 11631.23633
6079.785645 -11486.40527 8306.560547
6192.383789 -9643.899414 9790.036133
6337.128418 -11312.28223 11035.88672
6759.242676 -9016.767578 11265.30566
6263.955566 -12716.12988 10947.37598
6009.120117 -9844.285156 10099.33301
6337.523438 -11281.44727 7731.160156
6210.766602 -12192.49902 9662.867188
6026.850586 -13475.04785 9415.308594
6622.729492 -9352.262695 11622.71094
6238.159668 -12686.83594 9212.359375
6112.803223 -11456.34961 7680.6875
6041.484375 -11648.8457 9265.197266
6563.341309 -9556.115234 10976.76465
6029.287109 -12088.17188 10459.94727
6430.090332 -11850.16504 7632.07666
6250.350586 -13538.57129 8153.233887
6664.854004 -11928.90527 11631.23633
6312.644043 -11393.36328 7403.597168
6104.016602 -12585.32227 8099.320801
6158.953613 -10679.21191 9790.663086
6172.274414 -13551.17773 9719.986328
6629.364746 -11903.5459 11777.0791
6202.872559 -12520.91504 7756.34668
6543.99707 -8815.679688 10699.86133
6482.365723 -12010.30371 7690.84082
6071.998047 -10639.35645 8857.605469
5934.972656 -12057.66211 9216.058594
6993.665039 -8767.824219 11173.52148
6168.961914 -11671.1748 8867.701172
6121.771484 -13085.80566 8634.692383
6494.194824 -10299.3623 10978.3916
6148.647949 -13584.33301 9930.005859
6529.452148 -12335.80664 11730.8916
6579.755371 -8702.113281 10948.66699
5983.19043 -12021.52051 9689.705078
6001.105469 -11458.95703 8534.137695
6364.666016 -11411.6543 11090.56641
6340.315918 -13063.00293 8435.544922
6495.017578 -11470.67871 10958.37793
6413.784668 -10647.57227 11403.56836
6486.658203 -12189.07324 11623.14355
6111.840332 -12606.67578 10718.51367
6199.103516 -13558.24121 10153.89648
6300.306152 -12486.37598 7712.73584
6131.17041 -12341.02441 8471.518555
6134.960449 -10762.96875 9166.921875
6676.027832 -9385.378906 11119.31445
5982.305176 -12335.51758 9478.910156
6288.897949 -11229.54492 10566.52441
6111.28418 -10482.36426 9596.655273
6064.335938 -11701.94238 10180.7998
6217.001465 -13331.86426 8631.618164
6260.104004 -13184.45508 7826.575195
6436.680664 -9115.876953 10232.31934
5940.981445 -9791.231445 9797.540039
6364.751465 -9419.209961 11214.67871
6027.233887 -13475.19531 9637.736328
6448.511719 -10038.98047 10961.54199
6552.986328 -12356.76758 11533.94727
6124.433105 -13462.94727 8624.311523
6235.207031 -10711.37793 10226.92969
6350.791992 -12587.94922 7678.67334
6675.617188 -12025.40918 7487.781738
5958.849121 -13034.92578 10291.22852
6199.893555 -11452.41895 10162.77539
6014.285156 -11408.26855 10150.94727
6045.259766 -11164.15723 8934.169922
6203.398438 -12457.33789 8973.575195
6702.847168 -11622.55566 12146.0459
5992.490723 -13610.55566 9580.947266
6737.486816 -12419.80469 7308.101563
6186.671875 -12358.28027 10082.98145
6127.208984 -12782.1709 10879.51953
6101.524414 -12494.73047 10528.03418
6736.555664 -10004.52148 11954.91992
6376.182617 -11352.62402 10812.19043
6274.454102 -12394.43066 11301.51074
5932.441406 -11707.08301 9228.317383
5928.963867 -9855.291992 10453.85742
6102.134277 -10620.50488 10441.78906
6440.308594 -13087.22852 10671.12988
6010.16748 -12407.74512 10065.84082
6189.170898 -13163.68359 9999.214844
6122.046387 -11533.78516 10528.86816
5913.370605 -11335.23535 9299.599609
6354.020996 -10759.84375 11335.22656
6440.725098 -13552.56445 8547.176758
6530.489258 -11482.4043 11975.58398
6199.325684 -13254.13184 9439.530273
6412.068359 -9591.448242 11304.03027
6085.007324 -13148.66895 10542.39648
6041.167969 -10690.11719 9146.139648
6318.983398 -10558.58398 11299.50488
6602.077637 -12163.31055 11873.33691
5967.739746 -12112.98047 10187.20996
6115.933105 -12959.16699 9218.951172
6709.858398 -12931.3877 11477.41113
6182.418457 -11532.37402 8543.226563
6526.302734 -13362.93359 7914.212891
5954.378418 -10507.66113 9489.990234
6179.848145 -11450.67773 8818.620117
6649.821289 -10766.44336 11399.11426
6217.762207 -9674.615234 10197.61816
6300.361328 -12479.54883 10961.44922
6250.115234 -12113.87793 7842.128906
6556.785645 -12210.5127 7249.126465
6302.814941 -11250.66699 10271.12793
6501.887695 -11652.04102 10878.6709
6277.404297 -13221.71582 10225.92578
6229.425293 -10877.30176 9861.999023
5964.196289 -12107.26563 8673.588867
6432.777832 -12257.66016 7647.473145
6679.196777 -9831.012695 12071.7041
7556.640625 -13204.4873 12362.13574
6058.334473 -9651.40625 9622.300781
6315.091309 -15369.72363 9663.253906
6108.42627 -10530.12109 7759.185059
6569.98584 -10868.79297 7061.647949
6776.437988 -12924.45117 11592.05371
6647.115234 -12627.98047 7377.532715
7671.838379 -12581.35156 6328.675781
6556.468262 -11499.50781 7288.116211
7467.013184 -12385.43164 12615.89844
7231.824707 -9571.863281 12698.5332
6362.199219 -14928.16797 10540.41113
6233.049805 -8021.002441 10175.82813
7263.056152 -13466.2334 6934.893555
6887.038574 -13020.4707 7173.396484
5919.566406 -9055.667969 7566.734863
6808.377441 -8470.549805 10895.38672
6216.042969 -15111.00781 9481.974609
6982.13916 -11323.6123 6504.878418
6961.921875 -13413.12305 11559.32031
6261.788086 -8607.485352 10212.55078
6659.509766 -15022.33301 10636.47852
6303.760254 -14347.27539 10501.97461
7114.711426 -12972.66309 11840.97559
7200.15918 -13312.02246 12054.97754
6979.605469 -10557.84082 12600.04297
6729.752441 -14996.89941 10754.35352
7425.841797 -12342.33887 6377.086914
7129.147461 -9764.814453 12780.62305
6338.943848 -14634.4668 10573.34668
6562.091797 -14042.46289 11135.5459
7443.367188 -8838.043945 12753.61035
6673.464355 -11892.11719 7067.666992
7165.236328 -13190.9043 11901.46387
6277.767578 -13762.72559 9995.514648
5894.920898 -8688.1875 8887.366211
5807.168945 -9242.418945 8697.835938
6225.337402 -14408.31934 10372.3291
6419.981934 -15164.04883 10604.84082
6912.608398 -9772.560547 12221.22363
7430.991211 -8655.551758 12824.73438
5823.376465 -8940.875977 8380.59082
6251.672852 -14897.47461 10282.16699
6876.638184 -14937.08008 10929.43262
6090.51709 -10495.1875 7175.008789
6401.936035 -10703.60156 7187.15918
6611.761719 -14652.7207 7934.738281
7289.933105 -12303.01465 6530.094727
6046.517578 -10360.74023 9511.418945
6349.165039 -14204.04785 9967.816406
6645.711914 -13803.30957 11172.33789
7047.124512 -13109.80566 7071.72998
7521.562988 -14180.91699 12051.88867
7411.808105 -14272.375 12027.65625
7004.441895 -13222.66797 11770.14063
6373.302734 -13780.10059 9252.876953
6562.251465 -14835.0791 10691.54785
6997.441895 -9662.203125 12404.19922
7764.233887 -12398.67285 6204.759277
7519.572754 -11524.12305 5962.039551
6420.311035 -14105.26172 11016.0791
6977.583496 -13044.58496 11748.00586
6696.078125 -15185.34766 10647.2832
7270.845215 -14032.92383 11968.94531
7277.185547 -14240.08887 11961.94141
6363.805176 -13332.56055 7755.241211
7662.927734 -12054.65039 12758.5332
6983.669922 -10736.72461 6464.945801
7478.938477 -12212.81348 12737.64258
5916.603027 -9618.307617 7873.024902
7289.129395 -13530.74316 6814.64502
6270.631348 -14350.62012 10151.84668
7184.356934 -8020.740234 11970.63477
6223.18457 -15097.75195 9211.711914
6550.470215 -7238.415527 10625.59961
7081.22168 -10753.44531 12520.15234
6316.201172 -9048.268555 10060.95215
5818.455078 -9307.350586 8485.982422
7207.183105 -13020.15039 12048.71777
6733.402832 -13074.8623 11321.45996
6626.480469 -13920.6377 7610.159668
7019.411621 -9474.064453 12293.47266
6206.846191 -14500.08398 9652.969727
6010.178711 -7401.230469 9746.25293
7510.069336 -11270.76953 5877.02832
6972.695801 -13615.43652 11541.15234
6955.616699 -13065.13281 11652.18848
6614.66748 -13096.19238 7562.433105
6173.145996 -10407.30566 7562.224609
