7852.173828 -14870.60059 6360.729492
7966.294922 -14350.61621 12515.66797
7857.537109 -12668.07227 5886.674316
7576.282227 -11549.88281 13307.32227
6568.941406 -9711.734375 6235.152344
6163.151855 -6512.609863 9628.959961
8661.208008 -12691.30176 13377.97754
7292.501465 -16077.38672 7967.80957
8750.835938 -13721.90234 5889.657715
6378.467285 -7009.762207 11140.28418
7588.251465 -12070.78906 13144.11426
10160.63965 -12916.9082 13481.30957
8013.728027 -11707.46191 5424.712402
5880.478516 -7355.67041 9964.089844
8991.857422 -13321.81055 13334.52246
9613.631836 -8891.551758 13504.96973
6964.853027 -6828.976074 12458.77148
7607.963867 -15773.27246 12199.90039
7819.497559 -7989.316895 13188.2832
9062.098633 -13913.09473 6033.607422
7382.258789 -10763.33105 13413.94043
8834.110352 -10869.26074 13746.62109
6304.152344 -8113.477051 6555.413574
9335.554688 -8991.643555 13585.57129
7299.942871 -7429.637207 12995.27246
5610.604492 -8547.821289 8913.740234
10011.83496 -12381.19238 13592.56934
8173.653809 -12773.45313 5794.20166
6876.280762 -7055.253418 12491.08105
7291.608887 -10794.98535 5945.783203
6340.18457 -8173.978027 6383.31543
7622.193359 -12190.79297 5809.899414
8173.166992 -9379.584961 5634.386719
8611.800781 -10891.54883 5381.179688
9822.118164 -11521.3418 13736.71582
8431.615234 -14809.9043 12496.85547
8696.424805 -9626.821289 13697.7832
7156.015137 -7866.175781 12906.33594
5555.470215 -8879.785156 9004.303711
7367.313477 -16341.01367 8266.163086
6511.897949 -6353.431152 10088.71484
6684.089355 -16031.42285 10700.45898
9307.609375 -14183.51563 6354.737793
8503.181641 -13564.16113 5874.455078
9239.454102 -11278.19531 13779.23633
7001.659668 -10361.11035 5990.111816
8419.977539 -9853.795898 5598.217285
6497.233887 -8546.896484 6038.839844
6335.787109 -7239.486328 8077.811035
7325.989258 -13666.62207 6499.152832
6028.241699 -8340.96582 6919.148926
8198.083008 -9382.722656 13618.55664
6471.211426 -9415.44043 6331.521973
6507.328125 -6560.288086 8792.522461
7134.154297 -10769.55957 6013.172852
7858.591309 -9376.001953 5649.619141
7073.643555 -8191.710938 5769.675781
7581.202637 -12414.4248 13014.41016
8734.735352 -9890.407227 13741.77832
6428.641602 -9036.859375 6261.626465
6082.07959 -9262.84375 6778.762695
7426.04541 -15785.79395 7397.65625
9775.455078 -11107.24805 13862.77246
8356.702148 -11959.96875 5366.930664
5629.449707 -8424.232422 8235.750977
8147.512207 -12544.11328 5741.32666
8389.129883 -10190.68457 5559.814941
6345.678711 -6652.854492 8771.803711
6689.565918 -9592.614258 6112.412598
8082.088379 -8108.209961 13262.47754
8201.214844 -8241.094727 13357.5459
6685.897461 -6533.635254 11473.09082
7660.418945 -11986.27246 5690.51709
8198.124023 -14707.82422 6400.175293
9630.748047 -11253.77832 5189.805176
6089.208008 -7831.787598 7946.70166
8709.794922 -15121.17285 12451.15234
7687.515137 -7137.183105 13171.95801
6755.483887 -8775.538086 5870.665039
7253.794434 -12048.85059 6012.150879
6925.611816 -15720.0459 11393.84082
6733.796875 -6862.746094 12086.01855
9166.750977 -8085.463867 13165.90137
7281.876465 -10669.09082 5935.640137
7227.876465 -6262.396484 11522.77148
8592.09668 -12069.34961 13572.78711
6407.821777 -7017.382324 8107.343262
8196.176758 -11086.80957 5412.351563
8861.589844 -14213.48047 6354.774902
7864.05127 -9913.973633 5696.344238
8321.202148 -8152.927734 13288.85254
6880.083984 -9568.922852 5952.580078
6606.019531 -6939.639648 7998.231445
7688.461426 -11832.4043 5608.619629
7294.54541 -16341.25098 11697.17969
7098.009766 -16232.33789 11374.7666
6580.964355 -15512.87695 8192.269531
7720.710938 -13261.22168 12879.5459
7104.519531 -16336.82617 11103.88086
8044.754883 -12739.47656 5828.493652
5702.500488 -7985.877441 8412.774414
9219.733398 -8430.461914 13446.21484
7071.570313 -15609.44043 7213.615234
6750.76416 -7909.648438 12222.97168
6520.591797 -15896.15723 10544.78418
6211.233887 -7735.897949 7686.316895
7094.448242 -16137.56445 11545.46484
7515.132813 -6919.066406 13343.41895
9353.203125 -13435.05078 5626.249512
6837.872559 -15256.68262 7507.360352
6441.462402 -8035.395508 6419.314453
8212.646484 -13157.2041 5865.361816
6651.050293 -7897.544434 6299.142578
7785.270996 -9520.363281 13571.61035
8355.261719 -13676.9248 6008.811523
6632.599609 -14197.69043 7197.334473
8043.470703 -9555.886719 13633.66895
7334.578613 -8036.446289 13035.42773
9692.65918 -13263.13867 13487.95801
9546.757813 -13563.72949 13321.94727
6718.995117 -6436.007813 11366.17773
9193.958008 -9225.924805 13637.6543
7333.337402 -15916.62109 11942.06738
6560.876953 -7291.386719 11655.77637
9515.512695 -8929.323242 13533.36621
7936.657715 -10745.64746 5595.654297
9330.735352 -13591.07715 13269.00781
9146.620117 -13855.93262 5969.612305
8684.617188 -12803.3291 13363.98242
7763.146973 -9637.171875 13596.27246
8580.295898 -12949.56152 5681.259277
6848.807129 -15503.13867 7805.243652
9645.65625 -11295.88379 13797.8418
7337.370117 -10002.61914 13525.00879
5918.096191 -9090.027344 6978.070801
7209.25293 -8378.007813 12965.32227
8085.048828 -7425.051758 12947.02344
6316.165527 -11904.82617 11816.80176
6279.282227 -9824.431641 11721.00781
6449.274414 -11199.97363 6773.749023
6185.633301 -8675.075195 10621.27148
6220.015625 -8962.948242 10728.33691
6786.242188 -10412.87793 12945.75488
6122.01416 -14081.52539 8093.261719
6199.732422 -12394.81055 11382.06543
6371.772949 -13437.56836 7298.68457
5901.365723 -8394.571289 10152.98828
5880.20459 -10969.22363 8008.168457
5847.59082 -13294.25 9522.916016
5690.506836 -10630.86621 9020.624023
6846.831543 -13989.12793 6965.138672
5880.491699 -14701.22266 9267.970703
6433.918457 -12298.92383 6931.677246
5505.675293 -10125.92578 8631.216797
5957.277344 -14052.39551 9705.952148
5834.834473 -13066.30176 9852.496094
5759.300781 -11039.35352 9163.328125
6382.216309 -13977.07422 7368.715332
5490.155762 -9425.458984 8785.316406
5541.520508 -9837.430664 8933.896484
7156.453613 -13891.18457 6673.128418
5576.95166 -9114.988281 9268.323242
5967.680664 -11542.86035 7645.664063
5962.856934 -14409.55273 9688.177734
6527.287109 -11837.5957 12120.73633
6121.895508 -12522.72461 7694.032715
7135.103027 -12242.41211 12843.18555
5988.30127 -14412.60156 10032.20508
6384.081543 -11954.22754 6722.103027
6385.965332 -12236.44824 7120.491211
6291.214844 -12009.99121 11730.4668
6288.230957 -9669.675781 11586.1377
6706.206055 -14145.62109 11903.61328
7287.49707 -10917.94824 13290.03906
5907.61377 -13631.86719 10106.27441
6378.415527 -12169.64551 11851.77832
6376.597168 -12961.90625 7270.336426
6201.045898 -13774.31738 7504.000977
6299.626465 -8411.041992 10815.05957
6095.546387 -9234.360352 10287.49707
6978.37207 -14084.4248 6849.319824
6570.817383 -13258.77441 11509.73828
5649.994629 -9945.688477 7532.030762
6688.695313 -12163.19531 12320.62109
6626.395996 -10640.54102 6301.401855
5563.800293 -10401.83691 8563.570313
7028.999023 -13864.55371 6781.902832
6670.839844 -11603.3457 6240.855957
5969.297363 -13893.62988 10225.17578
5530.687988 -9509.463867 8301.039063
7130.00293 -9520.744141 13206.79199
6257.016602 -8844.740234 10802.05273
5717.431641 -9729.240234 9643.276367
6635.917969 -11987.05762 12248.85742
5472.756836 -9696.149414 8642.175781
6447.256348 -10239.96289 12386.39551
