6922.289551 -9647.545898 9492.404297
6793.584961 -11322.13672 10227.22559
7486.763184 -10052.53418 11246.55566
7166.692383 -10510.875 11963.55664
8732.810547 -11120.00586 12689.98828
8052.184082 -11171.26074 11836.55566
9130.124023 -7563.770996 6666.253418
9123.164063 -7596.657227 7331.765625
8777.181641 -7621.608887 6343.033691
9997.112305 -8847.672852 9987.254883
10523.64746 -10797.88477 9314.416016
9937.820313 -8828.878906 9899.836914
8646.706055 -8608.023438 7876.387207
7899.547852 -7607.725586 7869.405762
8938.683594 -7582.340332 7947.763184
9150.266602 -8396.074219 9130.661133
8036.450195 -8101.692871 9755.803711
6896.577637 -8707.524414 9840.180664
12068.4375 -7338.940918 9440.646484
12554.32324 -8353.630859 10179.19238
12083.00781 -8111.489746 10343.35352
10643.73145 -11278.20801 11233.52637
9606.749023 -11040.75781 12566.96582
10474.23047 -11097.42871 11401.88965
8134.593262 -12856.52441 9520.956055
7894.366211 -14291.42773 7939.863281
8342.066406 -14369.46484 8628.572266
6412.972656 -12586.27832 10917.75879
6451.464844 -12856.03613 10984.42969
6437.456543 -12182.95313 10061.47852
9485.506836 -11673.68848 11182.0498
10162.25195 -12037.79199 10989.41113
9233.87793 -12307.45117 10548.15137
10542.00977 -11434.73926 12441.00098
9534.104492 -12143.41309 12324.52344
9918.114258 -12936.39551 12495.21875
6127.412109 -9491.81543 9668.75293
6179.765625 -9439.165039 8730.165039
6885.086914 -9835.056641 9629.999023
10113.94336 -14084.68164 11327.19824
10928.56055 -13442.2168 10948.18457
9696.21875 -13673.85449 10809.50488
7057.163574 -12493.99707 8782.825195
6675.831543 -12076.86719 8175.712402
7082.374512 -12649.27441 8791.355469
8690.974609 -12610.24707 7901.181152
7949.537598 -12331.69824 9476.870117
7984.344238 -12653.52637 8599.808594
8513.642578 -8400.18457 10966.42383
6945.13916 -9409.683594 10856.70508
7145.910156 -8826.358398 11659.35156
8644.461914 -10409.56641 13519.8418
8275.332031 -9827.09082 12915.74902
7964.550781 -10839.01855 13267.82422
9405.519531 -10209.44141 12277.79785
9011.612305 -11096.9834 12005.30273
8578.292969 -10343.2041 12282.55469
11744.03613 -10836.90723 13165.58594
11044.8125 -10849.01465 13187.78613
11096.81348 -12450 12357.8125
5909.222168 -10849.58984 8911.871094
6742.077148 -11010.30078 8757.874023
6286.459961 -10731.52441 9033.891602
9841.556641 -13761.18262 11735.47559
9639.137695 -14396.0332 11236.09766
9157.948242 -13190.56641 12125.73145
8224.853516 -11806.76367 10677.13867
8575.064453 -12741.71094 11528.06152
8437.084961 -13433.02441 11568.98633
11846.18262 -9927.177734 11033.30957
13140.61816 -9806.179688 10898.43164
12925.64648 -10271.38867 12000.72949
9753.962891 -8747.030273 12188.86523
10244.53711 -9415.134766 13082.19238
10442.48926 -8850.371094 12787.05957
8086.762695 -10162.05176 8768.998047
8312.297852 -9796.003906 8317.124023
7815.09082 -10315.63086 9193.482422
6568.615234 -10200.72656 7018.160645
6601.209473 -9911.522461 6554.936523
6941.540527 -10292.56445 7051.663086
8128.869629 -8878.912109 12649.61621
7108.053711 -9825.831055 12015.36035
7729.312012 -9360.760742 12836.92871
7491.617188 -8531.948242 11511.85254
8735.257813 -7679.827148 11582.6543
8210.261719 -8865.912109 12053.64063
7895.861328 -9540.299805 7187.794434
7048.352539 -6868.779297 7987.15332
8090.992188 -8755.581055 7625.385254
10563.36328 -12944.41602 12640.0918
10252.9375 -13105.32813 11843.7832
10893.42188 -12422.25391 13078.34863
9877.541992 -11628.9541 10626.93457
9346.942383 -10545.83203 11285.80762
10285.04492 -10970.4043 12617.38281
9683.427734 -8997.694336 12845.92188
8554.730469 -9461.865234 12512.43262
9650.394531 -9409.854492 13081.30664
8916.539063 -8236.431641 9674.615234
7854.76709 -9336.451172 9654.631836
8176.235352 -8507.47168 10299.24219
7432.474609 -12166.40137 10299.77148
7245.819824 -11910.25586 10139.16992
6951.275879 -11953.95605 10430.03711
8981.075195 -7847.973633 11529.01953
7463.056152 -7667.753906 11509.65234
8307.261719 -6625.451172 12465.65625
8985.925781 -9648.478516 11223.20996
8427.953125 -8378.513672 10947.10938
8493.556641 -9643.806641 10765.10059
9294.75 -11643.09082 9432.597656
10533.4043 -11163.80371 10427.97852
9818.958984 -12323.10449 9695.329102
6593.341309 -9660.919922 7854.241211
6291.064941 -9932.540039 7513.058594
6300.849609 -9799.162109 6721.976563
9472.990234 -11463.46777 10580.29102
10428.92578 -11799.04785 10560.54395
10026.36719 -10633.91211 10578.70801
9666.393555 -12383.97168 12472.74609
9048.413086 -11289.56348 11867.37402
9432.516602 -12369.14941 12113.92969
9046.463867 -14895.80273 9468.214844
9115.336914 -15329.99316 8623.53418
9512.884766 -14226.55371 10001.19434
6817.075684 -12529.41797 9611.568359
6632.89502 -12798.58594 9302.331055
6620.813477 -12304.91699 9820.508789
8322.474609 -11823.87695 10436.81445
8323.397461 -11770.24707 10750.27051
7328.969238 -11360.81738 11038.71484
7112.299316 -11779.83105 7845.26709
6425.383301 -11770.78809 7777.32959
6983.847656 -11741.90137 8418.667969
8183.160156 -12909.16797 6532.064941
8328.966797 -12331.01855 7439.012207
6982.73877 -12588.70703 7116.287109
10203.19727 -14064.16016 9357.148438
10389.20996 -14402.96484 8996.356445
9683.581055 -13570.91699 9079.169922
8805.367188 -12918.63379 13025.22754
8634.648438 -12665.00781 12202.7832
8756.208008 -12278.98633 12330.16895
6711.494141 -8825.580078 10074.88965
6099.254883 -9686.806641 9526.81543
6696.05127 -9534.364258 9808.329102
11992.02246 -8883.530273 10841.34668
11442.25586 -8866.109375 11919.95898
11793.62012 -9425.422852 11217.89063
8431.921875 -7061.13623 11394.85645
7284.439941 -7744.132324 11443.62793
7155.014648 -7630.016113 11262.37012
9368.615234 -11707.37305 6484.34668
9965.463867 -12236.62891 7034.598145
9879.053711 -11644.08789 6475.774902
8548.044922 -14233.99609 10057.09863
10600.81055 -14004.4209 11386.1416
9271.380859 -13777.30371 11758.36035
8167.257813 -7869.064453 10376.83496
6433.328613 -8095.796875 10108.80566
6746.047852 -7134.865234 10299.50391
6730.483887 -6983.525391 9540.862305
7241.68457 -8075.193848 8914.519531
7584.810059 -7944.919434 9000.510742
8390.483398 -7657.544434 9521.701172
7942.711426 -6713.916016 10754.39844
9014.276367 -7933.224609 10454.83301
7811.486328 -13500.39453 10588.38184
7428.953613 -13726.4873 10308.70898
7092.586426 -13741.76367 10347.27539
8939.603516 -12308.76465 9278.073242
10500.32813 -12464.90039 9245.514648
10929.81445 -12767.18262 9293.87793
8374.061523 -10948.87695 12063.65137
7748.684082 -9908.269531 12570.10156
8223.085938 -10441.82422 12143.37988
8978.692383 -14484.61523 11026.31836
9771.75 -14515.56055 11027.16699
9247.790039 -13608.56445 11029.47949
7587.518555 -7649.239746 12114.26074
9352.373047 -8099.790527 12261.71973
8299.383789 -7525.243652 12196.81738
6073.718262 -7426.177734 8611.860352
7502.90918 -7875.214844 8440.942383
7176.796875 -7876.807617 8132.519043
7431.705566 -7108.836914 12284.02148
7207.688965 -7049.470215 12157.37988
6904.879395 -7591.828125 12613.90234
6948.240234 -12011.2334 10317.03613
6030.492676 -10620.48828 10659.37793
5943.518555 -11995.2002 10288.7373
11383.58398 -14295.92188 8549.870117
10862.35938 -15031.28418 8889.966797
12144.74707 -14109.28125 9158.907227
6401.444336 -12089.3584 8184.327637
6408.962891 -13224.35156 9048.40625
6242.460938 -12454.55078 7728.020996
8138.385254 -15407.16309 11308.7959
8487.06543 -15421.16895 11693.12695
9005.767578 -15727.65039 12187.08203
7185.244629 -12620.77637 9498.207031
6935.781738 -11757.72754 9843.483398
7292.656738 -12915.46094 9121.392578
10508.00781 -7298.787109 10200.12207
11368.07617 -8243.707031 11159.07031
10811.94727 -7187.445801 11248.30859
10059.93945 -15022.17383 7336.968262
9338.947266 -13902.78027 7758.577637
8935.625 -14099.59375 7972.535645
6940.977539 -9743.304688 9046.588867
6021.026367 -10109.66992 9463.658203
5881.438477 -10546.00879 9124.704102
8056.913574 -7190.010742 11725.2168
9072.087891 -7690.6875 11012.01367
8716.80957 -7305.138184 11924.38086
10038.34082 -14494.83105 10848.53223
9788.410156 -15095.91406 10855.43652
9215.919922 -14362.7041 10646.65625
7231.25 -17666.10352 10782.7002
7726.839355 -15411.00098 9938.59668
7775.713379 -15437.15332 10809.43066
8291.953125 -6531.91748 11258.19531
7549.702148 -6746.397949 11215.7793
8282.068359 -7035.020508 12195.46289
9886.410156 -8795.428711 10525.28223
9698.177734 -9510.800781 10781.69727
8782.556641 -8717.775391 10404.30762
8695.568359 -13125.68066 9146.700195
8924.697266 -13116.55176 9334.731445
8799.265625 -13260.99219 9579.637695
6352.117676 -8532.483398 7823.589844
6069.993652 -8440.018555 8061.033203
6033.891602 -9145.176758 8063.626953
10245.74316 -11171.36035 8920.194336
9734.578125 -11249.26855 9037.191406
10051.18555 -10952.9834 9625.745117
7728.855469 -7117.797852 12260.24805
8641.197266 -8457.197266 10778.27637
7083.219727 -7930.263672 11278.4375
7651.436035 -14748.2666 10504.69238
8072.726563 -13797.51367 11085.50586
7456.581055 -14239.7832 10755.24902
5838.168457 -7568.445801 8658.748047
6721.14502 -7586.43457 8518.760742
6544.213379 -7987.288086 8935.257813
8027.804688 -9030.131836 9748.577148
7917.637207 -8749.130859 10179.14063
7156.617676 -8645.59375 10217.60254
7437.749023 -11226.23535 8877.229492
7200.057617 -11627.29102 10171.77344
7146.805664 -11288.54102 10852.84668
8353.539063 -8189.537109 12449.47461
8132.180664 -7943.082031 11536.21875
7777.263184 -9881.083008 12451.9707
6362.82959 -11527.16016 10573.5332
6559.554199 -12433.09766 10918.10254
6660.731934 -11903.6416 10914.67871
6116.575684 -8699.011719 9113.618164
6283.225586 -8822.844727 9926.570313
6619.981934 -8354.34375 9710.547852
6910.09082 -7866.670898 8975.22168
7536.408203 -8322.6875 8507.760742
6481.82666 -7534.606445 9574.177734
7134.404785 -15780.22461 9108.756836
7793.482422 -14874.70703 9055.004883
7339.541016 -15612.35156 9067.242188
12244.0332 -8913.291992 10855.9668
12404.1377 -7906.074219 10723.99414
12207.45215 -9049.05957 10648.67285
9583.743164 -13400.19824 7132.214355
10011.69824 -13202.92773 7621.291016
10057.65723 -13162.64941 7984.205078
7715.716309 -15011.64941 11065.99805
7728.274414 -14244.62305 12207.16016
8639.774414 -13964.04199 11730.0166
12189.39844 -12495.14844 9191.408203
12423.10938 -13914.24121 8031.229492
12177.8623 -12275.69629 9547.375977
9085.085938 -11273.25195 6105.771973
9279.645508 -11426.45313 5961.455078
10004.06641 -12052.13477 6192.696777
8072.272949 -14657.38867 9856.287109
8142.205078 -14276.19531 9265.553711
9239.412109 -14625.22754 9143.198242
9045.84375 -9540.796875 8345.261719
8816.094727 -9043.389648 8834.010742
9265.262695 -8585.977539 8449.834961
10624.73535 -8275.773438 10461.76953
10974.32227 -8029.44043 10849.44824
10196.34277 -7852.839844 10341.86523
10067.20508 -7243.782715 10777.65039
11033.58496 -7351.918457 10768.62109
10392.94922 -8056.123535 11583.43066
7525.679688 -8748.723633 10568.30566
6752.283691 -9397.59668 10759.06738
6430.256836 -9367.253906 10288.25
7526.765137 -9855.861328 11334.4541
7395.116211 -9193.008789 10411.28809
7034.164063 -10285.50586 11534.41211
6512.614746 -15763.08984 9282.708984
7122.138184 -15463.00391 9766.201172
7851.367188 -16426.83594 9897.083008
8457.166016 -15236.7041 10950.56836
7969.517578 -14727.11133 10993.33301
7359.732422 -14840.54004 10716.97168
7990.137207 -7810.021973 8278.84375
8883.286133 -7376.729492 7631.370605
9146.114258 -8253.655273 8581.734375
6909.541504 -11063.46094 7330.208496
7403.983887 -11516.40918 7708.946289
7171.53418 -10698.31543 7066.474609
7026.494141 -11313.5791 10651.37012
7526.913086 -10312.375 9867.362305
6452.025879 -11005.26953 10250.96387
7654.612793 -15674.09961 9495.859375
7935.651367 -15888.24805 9550.738281
7730.688965 -15579.3125 9845.744141
10959.23242 -11129.20508 11509.31836
10890.33203 -10071.22461 11344.65625
11647.03809 -11593.12695 12284.05762
7845.319824 -9373.724609 13161.3418
7140.571777 -9059.807617 12712.25781
7490.765137 -9313.849609 12648.89844
8104.979492 -16501.91211 9959.642578
7861.000977 -15867.32129 9870.791992
8060.74707 -18183.74609 9998.31543
7706.918457 -16185.92188 9581.366211
7879.464844 -15787.62695 9024.251953
8539.955078 -15545.99414 8958.214844
8799.768555 -12288.66504 6254.472656
8708.980469 -13486.61426 6765.481934
8390.089844 -14015.54785 6525.373047
8764.614258 -14684.37695 11853.54492
8729.775391 -15058.57031 11403.81152
8561.386719 -13609.29102 12447.35645
7029.477539 -14056.06055 10142.30957
8711.070313 -13983.84766 10496.33984
8074.024414 -14537.75488 9730.578125
12305.1084 -14348.14941 9589.59668
12782.74902 -13904.17285 10502.86328
12428.45117 -13991.88477 9094.751953
9216.557617 -12524.59766 7960.304688
9230.504883 -13354.98633 8608.78418
9441.275391 -12142.25977 7270.508789
9643.348633 -10449.04688 10719.73438
11130.08398 -10988.45605 10903.25293
9036.194336 -10912.18652 10861.42285
12162.09961 -8432.984375 11395.45703
12318.63965 -8979.798828 11111.25195
12208.67578 -9027.248047 10837.98438
7726.168457 -11749.57324 8744.086914
7372.020508 -11997.68652 8362.860352
6801.452637 -11425.29199 8913.03418
8982.613281 -13316.78027 12113.3916
9571.335938 -13195.42969 12399.17188
8661.37207 -13432.60742 12491.10059
7486.580566 -9477.787109 7359.884766
7963.357422 -9044.333984 7624.162109
7299.806641 -9759.640625 7726.192383
7152.646484 -13552.33203 10383.66113
7106.634277 -14583.57031 10657.93359
7779.043457 -14738.37109 8859.392578
7365.727539 -14797.60156 7766.186523
8311.368164 -15742.15625 8448.297852
7646.421387 -15120.10254 7941.276367
5787.588867 -8944.945313 7734.426758
7078.394531 -9488.805664 7941.056641
6372.851074 -8377.05957 6725.747559
11642.38281 -9448.821289 10413.72852
12311.36328 -9705.464844 10536.25684
12012.0957 -9768.03125 10577.97559
10474.8418 -14008.59668 12637.66504
10194.83594 -14359.16211 12667.02148
10469.7832 -13377.66602 11785.74609
7765.266602 -16144.45703 9780.837891
7483.483398 -16905.64063 10399.23438
7436.508301 -15015.6543 10009.14844
6521.822754 -15324.79785 8574.452148
7218.080078 -14421.84277 8517.480469
6561.03125 -15143.38184 8290.310547
7675.4375 -9567.102539 10204.69141
7306.475586 -9007.289063 10304.74707
7844.71582 -9732.374023 11302.00391
7830.124512 -15570.87012 7396.556641
7271.734863 -15354.05859 8175.185059
8154.365723 -15221.87305 7799.823242
6640.483398 -11483.63477 9744.870117
6960.905762 -10833.5459 9773.957031
8025.697266 -12620.99609 11166.41113
8105.996582 -12647.7373 7462.321777
7778.183105 -12167.85254 7914.297852
7553.120605 -12331.36816 8712.978516
6937.714355 -7870.52832 9659.864258
7693.26123 -7128.958984 8741.577148
6876.80127 -7349.465332 8411.053711
7900.415039 -13620.80176 10934.96875
6923.405762 -13246.17188 11697.3252
7292.986816 -12167.92285 11014.63184
7408.215332 -6938.519531 11253.71387
7103.042969 -6593.449707 11776.69043
7076.48584 -6444.852539 11041.43066
8366.383789 -15749.97949 11424.95703
8745.146484 -17117.95898 11656.92871
9254.759766 -17445.95898 11159.6377
8110.576172 -10428.92383 10829.90137
7632.147461 -10280.52148 10697.97754
8152.9375 -9926.344727 10171.61328
11273.02441 -14182.61621 11310.73145
11337.81738 -14175.85938 11932.43066
10793.16699 -13870.32715 10704.33594
7945.407227 -11861.34766 13080.29199
7243.477539 -12029.02051 12243.65918
8004.878418 -12210.625 12396.34277
7880.989258 -7576.790039 12132.54395
8154.40625 -7753.84668 12112.46094
7981.306641 -7770.657227 12770.75977
9906.693359 -14391.85156 10014.23535
8906.655273 -14012.53613 9380.857422
9340.931641 -13888.11914 9833.066406
9378.43457 -8735.696289 11866.36816
9205.314453 -8008.567383 11989.40625
8713.899414 -8228.657227 12199.3457
7252.399414 -9503.689453 7590.791016
7327.310059 -9827.52832 8315.630859
6798.484863 -9592.683594 8634.928711
7418.889648 -13751.37988 8315.051758
7277.759277 -12701.8252 7554.412109
7403.76416 -13927.21191 8679.902344
7647.264648 -15135.71777 8543.391602
8384.319336 -14495.60938 7586.995117
7686.554199 -14885.19336 8693.011719
9727.326172 -16317.07422 11749.57227
9867.407227 -15159.52148 12221.2832
9656.667969 -15010.37207 11416.88184
6582.663574 -8339.626953 9714.908203
7114.256836 -7763.963867 9854.740234
7861.445801 -8974.943359 9861.52832
8892.092773 -13247.84473 9729.78125
9432.442383 -13840.91895 9661.660156
9901.387695 -13027.94336 9022.326172
6568.679199 -13600.91504 10065.40039
6970.058594 -13216.64063 10535.19629
8019.681641 -13171.3457 10420.02734
9772.208984 -13661.6582 8703.541992
9140.660156 -12844.3252 7097.388672
9189.506836 -13755.85156 7652.881348
12206.66992 -14155.85742 10343.41797
9345.358398 -12988.79785 6205.249512
8663.282227 -15202.01074 10302.08789
8615.948242 -8692.486328 5924.405762
10394.8916 -14604.2793 7819.047363
11952.45996 -10299.19727 7393.568359
8535.755859 -8846.236328 5975.592285
9945.044922 -8760.601563 7271.466797
8764.358398 -10730.96289 8075.037598
12011.02734 -10371.81641 8901.067383
11250.91406 -12868.49707 8760.851563
10707.44531 -13919.91699 6496.914063
7946.523926 -10384.60059 13569.18359
11283.22754 -12023.91797 11399.14063
13636.24902 -12994.25879 7511.335449
11276.25684 -11858.73438 11423.35059
12668.52832 -9840.395508 10436.82324
11632.90723 -12344.11523 6471.067383
11652.37207 -11061.18164 10863.31445
9899.550781 -13914.18359 12416.3877
12121.78906 -10420.74219 9849.197266
10835.23242 -11318.92773 9530.827148
12264.49609 -10787.53418 12847.50488
9520.857422 -7097.016602 12266.96094
7857.625977 -9324.835938 7003.667969
8140.043945 -9549.267578 7571.137207
11191.90723 -6968.347656 8993.19043
7958.124023 -17760.21094 9647.013672
9147.210938 -6889.036133 9002.705078
12552.47754 -13296.79688 11159.00293
12452.78418 -16471.62109 8614.146484
14626.27051 -11925.84961 10212.21973
12245.79492 -9154.914063 8787.748047
11052.86426 -13517.03809 8939.036133
12908.2373 -11705.04395 10211.79688
12006.43457 -15600.82617 7682.067383
9371.957031 -15676.85059 9630.532227
10583.09473 -12015.25781 5839.509277
9867.635742 -13024.37793 6969.053223
11509.12793 -12510.49609 6380.093262
12482.12305 -8334.847656 8730.086914
13683.1543 -9980.771484 10813.00391
11639.85938 -11927.95313 9100.125977
8112.148926 -11450.94336 7839.058594
13287.06738 -10220.16895 8728.655273
12876.17773 -12963.27637 10575.67871
13197.75879 -8594.641602 10072.39941
12664.28809 -12218.65234 10278.77637
9890.970703 -13826.4209 6411.242188
13641.08887 -9248.34668 10813.88184
10451.12793 -10839.13281 9212.600586
12444.29199 -11434.07031 12458.98535
6644.421387 -13910.10938 7523.019043
8418.766602 -9508.574219 13554.77051
7050.408691 -6639.983398 8870.160156
7450.281738 -13624.60645 6692.174805
11701.05176 -14049.70703 10383.32324
9904.134766 -8553.888672 8922.456055
9977.818359 -12805.85547 6763.778809
11303.00391 -8468.155273 7059.946777
13399.29395 -10293.4209 7783.520508
11671.52051 -11652.57617 6470.124512
10962.16016 -15398.51953 8647.546875
5731.602051 -9415.689453 7447.611328
12319.95898 -13687.02441 7783.81543
11444.52637 -9678.617188 8933.818359
11847.42969 -8562.428711 12260.9707
11652.23438 -9168.03125 9848.682617
11192.08301 -13884.14648 6918.016113
10720.80371 -13043.22461 8618.383789
10344.93262 -6739.734375 8163.5625
8557.139648 -11168.56152 7507.619141
12048.05566 -10386.82129 9650.289063
11774.09473 -15014.02344 8451.560547
11435.30273 -8650.486328 7235.515625
12627.96094 -12346.0166 11421.45898
12482.59473 -9016.012695 9653.760742
10007.83789 -15052.03613 7991.058105
8556.003906 -8392.102539 6313.239258
12829.15723 -14850.65234 11298.67188
9016.570313 -8985.46875 5881.405273
9890.717773 -15380.73047 9897.871094
10492.43457 -10013.45996 7480.644531
12937.35059 -13490.56055 11174.44824
11440.8623 -14883.23828 8293.19043
12578.3291 -9641.772461 9504.623047
11445.60547 -10409.74121 8733.240234
12003.22461 -15926.2002 10857.64648
8947.294922 -7454.091797 10180.70703
7740.244141 -11967.59961 5894.912598
11640.74023 -8844.401367 12609.99121
12548.94629 -10410.40332 12430.8457
10514.31934 -14614.14941 9726.990234
8615.285156 -14653.0957 6697.897461
10962.56055 -6924.742676 8659.665039
12104.63867 -9764.81543 9908.079102
11646.83789 -14981.17285 8753.142578
8212.699219 -10370.26855 6121.213867
7883.523926 -15206.46387 6879.941406
11092.54883 -13642.58301 12559.67773
12125.68652 -12416.42285 10045.75391
11003.5293 -9426.591797 7676.233887
11002.7207 -15307.14063 8698.543945
9895.147461 -11318.27148 5308.190918
10524.14746 -14066.38086 6479.603516
10519.44238 -9951.913086 13535.89258
12243.82031 -13940.33594 8201.076172
12685.59863 -10619.57715 10005.17285
10874.18848 -16276.26172 11378.06836
13652.89551 -11319.84766 11321.44238
9986.124023 -14642.44531 7317.80127
7685.938965 -15252.85352 12209.36914
14001.57715 -11116.25586 8119.354004
9790.012695 -6985.787598 11517.84863
9566.935547 -9273.905273 13414.48535
10098.71387 -8328.75293 6414.658203
9683.486328 -8231.073242 6965.801758
12698.57422 -14049.41406 10689.82422
11085.47656 -7688.131836 7094.530273
12673.28418 -12526.87207 11059.50391
9576.678711 -13186.71094 7055.671875
5719.380859 -9165.602539 8166.641113
11361.09961 -12902.35254 7337.345703
10990.8125 -12583.22656 10604.65527
12025.12207 -15507.70605 11737.20605
11479.78027 -8731.24707 7479.439453
11702.02441 -14702.08301 7772.276367
12297.3252 -8020.165039 7379.382813
8407.201172 -10978.86035 5562.941895
10749.67285 -12075.97363 5984.840332
8643.261719 -17640.91602 9184.055664
10152.34766 -7294.46582 12273.10645
10070.75488 -14729.2793 8614.987305
10508.20313 -9806.239258 6624.113281
10469.24414 -9858.623047 8078.731445
10818.07422 -11560.36035 5773.075195
11268.15918 -14566.68945 7280.110352
10462.78906 -9882.421875 7145.288574
9615.296875 -9897.643555 7820.436523
12348.76367 -15936.60938 8258.295898
10696.6416 -15734.4043 8985.46875
9623.716797 -8641.018555 6398.517578
13571.92773 -12602.18066 10921.87793
8482.22168 -9731.411133 7809.790039
9973.677734 -8341.067383 6661.740234
12863.27051 -10764.15137 11458.55957
12692.58789 -16715.34766 10758.73535
13139.30469 -9683.24707 11990.04004
7992.10498 -11234.46387 7965.472168
13018.05762 -8665.84082 11280.22656
8328.425781 -7916.339355 5931.959473
11060.97656 -9628.367188 9324.237305
11137.18652 -7633.256348 8537.988281
12139.70313 -9315.524414 8550.307617
11527.32813 -8184.05957 7099.261719
6078.700195 -13088.27246 9674.896484
11339.58594 -7778.321289 8783.609375
11067.18164 -13701.94629 9096.783203
11927.89063 -8241.076172 12153.33887
13074.13184 -15016.16309 7536.167969
10111.05273 -16442.18945 8303.65332
13349.17871 -11636.44336 10837.92383
11433.48145 -11955.81543 13156.73926
10405.86816 -16662.17773 11525.2666
10575.20508 -14423.75391 7851.609375
13567.00488 -10338.93164 9779.135742
10338.00293 -13739.10449 6485.704102
11250.16016 -9680.665039 12786.15527
11808.55469 -9472.387695 9738.467773
10615.29004 -14640.36914 10412.15527
9307.012695 -7405.194336 6513.382813
8384.991211 -6413.803223 9404.205078
10496.29883 -10816.7041 8529.046875
13433.04395 -10682.65332 10206.33691
9105.072266 -15369.57422 8515.09375
9806.256836 -13641.10352 6428.15625
11500.84375 -14080.61035 7632.154297
11386.97754 -12383.81152 12707.21484
11964.84082 -16543.77734 7683.660645
12973.58301 -9644.94043 9858.758789
13014.12207 -8799.44043 10110.9082
11054.3916 -13186.09961 10467.20313
9655.967773 -10234.26563 8542.737305
11776.06152 -16364.91211 11346.7373
12666.95508 -8976.703125 7488.275391
11451.81543 -12462.7959 6846.772949
8523.663086 -16853.4707 8920.976563
10246.75684 -8054.026367 7252.415039
11533.37598 -16066.11719 10971.06445
10368.26367 -13229.21582 12592.82617
7762.776367 -6493.70752 8635.549805
9837.958984 -8728.594727 6313.667969
10432.19434 -10816.20117 9657.800781
10245.06738 -8386.389648 7443.671875
11549.76855 -10118.08691 12603.94824
10082.89453 -15639.92871 8790.37207
7307.169922 -13595.19336 6679.775391
7348.941895 -17218.1543 10629.59473
10173.69434 -7525.250488 6689.072754
10895.30762 -17142.67383 10970.35449
12982.13086 -11979.74902 12215.63672
10585.9707 -15284.89844 11528.63477
9866.567383 -12132.69043 5147.036621
7779.222168 -17312.35352 11432.44434
12292.67383 -13287.06641 11852.14844
14382.07422 -10790.6543 9882.991211
12916.44629 -10157.72559 9729.874023
12168.14258 -9149.185547 7311.622559
12775.41406 -10656.38477 11872.52344
11747.64746 -14819.03906 11447.12891
10744.34375 -13744.28027 12376.47949
13838.85449 -14095.33691 7578.293945
6553.128906 -14857.14941 7892.583984
11046.49609 -11830.74902 6780.456055
10507.08398 -8010.963867 8787.680664
9413.554688 -17003.13281 9370.259766
10211.17188 -15697.53125 11623.25879
10985.56152 -13595.84668 10476.53516
8412.225586 -8411.966797 6302.859375
12357.14551 -13639.72949 11745.46191
13050.99316 -11492.87695 11497.71973
9211.178711 -13272.40527 12849.14063
10339.28418 -13462.27148 6368.758301
11305.48242 -12853.17188 8553.99707
5909.037109 -13118.75488 9759.633789
10509.35938 -14144.91113 6920.314453
11255.24902 -9794.881836 9899.980469
8761.838867 -6740.358887 10408.59766
9834.236328 -14120.35742 12328.28906
6370.840332 -14358.11426 11120.74121
8831.981445 -11191.45801 6432.483887
12580.34277 -13541.18945 9397.783203
13270.03125 -14131.37598 7655.649902
12696.52832 -17411.00781 9797.912109
12683.2666 -12971.79785 11885.94824
12650.68457 -10736.3584 12362.36914
12718.91211 -8590.87793 7781.272461
10254.96484 -14975.67773 7550.160156
12374.6377 -14767.43164 11608.4043
10793.56738 -13043.23535 10100.5459
12554.83496 -8960.27832 8950.157227
6607.938965 -12572.18652 7358.418457
6764.432617 -11279.07324 6263.970703
10401.52734 -9808.009766 9496.501953
12478.34863 -10902.75684 9901.792969
11028.93848 -9630.71875 13047.37207
9455.94043 -16272.72363 8063.745605
12115.84473 -10965.54004 9582.245117
7368.429688 -9828.963867 6187.663574
14653.8877 -11367.99121 10126.51758
11142.91113 -12322.47949 11241.11426
9744.838867 -15926.32227 8650.507813
14120.72949 -12962.89941 10840.91406
10189.17383 -8626.099609 7764.205566
7138.766113 -14926.95996 6875.663574
8812.762695 -17271.29102 11491.34668
9911.169922 -12974.39551 6868.195801
12881.60156 -8625.707031 9475.392578
12955.35938 -13756.0918 10306.41504
11605.62793 -15488.08789 7485.436523
9828.802734 -13280.32129 6270.583496
8851.070313 -11389.92676 5940.538574
12226.50098 -8969.512695 8773.667969
13909.68848 -10145.00098 10122.95215
8789.688477 -15117.59961 7783.62207
11145.45703 -8737.21875 12656.42383
9111.426758 -7784.509277 6132.087891
11832.43066 -9166.978516 7589.138184
9895.521484 -10251.18945 8079.966309
6451.426758 -13138.1084 7603.915527
9689.381836 -17662.18555 11397.8457
10818.41895 -18089.42969 9312.933594
8216.068359 -15350.77246 6818.610352
11862.99023 -13672.85547 11387.00293
12939.08105 -11109.8291 9665.361328
8339.648438 -11539.55273 5673.685547
12764.93066 -14658.68359 7749.703125
12435.4043 -8055.584473 8535.401367
12322.11816 -7848.053223 10022.79395
11352.01172 -6635.895508 9908.616211
9145.803711 -15907.29688 7548.763184
10989.08789 -9572.52832 8170.560547
7886.743164 -16871.48438 9194.160156
6891.090332 -14599.32031 6986.413086
12469.15723 -13815.82031 11155.45898
13048.67578 -10110.01172 12061.70215
12588.625 -10806.83203 8183.055176
13091.05176 -11236.96484 11413.20703
13357.02344 -11853.90625 11940.30469
10966.32031 -9234.463867 8981.356445
6963.652344 -13162.00977 6948.632324
12107.91602 -11993.33789 10023.00391
11202.16016 -13804.21387 10683.29102
12690.55566 -13854.26758 10230.6377
11469.85156 -13025.82031 12543.1416
11921.12598 -9539.805664 8742.671875
10120.08301 -11459.61035 7972.749512
9624.100586 -7580.440918 6905.722168
13564.9873 -11184.06641 8002.505371
13143.88574 -10260.20703 9344.581055
10844.55859 -15136.40625 9054.334961
7786.444336 -16336.9668 8778.849609
6130.317871 -7011.105469 9387.481445
9504.459961 -9048.560547 6072.975098
10703.61914 -9562.854492 6758.691895
13058.44141 -9531.529297 9106.8125
13159.68359 -10787.10449 12226.36914
9265.292969 -10358.13184 8314.461914
14070.55566 -14978.05273 7961.066406
11715.35352 -14378.12207 7617.283203
14206.80762 -10800.1084 11244.64063
8968.723633 -7267.709961 9443.137695
11440.53516 -10490.28418 9872.511719
10286.41699 -15693.76074 12060.68652
11888.3252 -15318.80664 10644.4375
12767.42578 -10923.07617 11955.43457
9394.884766 -11613.16406 7950.440918
12264.37695 -14479.37988 7740.59375
11215.33398 -13929.79395 7071.156738
11623.15332 -11400.73438 6049.85791
10967.10645 -12587.63379 8012.388672
8753.618164 -7145.112305 12526.30762
12441.69043 -8821.645508 9809.594727
11080.52246 -13030.0459 11328.53418
9443.96875 -6946.452148 10312.05957
10773.81348 -10030.62109 9681.054688
13406.41406 -11035.19336 8471.487305
12841.09082 -11473.01855 11330.89746
13073.86816 -9949.005859 8942.942383
8821.726563 -15242.16602 11276.46289
8971.224609 -15889.75 10162.99121
6328.536621 -14537.52441 10933.0459
10428.29199 -13924.0293 7350.242188
12674.13867 -14629.6709 7591.637207
11252.36328 -7902.393555 7492.684082
13572.58691 -11195.17969 11901.36133
6758.979492 -11802.99609 6401.108887
11537.37598 -7603.378906 8423.393555
12029.34961 -9478.923828 7575.096191
13062.90234 -14112.36426 11491.3252
11073.81445 -15237.45801 9316.30957
10389.4248 -7726.068848 6886.57373
10974.54395 -9278.725586 7204.024414
14727.81641 -12060.79883 8967.490234
8052.487793 -7767.05127 5858.152832
14187.58984 -12442.76953 11086.85156
12470.56641 -14621.95801 7911.808594
7892.447754 -14779.58594 6799.583984
12801.125 -13620.06152 7596.58252
13585.17871 -10263.32227 10952.42285
12478.25 -12720.55078 10046.87207
11735.35449 -12943.21484 8832.731445
10728.99805 -9920.199219 7251.31543
7423.458008 -6666.923828 12921.14063
9200.650391 -6539.153809 12031.78516
9448.584961 -13409.36719 6480.397949
9676.417969 -9283.886719 5875.685059
9746.490234 -16046.43066 7603.077637
11480.62402 -10686.36035 10022.47656
10961.98242 -15524.69922 8976.165039
8508.617188 -6390.52002 10531.53516
11522.9707 -11711.18945 5899.224121
9607.069336 -13954.27734 12413.31543
10366.17578 -11035.6748 9887.388672
13248.82422 -9309.597656 10561.36523
8497.777344 -6502.616211 12917.48047
10566.1875 -9889.378906 9171.866211
9729.539063 -8096.812012 6639.915039
12862.37207 -8404.575195 10058.06738
10575.93945 -18085.70703 8942.612305
11685.94922 -11424.02734 9317.121094
10828.19434 -12651.20508 11371.89551
11956.21582 -10244.30078 12125.94531
12381.74707 -13391.18652 11004.94922
12099.35059 -15901.55957 11047.91992
10948.01465 -14684.01563 9753.313477
8140.55127 -6146.988281 10691.49023
12531.13867 -9573.009766 8082.925293
11638.97363 -11288.07617 10918.48145
13213.52051 -10325.54102 10476.22363
12534.60156 -10893.00781 9439.124023
9964.972656 -7620.899414 6668.060059
12354.81348 -12008.27637 6695.143555
10955.80176 -9680.301758 8596.745117
13026.76465 -9475.115234 9941.519531
12297.30469 -13942.20703 7400.729004
9300.800781 -11176.92383 5511.651855
9896.549805 -8039.679199 6106.993652
10577.25 -14280.45117 7038.539063
11721.52051 -11338.62012 10382.66113
10645.08203 -12953.11914 7289.022461
10143.19727 -14322.76465 9230.454102
12909.31445 -9873.637695 10364.35449
12416.13379 -9806.212891 12539.61914
13296.36719 -9819.845703 8648.986328
9548.670898 -7103.343262 10826.71777
10066.84668 -7746.665039 7010.30127
11433.5498 -16278.75195 8690.324219
12188.2373 -12718.89551 9071.775391
8397.568359 -6718.030273 9385.802734
9966.824219 -8545.549805 6373.802734
11062.3418 -10016.90137 8590.102539
12172.4082 -13535.12793 11891.5
13051.63379 -9493.470703 10265.24414
12363.60449 -9838.40625 9130.617188
10450.42871 -10037.14844 13754.01367
11342.7334 -11432.72168 10277.55566
9836.631836 -16607.63672 8297.050781
9597.00293 -7469.4375 6391.066895
12226.17188 -11767.96094 9969.87793
10876.26855 -11711.33691 11041.13672
8775.606445 -11109.03613 5839.70459
9984.03418 -13768.98145 6722.890137
11142.74316 -12092.63281 9490.977539
8286.191406 -10250.23633 13218.38574
11839.0752 -14940.08984 11815.64648
9720.262695 -7281.801758 12309.73535
14624.82422 -11868.69629 10203.5791
11113.43164 -13181.06836 6887.611816
13809.94727 -10893.83496 9582.030273
9741.553711 -6446.730469 11002.58594
9172.667969 -15432.16309 10454.04688
9877.791992 -16157.80566 9376.311523
11767.88965 -10884.7793 9750.987305
8931.563477 -15421.35645 11352.00098
11967.09961 -9078.645508 7213.702637
9003.553711 -7540.495605 12608.66602
11867.34863 -9357.606445 7025.195313
8136.366699 -16175.05371 10250.57813
13716.69629 -12447.94531 10834.01855
7542.87207 -17922.30273 10376.65918
11319.34863 -14718.04883 9618.591797
12444.61816 -12212.04688 9646.091797
7635.317871 -17157.6543 11384.95508
8549.620117 -16506.38281 9778.901367
11485.8916 -13103.07129 9220.870117
11406.04883 -12328.76367 6437.713379
11899.91602 -12046.68066 11187.66309
11688.14648 -13402.67676 7858.069824
12003.44043 -10492.87793 9330.489258
8621.446289 -16734.4707 8426.521484
12685.00391 -8762.984375 8427.556641
10222.7041 -12780.95313 7304.065918
10448.80371 -10571.5166 9414.866211
11288.53223 -10682.29004 9626.983398
9081.970703 -7430.506348 9292.893555
10514.33887 -17073.41992 11046.08203
9846.43457 -6974.604004 11219.56152
13496.80664 -10482.78516 10569.00195
12495.45313 -8854.348633 9869.520508
6107.15918 -14442.0293 10228.80859
9970.661133 -9971.166016 13278.83789
13438.54004 -14305.02148 10559.36035
7765.384766 -9822.951172 13414.4873
9275.317383 -16206.25098 8561.651367
9568.300781 -9778.647461 9551.916992
9359.404297 -8632.794922 7543.598633
9275.208008 -15740.89844 9823.669922
7285.625488 -10041.36426 13357.97363
5750.73584 -10052.0166 10347.37305
12254.95313 -13261.16992 10525.3125
12847.82031 -10072.00098 12074.4873
12647.47754 -10238.00586 8753.189453
10494.125 -14828.01074 7485.380859
11373.42578 -12818.56934 11889.72754
11300.61621 -9541.598633 9834.905273
11815.9502 -15595.38574 8085.981934
9088.459961 -7080.896973 9069.636719
9909.322266 -10393.90039 9606.777344
11057.71289 -17539.03516 8441.010742
9370.135742 -14021.95801 12881.80273
8882.683594 -15638.25879 9289.722656
11482.88379 -11462.96582 9525.275391
11964.67285 -14538.02441 11676.03809
13368.0752 -16643.25977 8436.479492
12700.7334 -9424.178711 9639.447266
10802.75 -11525.7627 5664.402344
11664.74805 -13298.3584 11194.89941
9045.022461 -16928.99219 11231.46191
11360.83984 -11802.98047 6293.282715
11432.57129 -11573.46191 9749.206055
9988.030273 -15117.94336 12319.31641
9874.745117 -7165.776367 7240.364258
10595.43066 -14769.1377 7049.028809
13349.74316 -16660.53711 8379.639648
11061.46387 -13146.35449 12480.9043
11181.34473 -17225.35938 10696.89258
9749.063477 -15502.7002 9484.212891
7480.766602 -14553.44727 7149.182129
9850.216797 -15721.14551 8920.948242
7172.486816 -11426.89551 6360.833496
12131.09473 -16161.04395 11071.45801
12526.1543 -8390.40332 9208.491211
11205.98926 -12572.68457 10912.14063
9544.350586 -10304.05664 9841.740234
10399.05566 -7383.190918 12003.95117
11262.98047 -13110.4248 11639.37891
12281.79883 -10574.10645 7569.900391
9812.831055 -14785.41113 8474.335938
9738.291992 -13241.97949 7126.540039
11712.88477 -12354.41113 8694.478516
10974.95117 -12752.52734 13050.21875
11816.43848 -17078.51172 7585.058594
9230.854492 -14999.69336 7724.450684
13474.61816 -13686.0957 11087.62793
10810.53418 -10303.90332 9997.325195
13600.92578 -12025.22852 10765.24121
10928.66895 -13496.48242 8858.604492
12951.50488 -12851.0625 11779.76465
14282.98145 -11932.17871 10808.15918
10955.08105 -10957.74023 9170.50293
11995.19336 -12551.99414 12394.2666
8952.073242 -7096.808105 12298.47461
8144.945801 -16310.01855 9970.633789
11287.85742 -9895.927734 9174.416992
9206.893555 -16664.22852 9255.40918
12334.58594 -12518.36426 12242.50586
14322.41211 -12019.47363 9959.711914
12832.2627 -10776.1416 10794.87012
8275.255859 -10749.4873 5800.243164
13173.37402 -14237.45605 10867.38672
12605.9502 -13084.1748 7151.570313
13472.86328 -10096.6582 8959.368164
8610.973633 -15678.49121 9397.611328
12562.07715 -9704.064453 8663.146484
11033.97168 -11460.34277 10099.62305
13892.85254 -12370.39648 10456.87109
6206.393555 -14326.68555 9749.301758
9165.155273 -6785.341797 9432.808594
8461.18457 -6528.349609 12051.3125
12466.94531 -14124.8916 9425.06543
10303.99707 -17463.64844 10649.40234
11181.11914 -8704.683594 12540.55957
9376.280273 -7148.187988 9248.915039
9123.004883 -7415.889648 10620.79102
9800.108398 -15491.98145 7394.778809
10641.94531 -8016.658203 9197.302734
11547.02441 -13748.90332 7861.952148
12218.77539 -8996.322266 9328.680664
7087.197266 -6516.52002 9167.282227
12716.43945 -12996.36328 9949.467773
12792.04297 -9003.165039 8422.298828
12889.43945 -8710.116211 8681.856445
10355.24902 -7553.59082 7601.143555
10509.7168 -10503.60156 8970.382813
14144.41504 -10844.34277 9947.370117
8731.756836 -8145.60498 6509.166504
11271.22656 -6996.263184 8131.80957
11731.02148 -9983.859375 8478.616211
12548.8916 -12297.87598 10931.9209
6034.441406 -8367.780273 7212.192383
9253.584961 -7422.30127 10016.81738
12191.09473 -12457.47754 10332.71777
13804.39844 -10594.26563 8640.759766
10209.87988 -14939.8916 9239.854492
9913.193359 -16554.18555 9226.288086
11817.79297 -10449.39551 7418.168945
11486.28809 -13480.05273 10487.27441
8515.878906 -17941.94727 9357.297852
7644.144531 -10708.00977 13407.81543
9460.521484 -13272.41016 5991.032715
11352.74414 -12676.53809 11792.03613
10391.93945 -15166.56836 7467.100586
10492.28516 -7084.430664 11682.87402
13015.78418 -13168.65625 9804.253906
9799.920898 -15801.73438 8164.95166
13934.39648 -13574.25391 10013.29297
10469.56543 -10988.98633 9541.161133
14570.47461 -12080.54199 10356.02734
8788.825195 -10512.29004 5743.244141
11112.54199 -9977.599609 9934.800781
11411.59473 -12869.69629 9137.040039
13053.4082 -10768.59082 7326.484863
8189.672852 -11214.81934 7677.223633
11815.50488 -12702.7959 11155.56738
11695.5957 -16222.3623 8376.833984
10541.11719 -7173.179199 11716.92578
8033.697266 -10981.32129 8017.218262
12183.81543 -15478.15137 7414.972656
11360.41211 -13710.52246 11041.25098
13232.52539 -9468.716797 8921.699219
7952.537109 -8563.197266 6467.031738
8577.999023 -16330.7959 10001.07813
10551.01758 -16305.43359 8244.328125
8845.384766 -7075.647461 8923.294922
8737.392578 -7378.634277 9412.381836
9016.925781 -9289.758789 5938.38623
10872.60645 -13083.41602 9044.081055
9978.703125 -6827.084473 10755.58887
12381.91504 -13690.84375 8370.503906
10572.66992 -10003.875 7565.600586
12889.66016 -10494.31348 8663.039063
14351.67871 -12770.2207 10099.61816
8099.141602 -17525.87891 9303.597656
12288.60742 -17413.41016 8558.640625
11032.13281 -14059.55664 7028.68457
13546.77344 -10543.54004 7757.736816
10229.26172 -14775.83984 8248.461914
6926.123047 -11087.50781 6310.747559
13895.13574 -11350.99805 10602.08594
9223.010742 -7437.312012 9984.96875
6579.137207 -6758.107422 8830.152344
10067.44922 -16969.63477 11327.73438
9704.386719 -15171.01465 10408.82813
7069.319336 -16141.84082 11126.26465
11002.0918 -12400.89941 10235.4082
13639.55469 -12773.9375 10205.53516
13035.4834 -11458.86719 11039.65137
11733.32617 -10167.64844 13072.75977
12058.13379 -13725.12988 10231.12793
8847.318359 -12236.53125 7724.564453
12402.9082 -10446.47363 10401.31348
9337.521484 -15701.99902 9712.137695
8488.394531 -8853.466797 13509.49609
13503.85742 -13844.42188 10206.10938
10044.46094 -9903.670898 8771.083008
7956.200195 -16500.88477 8742.71875
10783.92285 -17379.42383 8336.844727
12077.90527 -11451.05078 9856.71875
9738.25293 -10536.81348 8386.130859
8244.191406 -6198.011719 10243.00195
11682.2998 -12470.85449 11233.84961
12267.67383 -15665.41992 11653.6084
11283.03516 -14170.19531 8906.630859
10501.33594 -14623.91602 10589.06445
11106.51172 -15083.04492 8165.677734
11825.47266 -14487.18457 9774.037109
10093.59961 -6551.92627 11777.21387
11749.85254 -10879.64648 6502.582031
14343.8584 -11062.52246 10961.7998
7938.491211 -6844.338867 13221.8291
8066.492188 -6505.708984 8660.435547
11729.89453 -13569.27539 7840.893555
11531.69043 -10590.22754 6562.842773
11855.05859 -13654.19824 7618.250488
