8179.646973 -12695.08203 11870.31348
6617.172363 -14752.12109 9810.763672
6469.492188 -10785.50586 7004.534668
9958.97168 -7674.880859 8453.516602
11469.22559 -12371.06055 10060.93945
10586.03223 -9488.896484 11207.05078
9793.042969 -14074.90332 9851.084961
6800.65625 -10995.29395 6730.266113
7146.684082 -10338.75391 12114.57813
8064.501465 -10571.83105 5730.719727
11851.95508 -8129.564453 11779.14746
9221.426758 -8722.817383 11044.82324
9180.485352 -12835.2002 6421.083008
8970.081055 -9800.657227 12233.41504
5795.495605 -8741.913086 9542.123047
10191.75684 -12986.71094 11760.90527
9099.167969 -15070.47559 8732.977539
11201.22656 -11368.93262 11608.65039
11153.52441 -7995.941406 11619.03809
9531.007813 -8145.105469 10364.21289
10785.96094 -7242.706055 10257.92188
10258.00391 -8940.935547 11837.69629
6681.415527 -8158.14502 11071.84766
8301.761719 -11448.7627 13383.65625
7625.880371 -11156.73438 9370.825195
6674.436523 -13932.8584 9557.040039
9128.40918 -9775.331055 11675.82715
6707.87793 -14148.84766 11211.63281
9384.93457 -12829.22168 12412.24414
10114.61426 -13442.33008 9867.800781
7685.828125 -10141.81348 11167.61523
6463.811035 -11901.71387 9547.066406
10352.24316 -15404.37598 7133.179199
9562.4375 -12609.62012 12437.85352
10643.7666 -10816.6543 10367.42188
9377.773438 -7961.13916 10422.28711
6799.860352 -10731.68945 9498.28418
12788.37598 -8887.165039 11133.83984
7114.532715 -8734.636719 7677.067871
8776.78418 -7959.237793 8369.125
9378.208984 -14755.79785 8588.785156
7935.845215 -12596.67285 11191.0918
6695.921875 -9829.022461 9985.917969
9229.138672 -10305.10938 11977.57422
9443.236328 -12183.8877 9779.871094
10491.63477 -12342.15234 6056.377441
8219.120117 -11758.18652 8699.115234
10333.32617 -11611.45313 11850.2832
11209.18359 -15365.50195 7222.431152
7531.744629 -10339.6416 9072.575195
10006.15137 -14130.50781 9528.311523
8392.457031 -13029.48145 11896.94824
12427.55176 -9251.5 11228.53809
12140.70996 -12838.15625 9580.733398
9067.907227 -14620.875 10533.13184
9617.822266 -16065.29492 9568.012695
10231.29199 -9797.259766 6285.439453
7452.025391 -7404.875 7885.202148
9510.741211 -7006.574707 11380.02344
12041.80176 -10108.76367 11806.07129
7434.168457 -7780.187988 11791.59375
13737.51563 -11059.8418 7515.720215
7913.542969 -13291.05469 10395.63672
8159.12207 -16285.26465 8605.510742
10157.81348 -18430.26953 10904.53809
12756.51855 -14931.72656 7564.866699
11176.54883 -9775.640625 6690.727539
12874.19238 -9579.796875 11769.01465
9887.928711 -8745.805664 12892.85156
9881.241211 -13007.97754 10275.21777
8262.079102 -15307.53809 7569.273438
10205.00781 -8592.860352 12722.72852
8028.094727 -7729.859375 7706.165039
10302.07324 -7443.116211 9063.990234
8871.904297 -13381.91797 6266.924805
7822.362793 -11080.27051 11447.46387
8446.716797 -14650.66211 11939.78125
9229.195313 -12812.8291 9787.700195
8948.351563 -11257.94336 11735.20508
8463.223633 -13637.27148 8805.006836
8878.09082 -12307.00879 11250.95605
8954.319336 -10488.56934 9984.826172
9559.416016 -7882.623047 6556.616699
8215.612305 -11201.34668 9621.297852
8898.097656 -14482.99609 7469.027344
9203.337891 -8042.336426 8144.504395
11364.3252 -11221.28613 12994.2666
10502.08984 -11921.12793 6726.885254
9662.646484 -13954.06055 11452.71875
9647.669922 -12024.14355 7604.757813
8217.520508 -7067.728516 11704.06348
7625.185059 -11956.47461 7799.211914
12369.33203 -8337.90332 7476.274414
10636.83008 -16045.69629 7650.295898
7452.833008 -13520.91016 11074.04688
11448.02246 -8675.294922 6728.557129
10237.99512 -15739.58398 10898.95508
9714.991211 -8821.823242 6569.053711
7235.683105 -9551.024414 11154.5332
10527.90527 -14654.66699 11020.63672
11785.62695 -14497.60449 8861.345703
7807.163574 -8951.591797 8451.257813
12795.75195 -9065.974609 10884.03613
9120.108398 -7175.939453 7682.296875
12585.06641 -8194.130859 10189.02539
6130.450684 -14062.55664 9239.679688
8006.109375 -11651.98145 13047.00977
9402.686523 -9829.149414 12984.4209
8877.862305 -15278.31152 10688.39551
13139.29004 -16142.12988 10663.57227
10630.75879 -8175.617676 11171.89746
10271.95215 -17422.05273 7991.711426
10304.50098 -15403.46387 8854.849609
9746.65625 -12366.7002 6609.766602
7902.515137 -9879.729492 7906.994629
9761.509766 -7242.939453 8264.417969
11440.5752 -13931.28027 10387.77734
7567.304688 -15013.33789 8150.328125
9691.771484 -8867.53418 10970.79883
10963.13672 -8698.96875 8924.297852
8624.949219 -6515.035645 12947.58691
11451.08496 -9073.519531 7067.941895
11478.83203 -6770.046387 10016.02441
8248.959961 -7125.708496 12316.1543
13491.4209 -14916.5459 10819.34473
8229.06543 -15992.4707 7476.769531
5887.477539 -8059.458008 8683.849609
7937.780762 -7058.062012 9716.720703
12180.12305 -8156.705566 11447.07227
10003.87207 -13019.39258 12228.32227
9217.152344 -9076.128906 8754.173828
7868.947266 -7305.239746 9736.056641
7816.948242 -13316.69434 9969.915039
7587.014648 -12145.09863 10435.61328
10303.03223 -13429.73438 7974.455078
6617.258301 -14884.29102 9186.829102
10692.5498 -9596.581055 11574.5791
6570.285645 -9705.075195 9339.967773
11615.5332 -9549.956055 11718.62109
13123.49805 -13760.34668 7315.594727
7513.038086 -11570.07813 5734.806641
10415.54004 -13539.39355 12884.91504
11615.4082 -10099.24609 9824.615234
8872.59375 -15130.58594 9639.870117
7877.135742 -6830.241699 8722.319336
13769.3291 -12175.46582 11077.41309
9243.264648 -8017.755859 9313.636719
12958.49805 -10079.21973 9545.131836
8549.741211 -13753.97363 7506.40918
8167.330078 -16635.58008 11562.68945
11332.94531 -11478.41211 12300.66992
11537.49414 -7703.529785 10854.5293
6921.156738 -7951.640625 9169.494141
8577.240234 -12249.99805 6442.875977
9910.078125 -7661.667969 10827.58496
6353.65332 -9998.706055 7239.112793
11250.85059 -9527.197266 10450.25
7235.546387 -6700.313477 11732.0918
9298.335938 -13998.38574 9674.631836
9620.135742 -8674.981445 9223.017578
7629.555176 -8360.129883 7554.747559
8047.663574 -12549.79395 8465.314453
7601.458984 -7191.345215 10856.47461
8276.786133 -8952.273438 8737.384766
9433.78125 -9606.396484 8817.631836
9227.811523 -14331.59082 8017.947754
10111.03418 -12147.12891 10211.03809
6234.008301 -8116.249512 9031.574219
8364.68457 -13099.81934 12487.83105
9871.094727 -7807.679688 10901.83105
10851.3877 -10409.4248 10715.9375
11841.33105 -8089.533691 10701.37305
9448.573242 -12248.7959 11154.57422
6509.848145 -8923.272461 10408.73242
6764.807617 -11963.3457 9967.507813
10268.19238 -14951.14551 11837.20605
11740.44238 -15064.32031 7578.619141
11433.76758 -11771.79199 7682.707031
7468.325195 -14821.80762 11016.77344
13563.95508 -10906.7334 11156.1377
8598.152344 -7810.723633 8525.174805
10798.0293 -14682.27539 7405.660156
11560.62305 -9548.445313 11748.35352
9275.630859 -11093.00293 12496.74805
8147.905762 -12952.21289 12022.76953
9991.636719 -14163.73242 10108.9082
10997.75293 -9728.053711 5853.370605
9674.400391 -12402.16211 6190.512695
7651.165039 -12546.3916 9303.126953
7631.23584 -12791.47754 6984.650879
7849.154785 -11626.26367 6865.52832
7745.131836 -15648.01855 9959.958984
7536.141113 -10279.36816 9554.100586
9262.014648 -14953.70313 11086.44043
7885.557129 -14864.9707 10462.84473
8200.895508 -10011.45117 10566.72461
12338.4082 -14319.43945 9107.907227
6982.817383 -11192.4248 6759.411133
10722.80469 -12962.32129 9584.279297
9157.351563 -10288.03711 13251.97656
10224.16699 -13968.58398 10537.27441
8933.794922 -7530.470215 10328.4248
6515.615234 -12833.04395 11206.54492
6140.991699 -11884.90723 9110.837891
11636.79297 -11763.24902 8617.277344
7328.746094 -11025.96289 6695.567871
6768.803223 -8286.899414 9510.701172
9252.239258 -9345.417969 7967.578613
8069.930664 -6880.77832 11933.74512
6415.708984 -11895.53516 11672.80957
10774.4043 -6708.926758 10775.55273
6063.67041 -10919.06055 9498.800781
6280.480469 -12898.49902 10296.48633
9709.191406 -10306.44922 9989.40918
6191.695313 -10103.60742 8612.286133
12134.66699 -8151.233398 10707.99512
9688.336914 -10398.99121 8958.430664
7811.983398 -6989.939941 8487.095703
10782.05371 -12801.32813 10702.90039
8179.599121 -10395.72461 5667.974609
8748.191406 -14208.70703 8071.481934
8762.337891 -11767.64648 10427.52832
9191.478516 -14052.44043 11889.31934
7574.997559 -12833.8125 11506.1543
7261.254883 -13297.83594 8320.210938
9940.640625 -14940.13477 12112.77832
8870.856445 -15963.87695 7666.733398
10772.24512 -12094.61426 8232.25293
9319.9375 -11888.5127 7026.959961
8167.192383 -14896.84082 10737.69141
9047.744141 -10393.94043 9866.476563
9678.204102 -9533.899414 12814.08691
11951.77148 -8158.383301 10799.3457
7359.611816 -12461.26074 9470.217773
6519.075684 -13155.16211 8715.517578
8476.272461 -8165.055664 12877.01465
9484.978516 -10423.69336 10207.35254
7373.46582 -8626.061523 10983.76855
10004.25293 -8110.679688 11828.19141
9088.09668 -12775.28906 6028.058105
10549.15039 -8814.015625 9540.801758
6532.783691 -8098.402344 10859.46387
12328.60449 -10066.08887 11959.8252
8669.660156 -14492.6543 10284.46387
8058.344238 -9330.599609 5709.203125
12456.0127 -12308.55957 12617.48145
8303.170898 -13707.79395 9513.117188
7854.218262 -9758.994141 10180.14063
11251.49512 -10399.95801 12789.40039
11005.1084 -8104.563965 12276.56055
14288.88184 -12293.8916 8050.412598
10147.91699 -7439.040527 8532.487305
5668.409668 -9439.692383 7500.555176
8186.746094 -11831.16406 6560.070313
11773.02637 -12755.17188 8078.775391
7709.491211 -15143.00879 9302.472656
7083.227051 -15685.10254 8241.273438
7477.319824 -13668.49316 10878.31641
12288.23828 -14032.56348 11684.73242
5982.047363 -9546.714844 7212.775879
11746.32617 -9431.595703 12111.76465
11435.80078 -11325.54102 12343.61719
8587.961914 -13740.57813 10010.78125
6746.635254 -7011.875 10931.28711
8643.711914 -15029.35352 8278.703125
10005.57324 -10096.80762 10278.19043
9766.682617 -15425.0459 8494.439453
10923.64355 -9433.064453 11012.52832
11295.15918 -10489.98242 9031.917969
13980.17383 -12153.29102 7919.170898
9212.132813 -8170.228027 12734.5127
7371.400879 -15012.93359 9846.748047
6564.623047 -14872.99902 10473.85645
10681.58594 -8443.086914 9966.603516
9676.839844 -14833.87305 10808.17871
9261.318359 -9871.938477 8873.146484
11350.80664 -14618.68652 10633.5498
7531.716797 -14146.68848 9083.708984
7816.308594 -10628.12305 10323.33008
7525.392578 -13993.66699 8327.400391
6878.734375 -11359.11621 8644.513672
11292.0625 -14885.71289 9366.948242
10956.38184 -10638.30664 9361.87207
8971.438477 -10541.09863 12199.41406
9363.758789 -7623.419434 10886.69434
10059.125 -8094.443359 12407.04395
11013.65625 -13640.02441 10227.89551
12476.74414 -12495.27734 11276.12793
10475.19238 -7202.458496 10211.28223
7766.100098 -9833.429688 12328.16406
8656.293945 -9372.900391 13412.10352
7763.516113 -10086.6377 8025.783691
7506.029297 -13906.27246 10696.62695
6742.816406 -10782.23242 12228.51074
10278.50684 -8464.416016 7846.992676
11732.43359 -14148.05664 10059.80078
6958.279297 -7977.327637 11279.28418
9216.917969 -13339.63672 5862.306152
10178.71289 -11885.13379 11511.55859
8721.667969 -7793.588379 6989.297363
10582.05957 -9498.418945 10582.13867
9110.549805 -8320.907227 13076.34277
8094.296875 -8187.641602 10556.49707
11239.99707 -12026.04395 10560.53906
8958.634766 -10207.49121 9263.00293
10886.48828 -17638.29492 10689.0957
7892.711914 -7161.865723 11984.9541
8223.571289 -16173.28613 8413.992188
10370.5 -7825.583008 8773.918945
6171.489746 -8228.043945 7527.676758
11729.84961 -13416.29395 6817.506836
8260.891602 -18416.65234 9791.424805
7908.69873 -13332.56543 6512.809082
8513.334961 -8821.952148 11873.65039
12008.74609 -12694.90332 10966.89453
7468.355469 -10793.75488 12231.47559
9621.216797 -6901.068359 11694.97559
7179.544434 -11290.35059 11086.67871
9742.320313 -6413.769531 10218.42871
11158.96973 -15492.24121 7496.392578
8593.046875 -7882.495117 7457.668457
11432.2373 -7600.273926 10896.0625
8630.744141 -11575.11719 8723.40625
9432.734375 -11113.9873 13240.15918
6131.168457 -9835.865234 9444.145508
10217.60742 -11154.69336 12939.58496
10495.93359 -9179.543945 10583.46875
11172.4082 -10753.19141 12128.22363
7942.775391 -15213.00391 9576.759766
9951.322266 -9010.022461 12502.74805
10964.81641 -10371.58008 12480.75684
7612.041992 -11560.30664 11347.17969
8084.717773 -9047.87793 8179.657227
10887.13086 -9356.107422 12293.80566
9624.638672 -9717.929688 12895.41992
7395.647461 -15126.05859 9568.999023
7773.996094 -10273.36523 6388.641113
12301.60156 -9447.367188 12872.62695
6418.76123 -13974.93066 8693.237305
9229.436523 -12448.12402 6776.801758
9876.619141 -9651.416016 11663.05762
6818.505371 -13461.37012 8696.405273
10640.71777 -6738.974121 10404.54199
7248.077637 -11352.66797 10353.28906
10015.18164 -8264.200195 11628.1416
6115.177246 -12570.9502 9215.234375
11982.11816 -14085.2373 9441.197266
7526.518066 -10583.15234 13193.50879
10703.0498 -7403.53125 10899.78809
8292.941406 -7496.376953 10164.25879
7489.727539 -6374.934082 8872.572266
6753.377441 -8312.430664 8847.256836
8755.231445 -8992.682617 12026.36133
8889.098633 -15740.63672 12248.21582
12078.21973 -13431.45703 11214.40039
9230.188477 -14669.20508 11859.62207
9113.085938 -10185.2207 9331.118164
9203.123047 -9326.962891 8176.024414
6789.914063 -7576.688477 7788.470215
9278.796875 -14039.34668 7945.78418
8738.796875 -12915.49023 9794.34375
10917.46387 -12490.26855 6597.817871
12355.78027 -10193.54688 10680.93555
10180.25098 -9008.389648 10985.86426
8362.875 -11767.28906 8938.875
8691.977539 -10362.02246 12118.17383
7378.37793 -15266.41699 11422.66602
13768.71387 -12705.5957 7547.486328
13947.7334 -14033.9707 10571.15332
7954.325684 -10784.35156 12204.07617
8709.113281 -12495.16504 10224.95508
7655.949219 -6635.111328 7835.727539
7794.424805 -10423.80664 10701.2793
8722.259766 -7775.068359 11444.09277
7589.352051 -12282.35156 6157.767578
8337.137695 -9149.536133 8821.80957
6822.083496 -9643.420898 8139.640625
10965.22559 -14799.03711 7054.606445
10510.0293 -14848.50098 6971.674316
7086.861328 -14559.0957 11218.07129
9864.483398 -11642.57324 9247.984375
12486.80566 -8851.698242 10317.24316
9642.598633 -14911.78711 11054.06738
8860.671875 -9873.550781 11949.25
8254.838867 -14865.29102 9196.861328
9015.695313 -12247.54785 9640.594727
9615.176758 -13233.45508 9021.773438
7731.274902 -9502.727539 8804.703125
8657.433594 -13437.80762 8058.288086
7921.373047 -11229.75 7635.008301
6893.015625 -9763.523438 8178.298828
6861.382813 -12917.91504 11459.16895
5677.069336 -9141.273438 7701.358398
9606.147461 -10421.0791 10981.25977
10568.33887 -10140.1377 11428.90723
12175.76758 -10355.7959 10673.05371
9366.255859 -10798.24316 12518.39355
13788.51172 -9488.969727 10590.72754
11242.71191 -11112.97656 11080.75488
12778.49902 -8621.958008 8625.386719
7207.010254 -6662.281738 11839.57031
9013.118164 -10098.11426 8628.048828
7680.966309 -9426.490234 8418.486328
9566.005859 -11932.74414 10140.87598
8607.25 -15057.59473 9749.798828
10308.17871 -13093.1709 10525.4248
9535.931641 -14034.53125 8382.810547
11765.49707 -9781.007813 7882.61084
12251.25684 -10904.05078 8709.080078
9379.926758 -9910.329102 12556.32617
9341.518555 -12454.12598 9339.536133
10441.4668 -12352.77637 11009.40234
7372.900391 -11717.18164 6481.705078
8585.68457 -9047.293945 9166.279297
6681.896973 -9138.298828 7847.955566
7131.004395 -11943.76855 10058.46875
7756.490723 -11402.65527 7858.688965
7741.35791 -6884.438477 11570.26855
9033.621094 -9133.105469 10980.91113
7672.768066 -9864.09668 10912.55566
9187.776367 -13380.02148 5676.217285
11406.77246 -11227.94141 12488.58496
9432.209961 -8127.969238 9570.545898
11515.53613 -11114.94629 10639.14844
6615.151855 -13513.63477 7961.611328
8455.99707 -11388.98633 6559.375488
8449.458008 -10903.87695 10549.18066
8190.466797 -13709.2832 6630.208008
13453.18164 -9573.702148 8420.648438
9639.549805 -9348.195313 11056.02344
8531.310547 -14770.85449 11823.15625
7363.880859 -12874.17578 7760.17334
7128.45459 -10711.14453 10566.34473
10553.96777 -9516.668945 13188.70801
9436.345703 -9846.966797 11558.80273
8597.588867 -11120.1582 7563.424316
7600.92041 -7565.07959 12036.36719
8583.338867 -11367.99219 5481.627441
7915.820801 -13736.33594 10939.73047
13925.89648 -10102.24805 9283.694336
9867.569336 -12751.79102 10491.69043
8543.688477 -13238.90332 11222.37012
10371.25195 -10441.43848 10844.7666
8210.833984 -8600.375 10813.68555
11230.65527 -14645.9375 9247.006836
10655.33203 -10578.34277 11322.85742
7945.128906 -7918.799805 5981.264648
6252.179688 -14045.93164 8057.791504
9039.356445 -9773.341797 9679.700195
8080.078613 -6957.759766 10726.59863
9846.946289 -15409.24316 12105.29297
10523.25098 -10464.49805 11376.24219
12254.00684 -8234.633789 11899.43848
8198.360352 -10498.79199 10580.41211
9390.935547 -8631.500977 13304.51953
10421.70313 -11579.90527 11481.80078
6977.642578 -8138.575684 10674.3584
10335.90332 -12668.4248 10082.85352
5943.032715 -9255.555664 9678.961914
9823.120117 -8404.761719 13101.79199
12371.49805 -13056.33594 11781.4209
12021.54102 -13573.06055 9462.645508
12945.27637 -9356.469727 12092.41504
12409.94531 -12394.51563 11787.17383
8295.524414 -15498.17188 8646.993164
10531.87793 -8594.573242 10587.15234
8938.823242 -9923.530273 13295.73633
10772.49902 -13332.52148 12535.83398
7125.994141 -8330.351563 6002.164551
10229.45703 -11441.97168 13279.78027
7748.20166 -14679.76758 6428.878418
8706.299805 -12131.05957 11454.8291
10792.86621 -9167.771484 9722.182617
8283.933594 -7504.104492 8248.084961
10040.84766 -15083.79883 6914.23291
10208 -12861.36719 8686.203125
6606.234375 -8831.72168 9822.388672
6360.982422 -8532.338867 10314.55664
9442.666016 -8600.55957 12478.65332
9208.269531 -13038.61328 5633.635742
8965.557617 -11602.08301 11687.04785
10473.11328 -13195.0332 12662.46973
8904.851563 -14815.14941 9902.789063
9227.817383 -14446.33984 8890.293945
7527.251465 -7354.276367 12028.76758
10071.99707 -9824.643555 12311.20313
11180.72852 -12086.375 7579.671875
7967.859375 -13960.27734 9778.605469
10819.5127 -12070.21387 7272.361816
7709.92041 -6706.542969 9926.979492
6549.581543 -14858.27441 8094.083984
12435.62305 -12691.58594 9972.610352
8711.40625 -14286.87598 6742.080078
9850.845703 -11231.58594 11519.88672
7345.583008 -17350.38867 10960.29883
8268.780273 -11809.27246 9840.207031
6913.783203 -11606.49023 9314.1875
8382.089844 -15852.1416 7070.475586
11612.96484 -17661.14453 7851.970703
9275.56543 -9741.827148 13066.13184
6893.225586 -10660.20605 12569.30469
12059.66406 -12844.26758 9459.703125
9823.176758 -13242.17188 8367.47168
8304.044922 -15762.40039 8515.041992
9127.978516 -11207.55762 9967.621094
7603.007813 -16761.26367 8801.392578
12750.58398 -16664.61523 10657.33398
9141.597656 -12839.11914 10934.16602
8033.686523 -16571.95898 11843.3125
8300.123047 -9007.612305 5880.024902
10910.41602 -10364.82617 10469.18066
9053.587891 -14579.95508 6840.925781
12466.04688 -7884.489746 9150.107422
8930.632813 -14672.34668 9765.999023
6466.942871 -8751.040039 7809.404297
9573.458008 -13725.84863 11297.64258
6470.688477 -7013.102539 8847.661133
14756.74902 -12062.99707 9747.504883
5925.083984 -12036.28613 8884.485352
8342.614258 -8212.18457 9660.982422
6872.404297 -10182.21973 6921.84375
7182.873535 -8061.690918 12774.66797
12285.64746 -15544.7959 8206.546875
10078.86426 -14974.24805 12144.44824
6795.500977 -12715.375 8589.513672
10000.4043 -15720.00781 12130.2168
8276.964844 -11337.48145 12526.14355
9587.68457 -12387.28125 8939.676758
9115.890625 -12945.25195 6601.180664
8993.976563 -12681.84375 7210.646484
8363.119141 -11120.53613 10056.29199
6961.527832 -9687.34668 7655.820313
9060.508789 -14102.73438 12458.54395
10570.76465 -14048.68652 9560.120117
8729.767578 -6354.038086 9923.970703
8805.390625 -11589.12598 8714.896484
9687.354492 -8563.404297 9117.171875
8222.881836 -11854.96973 11250.43262
10153.13281 -11022.62988 12789.35156
8670.293945 -10857.99707 10342.7627
9691.979492 -8215.325195 12781.36035
7541.062012 -14054.30469 9431.536133
9180.425781 -12911.46484 6362.220703
9648.917969 -8167.498047 9206.21875
11703.46777 -9287.978516 8518.426758
7745.09082 -11053.57813 8599.191406
9585.313477 -10620.28027 9427.835938
7938.952148 -13926.4541 7915.246094
9728.459961 -14835.9209 10962.83398
6375.603516 -7577.413574 9775.961914
11152.47852 -9486.425781 9493.992188
10265.28711 -12028.34473 13148.32422
7629.76416 -14439.2334 9235.326172
9015.700195 -17295.13086 11294.23828
8945.65918 -8779.081055 9528.291992
8511.620117 -9348.067383 10523.88965
11350.78711 -16088.64844 8702.438477
8329.603516 -9947.363281 9582.241211
6904.751465 -7216.842773 9745.134766
8001.76709 -12207.57813 9494.916992
9013.702148 -12418.43457 12790.16797
9060.355469 -8870.429688 12517.28516
5885.304199 -10800.0166 9308.438477
13020.06641 -9881.948242 11199.9873
7834.08252 -12207.5752 11271.78418
8030.905762 -10371.73535 6528.030762
6793.856445 -11331.37793 10611.52734
10185.4834 -9375.320313 10140.87012
10479.26465 -9010.805664 12114.9668
7226.788086 -10411.10645 12749.1748
8967.799805 -12717.79102 8181.306152
9825.52832 -13245.71875 10443.68555
7954.078613 -15489.26367 9764.87207
10936.27344 -14276.64941 11530.06543
9342.71875 -14944.70898 8266.640625
8531.192383 -12281.51465 11018.15234
10240.27832 -14504.61914 11504.28125
8345.970703 -8120.058105 10160.09668
6372.845703 -14245.67383 9502.146484
6259.247559 -7615.761719 9049.540039
11146.85352 -12755.39258 9058.78125
6930.713867 -7891.949707 10214.47363
11496.30176 -8975.851563 10096.1748
9353.475586 -14839.83008 11002.3623
9029.079102 -14616.84375 11286.3877
6537.712891 -7456.059082 7893.45166
10966.03223 -11997.49609 9999.415039
10019.9082 -12123.65332 8624.702148
10228.53711 -10199.32813 12757.52734
7459.825195 -7909.938477 8035.097656
8493.770508 -14983.34863 12438.7832
7023.23584 -12284.1582 9867.586914
10586.9043 -7972.210938 10809.09082
6729.700684 -10726.86816 6524.393555
8354.045898 -12743.04785 10439.35156
8951.941406 -12106.11816 11848.55078
7796.785645 -12319.7959 7432.368652
11105.52637 -13408.20703 7445.056152
8815.460938 -8299.580078 10827.69336
7681.161621 -7132.992676 10360.1123
6057.923828 -8128.082031 7781.78125
7505.219238 -15668.81641 7264.125977
7487.786133 -16209.80176 8236.616211
6457.277832 -13457.16602 8472.417969
10204.19922 -13992.86719 12041.38281
6536.375488 -9425.300781 9416.862305
7421.563477 -12189.20996 9369.045898
8025.280273 -13636.4502 10582.98145
9407.993164 -11600.99609 8717.064453
8557.750977 -14044.34473 10463.62695
7773.247559 -12396.15918 11673.13672
6353.161133 -8725.456055 7405.171875
8935.482422 -9793.864258 13651.45605
9927.959961 -11464.66406 12584.51758
7857.005371 -9018.285156 11921.10449
7811.975098 -7952.447266 6472.322266
6904.62207 -10536.05371 8578.671875
7762.647949 -13000.89941 11314.90918
6970.078613 -15028.40332 7066.26709
8382.009766 -11755.41309 6096.318359
12153.89746 -11740.4707 12444.50781
7388.477051 -13053.83887 11800.11719
13169.01074 -8558.522461 10620.61426
9489.641602 -13888.44043 11129.61328
9885.662109 -11830.36426 10363.08984
6123.029785 -8476.447266 7032.883789
11366.58887 -8752.704102 11699.48535
8761.143555 -12628.17871 12980.52441
9684.241211 -6872.640137 8603.713867
7458.416992 -10880.67871 6381.467285
11026.86914 -13060.30664 7243.449707
6991.744141 -14765.45117 11647.80176
8670.827148 -11410.75391 13365.83301
7078.420898 -10830.68555 6957.219238
10292.35059 -16325.75586 8943.415039
6272.095215 -13028.59863 10041.43848
11487.68555 -10396.67676 7034.379395
12493.84473 -8642.729492 8989.28418
11282.99609 -12048.45898 6177.234375
8992.798828 -7803.42334 8199.973633
8336.407227 -13194.54492 11875.74805
7509.03418 -13427.00293 10023.92578
11058.86426 -17407.48047 10769.58594
9482.183594 -14787.58887 11843.67383
11877.57227 -16420.82227 7900.51416
8488.375 -10243.80957 9614.337891
10321.8457 -13414.51563 6637.589355
10854.8584 -7869.741699 10134.7666
8096.836914 -16812.81055 11759.71875
10780.7959 -11703.25391 9858.291992
8129.699707 -14106.26367 6922.887695
7449.669434 -9198.478516 8360.356445
9455.510742 -15456.06152 9667.360352
11507.24121 -11776.23242 6069.092773
9843.308594 -11856.42383 13477.96191
9875.503906 -12143.12793 8877.133789
9284.004883 -15878.97656 8505.320313
12414.37109 -14347.30957 10071.12207
8978.349609 -6765.853027 10021.87891
12239.24902 -11674.21094 12583.30566
10514.00488 -9266.472656 6293.679199
9378.904297 -6698.288574 12182.72266
10775.62109 -13143.53711 7959.650879
6131.703613 -6865.65625 8961.069336
5979.172852 -7048.51416 9219.510742
8191.62207 -11450.56738 8149.802734
6671.388672 -13439.07129 10132.03809
13232.54102 -10575.80469 9589.848633
12412.32422 -17086.86133 8398.476563
7281.416992 -10451.7998 9341.916016
10741.99707 -13196.30371 7022.992188
9039.28125 -14221.67578 8119.723633
7812.51416 -14886.00391 12129.13867
9951.317383 -14153.8291 11265.79199
12334.05176 -11217.95703 12041.36621
8797.155273 -14150.55566 12309.02734
8982.444336 -8338.411133 9754.355469
9877.125977 -15725.23535 7485.811523
11727.69727 -10771.69238 9692.878906
9471.55957 -8067.055664 9959.708984
13422.37207 -13943.6543 10384.89063
10130.69336 -10479.08789 9965.355469
8644.709961 -8943.77832 13351.64941
11549.24902 -13560.65918 12298.71289
6691.836914 -7963.366211 7239.504883
6708.97998 -6661.78125 9078.823242
9910.223633 -14295.15137 12650.28027
9706.057617 -13033.69238 9954.802734
6985.336914 -14010.10645 6967.586426
12719.7207 -13482.35449 10994.71582
7615.250488 -7412.836426 12900.14844
8516.498047 -9536.241211 13555.24121
8096.669434 -16895.95313 9552.606445
12069.9375 -10927.4834 12534.34961
7494.174805 -9062.683594 7845.353516
11902.65137 -17198.51563 10430.70313
9892.527344 -9615.607422 9098.96875
6414.59668 -11579.05469 11075.92676
7442.603027 -12346.19141 9366.30957
11250.79492 -12024.05957 9689.120117
11814.17676 -17414.69531 10323.16797
7677.385742 -13170.37988 7171.012207
9606.566406 -11962.81055 12946.72559
8613.922852 -9005.342773 13491.76953
6591.368164 -10512.78906 7506.568359
10959.28027 -13165.52246 11034.96387
11602.80957 -8229.256836 12296.87891
5620.279785 -9336.223633 9041.233398
8174.759277 -16024.00781 11815.70898
9162.210938 -13061.47266 9868.273438
8971.098633 -12164.71875 6414.401367
6618.334961 -10021.10938 8780.9375
9796.96875 -9758.900391 8679.791016
6787.791016 -7219.941406 8515.047852
9039.935547 -15583.47363 10223.74707
9343.121094 -14243.4502 8056.427246
7955.044922 -14878.43066 9155.849609
7120.390625 -8325.833008 8261.592773
10598.11719 -12844.19824 7025.19043
10249.71191 -16194.03223 9203.024414
12796.00098 -9765.439453 11993.77637
12541.84766 -9890.978516 8858.986328
9178.320313 -10112.61914 7911.233398
13898.44434 -11000.27832 8104.675293
7981.992676 -13401.61621 12801.32813
11372.15234 -13681.92188 8596.855469
13976.69629 -11536.56543 11196.79004
10025.82715 -9009.279297 12689.99512
7854.245605 -10804.72168 11685.44824
11297.24707 -8222.445313 7502.786133
11112.07324 -14076.53027 11410.09863
9038.273438 -11909.84863 13312.07617
11954.04004 -13840.12891 11004.05176
12137.7041 -13500.22168 6754.541992
9369.764648 -13866.19043 9720.03418
9716.237305 -13106.64063 13292.03418
10621.64063 -14482.03613 8174.896484
9675.229492 -11667.58789 11830.75391
12233.35352 -13512.11328 11282.24121
6837.93457 -11768.17773 7350.745605
11427.89551 -14259.7041 6957.197754
9248.472656 -12568.79004 11499.62109
11635.22461 -14504.4248 9915.554688
12072.04883 -15988.39551 11489.14551
6052.233887 -9620.569336 6965.837402
10296.55176 -6467.480469 10825.89648
10199.7998 -11939.59961 5706.866699
6678.650879 -7643.24707 8811.679688
7343.385742 -12149.30176 6395.858398
11521.5127 -13131.89063 8835.921875
7719.86377 -16465.8125 9384.365234
11904.60254 -8850.688477 10728.70313
7397.584473 -12870.33691 12335.58887
10919.49512 -17144.88672 7578.573242
7548.549805 -9546.641602 13223.88281
9993.722656 -10364.23633 13574.75195
11504.64453 -17495.01758 8135.224609
9010.324219 -13036.87207 12075.60156
7794.466309 -13807.37305 10325.5332
13679.63867 -10398.69336 7864.278809
9969.067383 -12758.75879 8598.211914
9751.933594 -9848.152344 13403.36328
11923.34082 -11477.3418 12374.94727
12204.39551 -13153.2168 8633.193359
8832.875 -10877.92676 9626.901367
8183.340332 -14478.74707 7853.311035
12775.62012 -12128.79395 10685.97266
10998.74805 -11722.15625 9659.601563
9247.748047 -17457.25 8962.642578
13297.23828 -11271.18164 12301.94727
13564.22559 -12775.24805 10376.18555
11010.14063 -15222.58105 8121.601074
10280.12402 -8349.582031 10225.09277
8670.591797 -11572.43652 7996.469238
11411.14258 -10311.6416 12518.37988
14650.57813 -12290.29199 8624.512695
9784.607422 -11618.4248 9592.211914
10121.43359 -11333.20605 5449.622559
13324.56445 -10115.35645 10022.07129
9080.569336 -15132.85254 7304.930664
10286.19434 -12085.3418 12267.73926
12748.69434 -13833.7627 10595.51172
7708.796875 -6588.436035 13050.30957
13397.6084 -10021.62598 11808.10547
8469.898438 -17204.95508 9091.871094
10749.47363 -9089.811523 8722.012695
11052.75586 -9813.285156 11433.7666
10035.1084 -9599.387695 11145.87207
9135.404297 -7604.457031 10409.85352
10655.39746 -10187.74121 7906.937988
9165.753906 -12709.46191 13230.25586
8220.979492 -7846.623535 7698.030273
13129.94922 -9118.104492 9812.540039
11593.59863 -12506.13672 6989.896973
11354.07031 -14710.69043 10084.70215
9611.415039 -12269.30469 12355.70313
10243.07617 -9246.77832 6262.665039
8614.616211 -11350.85547 13099.83789
10280.80469 -8848.861328 10355.24219
11926.02539 -15367.91406 11690.08887
7188.04834 -13169.89746 8308.386719
10986.62988 -10467.34277 11472.72461
8739.34375 -10074.95117 8150.585449
8068.697754 -17488.68555 11144.33203
11059.39648 -9410.512695 13132.50684
8127.442871 -8697.09375 8120.955566
10813.08496 -14581.73535 8747.418945
7297.422852 -12404.53809 10279.25488
11682.78418 -10685.99414 10130.99023
11740.02246 -11304.73926 9847.455078
7099.243164 -13564.60449 11041.54492
13415.69141 -9907.646484 8237.806641
13964.98242 -12187.27246 7850.749023
10966.82422 -10559.7793 10392.85938
10044.31543 -6680.911133 11728.25293
7108.390625 -14133.82227 9835.246094
10083.18262 -12548.03418 13291.48242
12523.95801 -10281.05664 8759.380859
8447.140625 -8047.523926 8661.055664
12727.02246 -9121.735352 8604.624023
10177.83203 -18291.83984 9000.46875
9638.126953 -10985.10645 8823.104492
14003.81738 -10295.42188 9560.635742
10444.47168 -9822.786133 9307.176758
9234.71582 -11075.86523 8817.414063
9645.079102 -14176.63672 7947.8125
6307.483398 -15532.95996 9474.158203
13590.49023 -10791.49316 8964.793945
14352.93262 -12944.7627 10633.94043
7286.021484 -11156.02637 6233.687012
9984.226563 -7578.254395 7021.430664
11556.66797 -14687.15723 8163.287109
9258.933594 -10491.81055 12574.74121
6560.022949 -12917.89746 9193.580078
7910.59082 -13279.6875 8017.916016
11800.45801 -8774.110352 9211.817383
9152.960938 -11693.02246 6991.450195
12779.91504 -17104.62891 8748.670898
12938.01758 -15450.24902 8016.756348
10390.20996 -7436.53125 11844.96875
10590.97656 -7391.479492 11400.99121
10686.76172 -14454.71289 8069.673828
5959.532227 -10567.4541 8985.431641
10971.14453 -11952.34766 6923.555176
8174.321289 -13429.67188 7192.571289
7829.541504 -6477.833496 12864.2832
10137.46387 -9903.480469 11489.29492
8330.552734 -7979.47998 6654.443848
7930.281738 -16457.78711 9241.077148
12005.33594 -9519.694336 8000.619141
11874.23145 -8699.646484 12469.24219
10563.52832 -7381.346191 11166.4707
8767.75293 -15157.72754 11278.37109
8441.924805 -13441.87207 8654.662109
6019.998535 -7911.905762 8658.066406
10897.78418 -15866.05859 11781.07324
10679.14258 -12279.54199 6368.649414
5717.493652 -7773.501953 8704.286133
7965.250488 -11917.05176 12171.44141
10722.45313 -17724.85547 10254.72266
8263.810547 -10482.45801 11816.91113
9435.105469 -9539.792969 11163.09961
7777.484375 -9537.095703 8045.770508
7462.40918 -10483.53125 9741.771484
9940.276367 -13382.46191 6494.675293
7425.685059 -8395.524414 9971.795898
8801.208984 -12574.68066 10246.17383
10799.76367 -10008.5918 9814.521484
11893.38965 -12837.02637 11687.89551
11033.27344 -11120.93945 9525.338867
10062.0332 -14741.7998 12101.60742
11167.26953 -9921.960938 12157.42676
10215.63281 -7086.0625 11685.02637
10250.4502 -16262.31934 7951.82373
11126.58594 -11396.75684 9924.706055
11800.83984 -8171.515137 11657.58496
11735.80762 -14968.61523 8121.617676
12036.59668 -9050.345703 10059.89258
9744.943359 -17489.42773 11507.55859
11908.15527 -9005.729492 7268.882813
11388.43652 -10400.00684 11683.98047
7757.34082 -14497.5752 10280.92773
6635.755859 -10570.19238 12611.31348
7820.965332 -11289.49512 9367.106445
13316.11523 -14279.88867 10722.90918
13256.22559 -13158.52246 7304.50293
11289.5166 -10302.91211 8432.384766
11612.95215 -12605.93457 11032.83594
11179.02637 -8140.845215 9311.75
12543.70508 -14090.63672 7071.428711
9526.313477 -11673.20801 5472.347656
11701.87402 -10211.70898 9888.90625
8352.989258 -10381.38867 10788.89844
9211.987305 -9875.387695 13380.26367
8767.276367 -8792.508789 6114.307617
8648.476563 -9081.115234 11012.12891
9532.773438 -12991.32617 11797.75391
13511.16504 -10240.25488 11210.99902
11426.95215 -14241.19531 9022.211914
7981.773926 -13240.94434 10994.36133
7938.820801 -14464.94434 9431.96582
12167.14063 -11296.02734 6478.094727
11979.8877 -12871.01172 11577.86914
6912.404297 -11051.93164 12473.50293
12648.5752 -10668.44434 8988.925781
10254.90527 -11613.00684 13611.80957
8770.427734 -6482.360352 12583.84766
11126.77441 -8528.37793 7052.770996
10875.74219 -11201.1748 11795.5166
8659.032227 -11592.74316 5574.617188
7759.280762 -10544.02246 12001.25
10041.18555 -12875.56934 13433.17773
9596.871094 -8369.358398 10129.04395
10259.42969 -12887.85156 9183.90625
10780.78223 -14321.51855 8496.853516
9066.321289 -17230.05273 8805.276367
13029.71387 -11238.58105 11131.9082
6665.00293 -7215.788086 11804.7998
8697.34668 -10945.86328 12454.17285
7991.600098 -7553.865723 9185.007813
6641.722168 -11655.0166 8383.660156
7165.520996 -6571.873535 11538.11328
8103.797363 -11346.80176 7248.460938
9353.02832 -16648.11719 8132.465332
9866.864258 -11436.86426 11282.85254
11037.13086 -15590.12305 11967.0127
7255.777344 -9932.405273 10831.44336
9085.87207 -7320.238281 11284.45703
7708.794434 -6569.002441 9061.845703
11631.11719 -11844.00098 7267.699707
10720.70117 -8322.201172 10232.99219
11265.75 -9931.115234 11539.31836
11090.45996 -9810.419922 6638.55957
9286.453125 -7268.835449 6791.36084
9412.533203 -6247.803711 10332.2666
12096.90332 -11332.22461 11359.87793
11925.75684 -10204.2959 8153.330078
12999.67285 -17063.68359 8594.472656
10574.47266 -10664.18164 11608.26367
13063.6084 -12997.21777 7422.38623
13577.48438 -10530.92383 9636.525391
12325.69531 -9518.140625 10048.37891
11188.43066 -10142.3291 12637.18652
13194.24414 -11997.19434 7158.612305
10695.23828 -13837.23047 6828.543945
6391.900391 -7296.131836 8327.692383
13195.46289 -14274.08887 10239.9834
8796.28125 -9999.481445 8080.054688
10437.42773 -9783.189453 10895.77148
7636.685547 -12774.01855 9533.105469
12142.95313 -11246.87793 10513.75977
12455.12695 -12858.12695 11116.27344
11040.92773 -12797.25195 10455.65527
13819.54102 -11410.76172 11835.74121
7431.725586 -12833.43652 11142.3125
7724.340332 -11947.30762 7657.33252
7135.152344 -8337.424805 10547.42969
6886.056152 -11120.4707 11803.38184
10252.95996 -7632.166504 8949.958008
11601.67773 -14619.28809 8866.719727
7006.215332 -12981.26855 12208.72949
9472.904297 -11276.66895 5594.225098
9809.402344 -13301.11621 9944.733398
8555.5625 -12681.40234 9373.484375
10030.62598 -8921.938477 9634.681641
9636.567383 -12090.55371 9051.869141
12260.2959 -12689.19043 7557.180664
9932.686523 -9942.838867 5471.540527
9896.933594 -14676.72266 7264.112793
9587.414063 -16783.39063 12029.21582
10140.76172 -16642.43555 7979.519531
8966.189453 -13067.06348 8933.826172
8961.038086 -12280.95508 6379.940918
11878.33594 -13031.56836 7996.925781
9032.333008 -14373.98926 8983.975586
12550.08105 -13560.07617 11306.77246
9600.074219 -9713.106445 11126.36621
8632.423828 -12313.28906 6640.804199
11513.66016 -12979.60742 12240.70898
11023.16992 -7561.661621 11605.10742
10374.83789 -13734.26563 10382.84961
9882.739258 -15028.80273 10221.84668
7269.25 -11142.49023 12439.91602
7926.113281 -10201.11523 7691.842285
9691.335938 -12936.625 12769.3418
7046.693359 -10229.83105 9018.621094
9455.438477 -17382.75391 10901.17969
9767.573242 -6880.310059 9968.384766
10819.57129 -8846.208984 9654.160156
12919.35156 -16666.09766 8269.600586
12706.21094 -8601.408203 10031.62207
6290.440918 -8227.644531 7781.44043
14232.49023 -12779.61133 10689.91211
10799.33301 -13523.35156 6446.695313
10917.95996 -10564.23242 8977.563477
12629.6543 -10667.82324 12334.46094
8489.771484 -13150.38477 6941.578613
8690.283203 -12968.33105 13158.93164
9979.588867 -17147.07617 11478.62891
10848.74121 -17387.44336 10965.82422
7809.124512 -13277.26074 9429.380859
12035.48633 -7620.117188 9008.675781
8480.655273 -15663.77051 9779.536133
11477.33984 -10339.15332 13109.6709
10795.71777 -11928.80859 6414.210938
12224.28711 -8514.175781 10235.77637
11054.74023 -10176.25781 11799.94824
11304.86328 -12863.45508 11630.90137
6636.03125 -8564.365234 11058.70898
9339.679688 -8679.283203 10534.5166
7696.27002 -15553.42676 10166.82031
8611.731445 -9749.325195 8149.810547
13444.05664 -11106.94238 10220.61133
7719.139648 -16330.1875 8798.822266
9912.033203 -8686.139648 10335.18652
7450.453125 -9090.515625 12505.62402
11712.5332 -11519.99023 11825.8125
7264.39209 -12647.75586 8795.994141
10602.12207 -13960.63867 9260.299805
11136.59277 -12539.58105 11797.16113
9751.956055 -13845.93555 9873.519531
11205.97461 -8093.823242 8891.610352
11052.79297 -15008.37305 7064.431641
10329.67188 -15207.13379 9621.347656
6717.723145 -11416.82324 7662.807129
7338.520508 -11454.38281 11269.98926
10441.06738 -12548.24121 13006.41309
9660.283203 -12597.58203 5752.819824
10367.30273 -12609.44141 9954.959961
10954.78711 -14280.69238 8862.179688
7606.844727 -10700.21289 9829.087891
12973.18848 -9707.712891 11052.9834
12504.10254 -13261.31641 11900.49414
8561.529297 -16179.65918 12126.3291
9290.734375 -14783.5127 11006.37695
10136.35254 -6648.147949 10676.02148
8099.789063 -8653.020508 7097.525391
8838.335938 -11720.62988 9357.950195
9994.947266 -14102.90625 10108.40918
7645.553711 -15481.48926 7128.030273
7262.546875 -13876.3877 11024.01074
7291.146484 -6347.498047 11898.61621
10589.31348 -12625.81348 7127.724121
8102.150879 -9360.139648 11792.43164
9378.887695 -6358.543945 10378.62402
13030.09082 -12129.44434 10371.44238
13047.37793 -12421.12012 11554.70605
12424.13672 -14413.85156 10039.29492
7904.01416 -10498.55176 7011.427734
10786.7793 -8984.44043 12130.25879
13098.04395 -12486.22461 10731.2168
8209.814453 -10737.93164 6654.356934
6596.746582 -14869.22168 8811.651367
12658.3418 -10238.67871 9981.594727
11624.89941 -14374.30859 9879.09375
13092.48633 -10151.7627 7832.834473
10342.96191 -14185.22168 10644.58105
8014.654297 -11963.31738 7188.238281
10978.16113 -17219.62109 10896.8252
10151.28418 -11123.4043 12473.4248
8134.517578 -11956.93457 9992.313477
9305.498047 -9128.833008 5861.802246
12719.46582 -16857.66602 7402.563477
12031.79395 -10168.69141 7002.986816
9374.538086 -11849.62305 10096.6543
10129.17285 -8185.101563 6464.041016
12596.27441 -12645.42188 11158.92676
8259.592773 -8407.472656 11540.52441
9984.638672 -13519.47363 9657.594727
9545.979492 -12446.87305 12699
11497.71973 -9168.432617 10888.9043
8968.126953 -15042.4541 7426.543457
8719.584961 -10953.75781 10548.03613
9847.299805 -15540.66602 11712.27832
9272.105469 -6970.761719 8614.980469
12073.30176 -8881.243164 10066.16895
7381.341797 -13952.26855 10066.11719
7198.327637 -14955.57227 9062.962891
11583.05566 -9618.634766 9016.856445
10808.15039 -9336.116211 11395.60547
7774.759277 -9396.629883 10896.22656
7348.958496 -7038.780762 8421.786133
8615.922852 -13571.38965 8903.948242
8496.59082 -7839.187988 5996.266113
9668.987305 -15115.25586 7870.855957
6902.982422 -13121.83496 8685.321289
7510.075195 -15872.86816 8346.975586
6984.097656 -9798.381836 11928.25977
8583.558594 -9610.09375 13381.69824
8900.570313 -11550.48242 10484.07617
7694.546387 -7175.599609 7650.321777
11992.21094 -11860.19531 6448.959961
12416.30371 -13084.61426 8342.513672
11084.68066 -12428.96777 11577.36914
12460.61621 -12979.92383 9558.625
8771.667969 -13398.0332 5867.154785
11317.89746 -13573.79492 7065.001465
9063.501953 -8909.283203 12351.38477
13843.83203 -14218.55371 10095.41699
10040.40234 -11558.41016 10242.30371
9759.007813 -8787.385742 13304.14258
9594.948242 -16549.16211 9240.908203
8570.508789 -14386.75879 12451.55566
11941.72754 -10262.60645 9428.601563
10392.01465 -16603.72461 7787.583008
8503.398438 -10527.62793 5495.302734
10618.09766 -13144.95996 9269.338867
14735.6123 -11906.27734 9920.066406
7929.42334 -16156.84766 9312.772461
9882.095703 -7513.244629 6739.041992
10080.6416 -10159.68066 12214.7041
14029.5498 -10253.83398 9970.77832
13312.68555 -10589.19531 10086.125
8918.919922 -13230.67871 9996.75293
12895.73047 -9767.401367 9770.619141
9172.383789 -16622.67578 9221.085938
6438.800781 -10899.56836 10272.00488
7411.529297 -11779.34277 12291.44141
8304.797852 -14749.11914 11268.65723
9540.900391 -7853.138184 12363.73242
13726.67285 -10530.8877 8390.972656
6729.143555 -15487 10872.33594
10895.4248 -6696.644043 8834.019531
7800.847656 -13372.50781 12664.78516
8912.526367 -16368.37988 9592.069336
9687.197266 -11102.94629 5363.522949
7565.219238 -12351.10449 11734.41895
10547.83887 -13130.5127 12116.58984
12121.78418 -10412.46777 12298.77539
8635.979492 -10885.22363 11331.86328
9888.40625 -13638.60156 10902.62891
9511.938477 -9931.378906 11734.89063
6816.141113 -7697.688477 9189.359375
12795.83984 -12392.72168 11237.14648
13502.2334 -12164.72461 11524.25586
10202.46191 -11124.62891 12242.33398
11503.31836 -12016.50781 9344.051758
11361.39551 -12672.59277 11130.96191
13106.19336 -17123.01758 8641.066406
9714.505859 -8598.995117 8444.914063
13290.29199 -14305.43652 11252.2793
7096.840332 -10846.37207 8516.71582
10216.81152 -9443.938477 12794.79004
9774.238281 -12783.00293 7323.051758
13641.43359 -14394.29102 10570.59082
10179.8418 -16859.36914 11331.44141
7587.028809 -8791.285156 10150.85547
13239.52246 -11726.91699 11323.91016
8015.435059 -11144.86523 13420.65039
9508.364258 -12499.37109 12892.15332
8349.686523 -6988.287109 11786.77832
10800.31738 -13355.68652 12586.30566
6133.270996 -10329.4375 8307.705078
10603.87793 -11374.51953 5639.826172
12246.1123 -8458.289063 10158.11621
8178.534668 -15007.06543 10212.49219
7773.703125 -10179.59473 8617.957031
8142.030762 -13921.35254 8738.731445
13792.3252 -12743.74609 11373.92285
10976.4873 -9770.079102 12418.38281
9974.341797 -6535.80957 9081.582031
11787.69629 -12441.33594 9933.139648
9083.494141 -8667.680664 12455.3291
12988.84668 -10191.06445 9631.016602
6684.086426 -11772.37402 9750.44043
6652.529785 -11010.42383 7608.209961
8670.490234 -8935.510742 12760.6875
14704.08301 -11423.48438 10089.4209
10164.72559 -7226.424805 8177.106934
10708.01953 -13534.31152 6850.166016
7928.834961 -6350.25293 12328.70898
9374.947266 -15438.20215 8449.725586
6693.397461 -9096.555664 8921.182617
9138.291016 -10602.95313 9151.413086
9354.858398 -9427.644531 10640.42285
10236.35938 -7506.609863 7859.900391
8617.726563 -12087.88965 9871.629883
12564.5166 -9964.167969 9685.227539
10404.64648 -10344.65137 10260.80273
8801.535156 -13671.58887 10595.34863
8172.375 -14870.95703 11819.49219
11826.93164 -10371.86914 9725.193359
12570.33398 -9898.46875 12514.82813
7416.459961 -8376.873047 9706.726563
11913.58691 -10324.13672 7719.309082
11765.69727 -9925.027344 10372.2832
8363.402344 -9736.401367 11711.40332
9891.538086 -13842.07031 10513.0166
10509.84277 -9745.262695 9251.067383
10793.95996 -9390.121094 8860.649414
9873.827148 -13907.58398 12575.3623
10745.48926 -11751.20313 12034.14746
8966.482422 -12235.90723 6849.381836
11941.15625 -10698.88379 9165.042969
10844.4043 -14932.3418 9363.998047
6369.890625 -13685.3291 7442.687988
9155.233398 -16596.25195 8759.927734
10327.53906 -15333.1416 9771.547852
8064.775879 -7717.740234 7909.604492
8056.717773 -12483.84473 6706.142578
8277.100586 -13725.39258 7110.562012
8125.443848 -11493.71484 5746.351074
12561.57129 -11345.70898 9819.700195
8765.987305 -13077.94043 8914.149414
6814.42334 -11821.00684 9753.950195
9104.896484 -12487.94531 6704.672363
9685.537109 -8339.254883 8772.331055
11194.54004 -7757.735352 11427.20117
11958.84082 -9409.972656 11276.375
9038.542969 -7087.132324 7179.475586
8218.603516 -7016.76416 11688.34473
11253.1582 -15107.94727 11382.35449
10778.46387 -11599.75879 12804.70117
9353.579102 -11398.51172 12344.61816
11661.61816 -13305.83789 8090.909668
10961.76758 -11078.37012 9181.12793
10701.91211 -9933.101563 6277.939941
11157.64355 -13974.13574 6678.457031
7548.900879 -11777.89355 9278.175781
9233.050781 -11466.38867 7790.270996
12083.99707 -12801.90918 10789.25781
8567.753906 -13654.56445 7630.490234
11541.61035 -10831.36914 10875.57813
11814.85742 -11389.00195 6490.344727
7897.252441 -9393.696289 10943.58203
9718.007813 -15046.30273 8009.632324
10545.2666 -11545.20313 13339.58594
9593.814453 -9239.963867 8347.513672
7436.869629 -15209.00391 8117.696777
6483.890625 -10183.28223 7839.817383
12041.58789 -16168.56836 7723.062988
6038.695313 -11264.95215 8275.84082
8346.991211 -11446.56641 11898.93945
10539.08203 -15356.35645 7717.668457
6428.820801 -14067.28906 10091.02637
5827.610352 -7740.777832 8988.477539
7045.5 -9532.574219 11859.37402
13725.39355 -14754.94336 10209.16602
8810.060547 -15118.22559 12220.14941
8719.31543 -14816.49414 9567.305664
13395.84668 -10750.08887 8306.071289
10620.60352 -6917.693848 11217.89746
10985.59277 -11949.51563 10005.92285
7287.074219 -9401.388672 12556.26465
11753.76758 -14167.28711 10728.91406
9575.22168 -12315.98047 8565.533203
7786.506836 -16166.79395 9681.055664
10607.85449 -15071.9502 7652.741211
10340.27637 -12380.75977 11691.57324
12390.55664 -8480.365234 11239.2959
7205.733887 -12982.25488 6532.183105
12371.31348 -12251.38379 7426.555664
10578.78418 -8387.327148 9871.046875
6351.383301 -11799.70801 9396.422852
11284.6084 -9477.619141 9264.613281
14037.81543 -10980.30176 11443.82617
8111.845703 -16478.17969 11398.39063
7503.61377 -10880.8877 11220.75977
12617.26172 -12942.43262 9985.942383
10850.89258 -12937.29883 12690.12109
8112.636719 -17789.0332 11066.13672
7385.385254 -9730.930664 9373.430664
8881.711914 -10266.4248 5610.537598
13554.98047 -12611.0332 11717.56348
9377.407227 -11485.32617 10800.04004
8689.768555 -14158.37598 10401.70703
10093.67773 -8681.551758 11246.88281
10200.90625 -17995.57422 8424.337891
12684.22949 -9089.145508 7534.832031
11737.79883 -13149.55371 8593.301758
11562.86816 -12647.27637 12965.75684
6422.602539 -14504.09473 7781.338867
12634.51172 -7922.244629 10754.9209
12755.3584 -12498.98926 11109.2373
8269.326172 -11593.60156 6577.937012
8992.336914 -15255.6377 9904.508789
5863.095215 -9421.135742 8699.818359
9563.024414 -9018.361328 9749.128906
9284.103516 -8632.652344 8577.907227
7777.165039 -8910.973633 9574.633789
8846.844727 -14761.98242 11210.20508
10348.83594 -9293.472656 10330.83008
10367.26563 -17874.40234 10975.57227
11086.99512 -15057.96973 11387.16211
8490.518555 -11294.2998 7404.044922
7866.191895 -7799.97168 11988.61816
9086.489258 -12084.90332 9377.323242
10812.84277 -12121.61133 8896.195313
12015.64746 -9188.311523 10937.91797
8680.822266 -11502.54199 7520.520508
9673.121094 -15236.37598 10952.47559
11281.97266 -7836.541016 10713.26563
11453.78027 -7109.465332 9840.138672
7334.772461 -14025.61816 10756.50879
9181.108398 -15585.74414 7442.120117
12115.58887 -15803.69727 8164.660645
9096.075195 -7221.756836 10687.56152
6526.92334 -9390.459961 9663.918945
7498.158203 -15112.33984 6959.808594
7467.327148 -9706.324219 7851.052246
9006.236328 -16880.12891 8819.880859
13227.95117 -11008.15137 8735.249023
10354.7373 -7451.946289 7743.775391
9778.922852 -11345.5166 8963.728516
8509.492188 -18380.91406 9466.680664
9651.004883 -12266.10645 8570.396484
13808.0293 -13021.70117 10596.42969
12615.20117 -13056.65332 9623.675781
8790.304688 -13558.89355 7125.242676
6808.821777 -13122.76074 7345.007813
7714.6875 -14690.04395 10052.54688
10694.67285 -15426.02637 8373.279297
6271.265625 -12873.2832 7913.287598
10708.26172 -11012.33398 11744.95703
7214.300293 -10675.20703 9982.938477
8805.951172 -13364.51953 11072.86426
6532.327148 -13205.26367 8626.463867
7170.448242 -11597.80762 11496.64746
11776.39648 -10208.56543 11178.63086
13878.24805 -13957.20215 7465.039063
11745.06543 -14231.12402 8538.144531
11720.03223 -9188.544922 9935.499023
13718.18262 -10987.76367 9514.682617
10121.20996 -16865.78125 7639.022461
9729.4375 -7989.054688 7805.28125
13073.0166 -10338.61816 12195.59375
7553.55957 -12601.81055 9312.869141
8907.776367 -8984.976563 8989.825195
8871.324219 -6116.640625 11550.46484
9054.629883 -14408.96094 7635.19873
8919.618164 -14985.27832 11924.84766
9843.303711 -17339.61914 8219.075195
9217.614258 -11477.61328 10265.89551
6459.473633 -10447.10352 10385.76172
7541.67334 -12243.14844 10039.25195
9927.263672 -7158.891113 11333.3457
10423.78027 -14354.97168 9659.100586
8852.841797 -7385.571289 10664.25391
11112.45215 -10407.12695 5777.599121
7872.712891 -7953.060547 8667.345703
7686.209961 -11692.44824 10164.67676
13707.83496 -11203.37402 11863.3252
8986.504883 -15288.51172 7557.390625
12730.93359 -12946.12695 7182.307129
8770.504883 -15942.12402 10084.18066
8211.257813 -12464.86523 10298.52441
10524.07129 -13621.29492 11694.80859
8518.958984 -9449.210938 8887.776367
8003.809082 -9076.174805 9478.141602
7046.67041 -8065.666016 7620.123047
8043.354492 -11833.69727 12422.48242
11041.51465 -13223.50879 10795.42578
6061.960449 -11753.37207 8055.230957
7861.09668 -16890.16211 8993.414063
13204.27734 -12959.14844 7488.851074
11636.81738 -12030.69336 7214.489258
10067.34668 -9269.586914 10896.75488
10849.24219 -7208.597656 7911.060547
9537.607422 -6372.188477 9436.587891
8982.898438 -13607.9375 13048.37891
12556.3291 -12381.00781 9763.78125
11094.00879 -7478.662598 9126.75293
13043.07324 -9334.576172 11634.75293
12236.66016 -11935.07813 6810.437012
7023.32373 -14326.77441 9511.541992
7428.925293 -14662.4541 12084.10742
12699.97363 -10337.73047 8027.712402
8085.620605 -11598.30371 6032.00293
9633.892578 -10335.26855 11026.31152
11698.42383 -9239.223633 12032.70117
13341.15234 -9023.381836 8485.77832
8156.354004 -12063.50293 8282.503906
12755.33301 -13721.01172 9067.310547
8576.370117 -14938.19141 8581.69043
11943.24023 -11694.30859 6665.951172
10654.43359 -13919.28027 10015.16895
10683.28906 -12077.83789 9060.265625
10934.67188 -13730.67676 6526.437988
9118.912109 -8035.974121 8661.056641
6839.145996 -11692.88965 11957.7832
6868.969727 -8510.018555 7306.587402
8407.319336 -7120.472168 8796.411133
9644.145508 -12082.06543 7579.741699
8279.935547 -12205.26953 7790.602539
7982.753418 -9876.5 10464.91309
8461.982422 -12159.70605 7012.299316
6938.938965 -9122.667969 10994.55078
6776.846191 -10258.99902 8692.466797
9751.794922 -11876.33203 8504.740234
11362.95313 -13700.27051 6575.737305
8346.449219 -15699.4707 7568.888672
11922.02051 -13991.92969 10740.40039
8996.334961 -15009.24805 11670.32129
9065.785156 -8700.666992 8925.507813
9757.851563 -14678.7041 8919.527344
10984.52832 -8750.03125 12047.69336
10353.07422 -11768.37891 11773.97461
7882.187012 -13647.45508 9217.675781
12704.67871 -14367.2207 7177.280273
6134.857422 -13246.55273 9967.759766
9783.398438 -8162.775391 9501.682617
11050.39746 -12782.44238 8525.116211
10939.51953 -14279.58496 10064.08984
8750.619141 -14051.53809 9799.035156
10971.84082 -12729.35742 8347.887695
9953.070313 -9938.570313 9960.179688
12734.57422 -12312.30859 11299.2832
11879.49316 -14759.82324 6940.927246
8094.680664 -6535.998535 10370.16309
8532.080078 -14625.20996 6565.715332
11471.78613 -11942.22656 6387.855957
11544.6875 -10100.53906 8252.226563
13318.09668 -11123.93652 12201.99902
10868.25195 -15094.65723 11424.04395
10435.41992 -10995.95313 13633.41992
10153.57422 -12176.70313 9017.185547
9200.594727 -15141.86621 10606.90918
10014.68652 -16696.36719 9220.166016
11737.32227 -14339.11523 10555.26563
8893.720703 -6365.477051 10759.30469
7931.049805 -9934.802734 5913.019043
10957.28418 -10175.7666 6274.363281
7282.953125 -16146.38184 11691.26758
6301.918457 -11432.17676 10015.89258
10646.98047 -12351.92871 7347.762207
9960.25293 -11094.72168 11865.49805
11877.50098 -15443.7793 11121.15137
7589.144531 -16742.73047 9840.241211
8282.515625 -13081.93066 11854.61816
12566.97754 -12008.80762 10892.1709
7927.930664 -14537.37695 10170.63281
12199.58496 -11553.83691 12129.41602
7181.264648 -17301.62109 10440.2373
7248.369141 -10522.16895 9866.880859
9842.949219 -8038.322266 8330.388672
12650.69727 -14254.11426 11460.23438
6173.112305 -12674.1123 11046.4082
8674.272461 -8397.22168 13137.63379
10100.00488 -11325.97559 10993.84766
10567.70215 -12354.80176 8256.81543
12445.74902 -15327.38867 7592.302246
8414.37207 -14513.16504 8172.888672
8718.505859 -9452.208984 9702.325195
8502.344727 -17554.70117 9038.835938
8851.561523 -8053.762695 11161.19824
8963.255859 -7451.675293 6548.744141
7371.658203 -10321.6123 8489.283203
9366.664063 -7480.558594 6914.361328
11438.47461 -11662.55664 12389.05273
12260.12793 -14582.08984 10328.20508
8827.026367 -12961.06348 11598.36133
9162.082031 -8788.321289 10806.45605
9161.037109 -10684.62695 8630.606445
9901.086914 -15782.61328 7867.27002
6128.508789 -14503.73535 9469.5625
7420.77832 -10579.22559 9598.287109
12745.91895 -8864.47168 9533.355469
10863.51563 -16131.05859 11260.4209
10685.83398 -10120.68262 10026.62988
10627.94531 -7769.95166 8795.390625
8816.000977 -12728.10254 12222.85449
11104.98926 -12139.40137 10251.06055
12318.80859 -8521.319336 9518.135742
9053.439453 -16416.23047 9319.506836
9259.874023 -6731.915527 10216.36719
7483.267578 -6350.643066 11147.77246
10472.23926 -14295.70215 12269.96777
14729.39355 -11971.99609 10037.26563
10243.27539 -12129.73633 7214.644531
7758.729004 -10460.92383 6188.773438
9410.260742 -18272.55859 9027.051758
10513.99805 -13068.19043 9117.032227
12291.77734 -10421.40527 12567.92188
9357.334961 -10889.40918 12199.81055
10162.19531 -14119.37598 11753.99121
7628.635742 -13332.09473 6993.621094
12059.50684 -11102.7207 12383.47168
7788.80957 -12807.29395 10408.63281
7805.280762 -14101.86426 11783.70703
8900.564453 -10760.64746 10711.8291
6850.5625 -11211.50586 7475.106934
11158.18262 -9287.602539 6774.625977
10396.8877 -14511.18848 9675.879883
8270.416016 -13078.43262 12763.7373
6808.827148 -12941.47363 11800.20801
9286.635742 -7889.15625 10386.35059
10694.41406 -6371.416504 9632.65625
12530.28223 -15077.5625 11497.54492
14696.88867 -11303.86328 9085.380859
8697.143555 -15458.93457 7186.345215
10586.71191 -12985.64355 8881.94043
10437.24219 -11668.30078 11177.89258
9486.786133 -10316.87305 8935.109375
11981.3623 -13649.04688 7810.799316
11503.02441 -11446.27344 6171.76123
11089.68457 -13888.4834 11715.09473
9609.959961 -14728.87207 7396.440918
11052.25 -7431.291992 7351.65918
11893.76563 -10709.00391 10388.65527
12937.78027 -10176.43848 8447.306641
11323.92676 -15507.20996 8004.762695
7348.609863 -14035.66992 8565.208008
9238.356445 -13726.16504 8722.455078
10136.49902 -14489.18945 11800.41309
9640.568359 -17981.29102 8777.472656
9319.788086 -8223.31543 11012.32813
13633.07715 -10390.91992 9182.748047
9834.78418 -10407.68652 13209.31641
9939.111328 -16222.27246 8562.482422
12266.0957 -9130.435547 7590.657227
8114.469238 -11094.01465 8621.491211
9099.855469 -12161.61914 7755.007324
9784.518555 -9312.982422 8023.947266
8077.449219 -11200.03809 11708.0918
6509.55957 -10484.49512 10194.42578
10036.76367 -9064.672852 10591.31055
13771.95313 -15746.46582 10037.80566
9965.295898 -10959.68262 12140.22266
8827.28418 -6972.48291 10589.14551
11470.14355 -7872.799316 10172.30176
7819.057129 -6634.500977 11740.53613
8090.038086 -7084.265625 7831.98291
12740.34375 -10212.17676 9003.329102
7579.259277 -12888.24609 11495.64258
8434.612305 -12276.05078 9875.369141
7117.536133 -9931.499023 7911.426758
7614.821777 -11467.98438 7426.892578
9057.572266 -13774.14941 9181.207031
8338.087891 -13749.51172 12769.2959
12618.76074 -10093.3457 9897.927734
14211.33887 -12083.59863 10117.27051
12074.74316 -14609.15918 7285.118652
11680.9873 -12673.54297 11116.17578
7329.85791 -6508.861816 9546.008789
9491.931641 -12581.43457 7329.056152
9155.829102 -8063.467773 9013.210938
12132.73047 -10742.38574 9996.243164
14004.94141 -14578.43652 9466.282227
6407.961914 -15736.79688 9105.693359
10879.83008 -13104.7041 7687.807129
10390.41992 -15447.52246 8344.038086
12083.33594 -8486.295898 12475.30371
8226.991211 -8951.930664 9116.083984
11703.30371 -15675.45117 11636.05273
10017.71191 -8204.783203 8903.662109
6811.689941 -12279.48047 8079.52832
7019.987305 -7709.103027 8047.291016
10036.79785 -10506.24707 10326.48633
8126.237793 -10597.30176 9770.186523
12764.07031 -14675.09277 7955.748535
12355.08203 -16212.43555 11022.24121
9775.136719 -13009.31348 6573.231445
11646.27051 -10336.69336 11195.69727
6840.866211 -8838.672852 7654.897461
10481.86816 -11246.65723 10314.7959
10968.91309 -13655.91113 12570.94141
8488.123047 -17075.7832 9272.892578
6867.085449 -11868.09375 10592.93945
12742.91895 -10864.77539 12217.48242
8238.942383 -13472.46484 11615.38379
9244.152344 -14791.88379 11253.12695
10361.13184 -10536.65527 11384.12793
10482.58496 -8278.391602 6840.512695
6109.928711 -11653.52832 10786.62305
12140.06738 -12460.19238 8885.410156
7692.08252 -6735.481445 10001.3125
8160.477539 -16991.72461 9085.879883
10340.55762 -15260.22754 11088.56348
8170.826172 -10520.64063 5724.880371
10113.04199 -9602.19043 12602.42676
9441.220703 -13290.32715 8367.182617
7168.647461 -15161.19043 11475.93652
9479.831055 -11735.82324 5646.771973
6069.734863 -10291.20898 7662.679199
7281.200195 -10844.78027 13133.9375
12679.74707 -12363.45703 11325.50586
7451.960449 -16333.04785 9079.006836
10824.30078 -13750.91602 11924.58887
7242.353516 -10094.08203 8241.944336
9560.293945 -16653.52539 9617.444336
9355.958008 -8512.114258 6236.489258
8079.760742 -14876.48633 9151.563477
6833.508301 -9065.708008 6443.321777
10995.44824 -10099.69238 6965.769531
10709.8877 -15574.06836 8269.108398
7250.59668 -14898.16016 10194.75391
11132.78711 -10712.60352 6702.464844
7247.597656 -9241.910156 11781.12793
12913.74414 -10216.80273 10693.21094
11875.11035 -10132.99707 8606.023438
9414.455078 -10307.53418 8008.978027
6007.15625 -8283.891602 7205.785645
11329.4209 -11449.6543 12026.44727
9720.078125 -16874.14453 11756.20898
7353.026367 -13770.3125 11092.24805
11757.30762 -10712.39844 13090.1709
10608.59863 -13946.5127 12234.16992
8475.384766 -8188.270508 10072.02637
10279.77539 -13914.77148 7313.355957
11998.52051 -10725.60449 11213.78027
12249.44434 -14002.24023 6865.615234
11923.07617 -9887.293945 11595.69434
9295.568359 -14491.16602 10406.56543
6880.758301 -15683.43359 8616.787109
11141.15723 -14389.6748 8044.535645
11760.12988 -10107.36914 11202.3457
8884.511719 -13913.98926 11725.33691
9941.217773 -6987.39209 10706.28418
13344.91504 -16542.10547 8434.051758
9637.697266 -7949.990234 9598.18457
9805.024414 -14428.75098 8810.203125
9821.693359 -12662.05176 12928.93848
7128.026367 -8503.799805 10830.6377
7655.075684 -8521.964844 11131.55566
12724.80664 -12635.79492 12338.87305
9305.441406 -13371.48535 5876.54248
8264.8125 -7434.695313 9529.612305
10157.94531 -14464.50586 8006.12207
10243.49512 -14506.88965 8680.853516
8690.607422 -11212.65234 9979.84082
11615.13574 -7613.216309 9591.155273
12535.02832 -10083.47363 11659.25195
11006.45605 -7336.391113 7380.087891
10745.1123 -12382.05957 9438.216797
9529.680664 -13752.11719 12909.26367
6981.853516 -8102.061523 10301.42773
8758.391602 -16691.49414 9345.466797
9355.899414 -9462.233398 5878.02832
9147.435547 -15758.77441 11592.08594
10317.15527 -6790.10791 11640.66113
10476.04492 -13830.30371 8897.958008
10562.73438 -16308.94336 8624.599609
7335.95752 -6640.334473 9048.432617
8016.842773 -10897.08789 10290.80176
7246.76709 -6624.705566 8041.680664
11164.82031 -12205.25098 12499.33984
12759.14453 -12333.39453 12294.38281
11681.53711 -11907.63086 6409.131836
9161.180664 -7188.469238 7332.844238
11542.38965 -12914.71875 9277.5
7034.278809 -14148.61035 8563.279297
7465.543945 -17478.26367 9678.65918
10143.64453 -9658.861328 9232.478516
8685.169922 -12547.44043 12284.43457
9589.446289 -13642.41211 6374.643555
7103.715332 -12244.08008 11767.51758
8766.679688 -8722.568359 10097.82617
7742.384766 -7839.031738 6740.45752
9434.207031 -16867.65039 8381.583008
9636.537109 -10341.5498 7995.998047
9105.458008 -9324.275391 7816.795898
7067.906738 -9099.94043 7135.507324
13332.78027 -14031.99219 9881.540039
9047.582031 -12071.22363 6428.789551
12304.71777 -9157.306641 8762.521484
9627.823242 -11880.98438 5586.862793
12740.37988 -14747.94141 11391.02832
11176.15039 -11501.69727 11499.63574
11326.64746 -15508.62988 11276.58008
6188.599121 -10224.25391 7406.453613
10739.75195 -13547.9707 7765.052246
9926.753906 -12864.23242 8804.947266
6512.417969 -7481.425781 10912.38184
7286.072266 -6358.59375 10284.70117
8966.416016 -10957.15332 5826.662598
8506.18457 -12640.53223 11290.66895
10738.24023 -13636.45215 7427.929688
12440.45215 -8682.598633 9121.820313
8812.535156 -9069.445313 7888.543457
12465.42969 -8970.554688 9548.194336
10872.02539 -7725.448242 7756.270996
10004.19531 -15829.70898 11833.46777
9551.116211 -7484.750488 7652.318359
11525.54688 -10090.39844 12159.79883
14389.80664 -14607.52148 8799.475586
12560.31348 -9911.547852 8305.754883
9849.424805 -8432.518555 7235.54248
8331.65332 -9537.208008 7551.848633
8230.901367 -12634.46387 7565.004883
8013.754395 -12908.19336 11054.82422
10773.6084 -8720.101563 11269.70313
8375.990234 -11940.0332 11967.87793
6351.071289 -8821.858398 9820.145508
8425.475586 -18411.33398 11141.16992
7849.36084 -7221.446777 9043.017578
12862.72363 -13004.03418 7371.230469
11751.3457 -11786.95703 8560.482422
10872.53809 -14912.26758 6909.032227
8295.117188 -8882.75 7969.652344
8736.571289 -11249.93848 8524.65332
5620.754883 -10078.18262 8598.283203
8671.022461 -6977.446289 12107.00488
8580.339844 -13952.25684 10069.81738
6481.336426 -9158.286133 8590.755859
8233.479492 -6268.728027 11795.9375
8246.213867 -17614.85352 8720.263672
6842.703613 -8453.422852 5995.699707
9207.300781 -16321.46289 8870.988281
7238.46875 -9286.754883 11051.9541
9605.466797 -7277.793457 7656.203613
8896.975586 -13786.87988 10677.95703
7479.164063 -8840.93457 11420.18359
6872.430664 -7513.619141 11233.97754
9416.880859 -12725.07031 7053.557129
10827.99121 -12351.06543 9731.239258
8083.384277 -10071.07227 13603.85547
10785.84277 -13279.24121 7737.095215
12420.29883 -17142.9707 10489.27734
6809.804199 -15157.35449 9692.839844
14045.92969 -11706.56641 10316.53516
11511.68066 -7362.336426 9450.855469
13991.16113 -13176.15039 10563.08789
10641.3252 -9411.228516 8887.000977
9280.961914 -13198.42871 10047.125
7020.453613 -8943.510742 6883.907715
9617.454102 -12323.75098 6482.320313
12028.74707 -14162.36035 10358.39648
7811.339355 -10595.08789 12452.56836
7595.458496 -7193.334473 8634.106445
12476.06934 -8723.408203 10010.50781
10132.80371 -7510.933105 10717.11523
8575.000977 -11193.27832 9762.463867
5886.324707 -14837.44434 9262.239258
9320.854492 -9958.295898 8399.112305
7663.187988 -7690.89502 6679.659668
7607.312012 -7837.843262 7937.094727
9925.379883 -14975.65234 8898.50293
9321.444336 -14554.01563 7136.207031
9203.639648 -12987.58105 6835.684082
10001.87695 -13150.79785 6395.336914
8945.170898 -9521.147461 12734.18066
10721.12891 -10474.16113 13611.64453
12101.31152 -12856.31445 7857.589844
11724.90625 -12786.7334 11269.2793
9457.811523 -9466.671875 10723.37988
13118.69434 -13956.44336 10270.16211
8400.209961 -9167.262695 8469.99707
8408.794922 -12057.0166 10203.52148
11082.34961 -10393.89063 6140.154785
10031.22168 -12444.0166 10460.31836
10535.2793 -11712.62598 9682.771484
9972.957031 -9114.469727 8935.036133
12412.60449 -11166.3584 11407.91211
7752.20459 -11225.34766 7463.822754
12342.54688 -11417.45215 10059.79297
11058.31152 -14668.95605 6904.990234
6894.687012 -15249.68457 10101.07227
11466.9082 -9255.041992 7923.772949
13142.42676 -13393.5752 10616.12598
9627.624023 -8668.674805 7589.821777
10740.11328 -13357.04004 8474.00293
11887.52832 -15783.38184 7296.765137
12195.92578 -13531.49805 8889.805664
7978.380859 -7554.897949 10863.29395
7915.759277 -9047.365234 11757.625
10975.04297 -11903.38965 12326.06543
8741.880859 -9436.0625 8247.630859
10092.8623 -10414.05371 12675.15723
7700.324707 -15288.92285 6951.699219
12477.92383 -15765.82813 10819.56641
11750.30469 -7416.445313 8552.526367
11463.54004 -16543.8457 10976.57715
8373.699219 -11052.55469 10534.96973
9444.125977 -6296.489258 10597.69434
7678.481445 -9858.089844 12320.81836
8339.803711 -9528.250977 8667.222656
9213.533203 -14251.87793 7302.545898
8830.05957 -8787.573242 11808.44629
11554.14258 -8546.74707 11285.37793
12354.41504 -12454.62598 11127.70215
7575.255859 -14893.31836 7320.039063
10622.19238 -17999.44336 8530.154297
9651.4375 -10547.83008 9597.162109
12998.14648 -10633.05176 7692.693359
11243.99219 -9424.958008 6844.952148
13140.4834 -14541.58691 11423.97949
7976.904297 -12552.36621 10647.83789
11762.12402 -15934.16016 8432.816406
11795.86914 -12367.3457 11434.875
11361.62891 -14843.4541 7178.105469
8342.576172 -12014.86426 12330.37012
9608.581055 -10021.2832 8909.139648
9251.175781 -15048.41504 7413.605957
11042.35645 -8835.330078 11545.58594
10236.75098 -8299.980469 6805.458984
9403.551758 -15783.66016 11178.00098
10760.95508 -8262.413086 9394.669922
10878.10059 -17703.64258 8473.398438
8547.251953 -16191.9209 9272.030273
7914.59668 -7482.328613 10026.39355
10758.62109 -7921.370605 11615.56934
7516.131348 -11533.99219 11034.58301
10478.5791 -13059.21777 11004.81543
12355.52734 -8983.949219 10797.74023
11576.8125 -13842.32422 8589.075195
11439.72754 -7347.208008 10423.77441
6884.48584 -8672.782227 6123.135742
6614.842773 -14564.88867 9171.804688
7546.540039 -12023.53809 11192.61133
6606.333984 -9255.361328 10424.95313
12195.17285 -13291.75781 8001.675781
8056.962891 -14858.40723 10101.33594
6746.859863 -8131.955566 7128.779297
6091.233887 -12741.1875 9951.133789
9387.90918 -8513.541992 10839.93652
9801.241211 -16699.14844 8479.942383
9631.453125 -8191.091309 9817.008789
9107.334961 -8418.65625 8732.995117
6333.869141 -9783.253906 7180.920898
9273.689453 -8262.258789 12139.1543
8914.163086 -14182.37793 11017.68262
8641.625 -13969.12207 8391.855469
10489.12988 -7141.331543 8342.169922
7335.07666 -12551.63965 12064.60156
10386.43848 -14120.27246 12275.75391
6723.606934 -10822.7959 8422.719727
11312.84863 -11116.53809 10011.14355
8216.299805 -8408.729492 9324.543945
9025.413086 -16209.7666 9000.21582
10392.47168 -11189.47461 13596.33105
7737.798828 -12678.62793 9603.375
7218.54834 -8483.917969 10038.04492
7777.109863 -8551.613281 8182.943359
6199.521973 -8297.264648 10367.90234
6973.956055 -8926.292969 6755.180664
6976.910156 -9884.791992 12423.49707
7310.048828 -9053.244141 7962.523438
6732.896973 -11548.38281 9065.162109
12059.07227 -12711.5 9523.298828
7060.684082 -8262.235352 6600.607422
6382.618164 -8511.893555 6937.255371
11283.33301 -10643.75098 10459.08691
7035.370117 -11928.96777 12560.71191
9935.102539 -17957.85938 11022.04199
8587.143555 -12546.98047 10762.30957
8153.591309 -11059.28809 12225.41992
10921.60449 -7860.539551 10538.95898
8331.555664 -8023.00293 10535.92969
12247.23242 -8097.903809 10369.30664
6859.527832 -7476.013184 10267.19922
7439.275879 -8699.40332 8158.45752
6566.643555 -8485.499023 6645.713867
7166.184082 -15730.36914 11541.37598
7834.726563 -14849.98926 10360.51465
8246.282227 -10782.16406 12741.1543
7582.592773 -14898.70313 10677.97559
7477.095703 -15460.90234 9939.798828
9906.519531 -9344.092773 11671.18262
12159.80078 -9440.566406 12156.43359
8528.197266 -13234.7793 10769.61621
9901.34375 -9075.203125 10391.625
12166.88086 -9514.858398 11768.25781
6309.26709 -11533.63379 10683.05176
9931.243164 -8779.170898 9607.59375
8358.68457 -12708.86426 6459.018555
7847.657715 -16676.35547 9508.041016
8485.397461 -7319.383789 10342.49902
7087.921875 -8291.401367 6974.042969
10986.38965 -10701.87793 10322.50684
7661.79541 -17202.37695 9877.900391
8615.787109 -13059.3623 7404.632813
12785.27148 -8409.28418 10878.23633
7186.06543 -9284.140625 9498.452148
10294.33203 -14214.97949 10568.46875
5937.924316 -10022.25 7229.404785
8293.457031 -12687.77539 12660.82422
7475.179688 -15088.59375 11772.88867
10396.31055 -11983.16113 11556.04004
9142.644531 -6855.953125 11459.66211
9036.875977 -10800.79883 12948.78516
11350.76172 -11730.94336 12452.19824
10318.375 -12087.48047 8849.618164
8104.518066 -16309.57227 8811.544922
7315.277344 -12163.03125 9892.484375
7199.355469 -12896.90039 6660.423828
8476.243164 -16200.07422 8786.566406
7539.589844 -9998.482422 13323.31738
6032.767578 -11015.77051 10695.78906
10583.98926 -10819.58789 11934.94141
7218.277832 -11069.53418 6616.775391
7420.65332 -11056.18066 12508.01172
7845.458008 -16488.10938 9811.071289
7479.941406 -8862.160156 12534.96289
8747.813477 -8794.390625 11541.94727
11197 -10366.70898 10783.52441
10712.65137 -12222.44629 9073.448242
8282.834961 -12259.20703 8341.929688
7056.352051 -14487.62988 10371.27344
7784.500977 -14621.19824 8085.592773
7860.191406 -15527.35449 11774.20605
7672.98584 -10152.71973 7322.498535
9239.958008 -13848.72559 12642.37988
7675.257324 -11760.79004 12595.71582
10319.22754 -7122.133301 10061.45703
8271.982422 -12205.43555 8155.827148
7285.966797 -13568.47168 10655.59863
9337.610352 -12725.06152 8579.738281
9708.803711 -7127.888672 8116.833496
10314.47461 -15609.39844 8826.400391
10605.24316 -8994.754883 12686.89844
6975.859375 -6637.694336 9860.353516
7865.879395 -11978.01855 10764.46777
9902.738281 -10704.71191 11707.19531
9606.397461 -7292.017578 10380.02637
11148.31641 -7880.450195 10802.60645
7774.226563 -7417.117676 7738.248047
6268.659668 -10390.35156 7062.661621
10673.66504 -9817.141602 12780.92871
9186.607422 -8034.811035 7028.328613
6930.464844 -7144.796387 10690.99414
12037.72559 -12241.35547 9933.462891
14127.63184 -10525.20215 10367.32422
7962.289063 -8050.740234 7490.364746
7909.788574 -7186.314453 10120.98438
8531.348633 -13296.27734 7632.427246
8080.987793 -13805.89258 11458.03223
12317.93066 -9078.933594 12222.13379
8095.433594 -7919.134277 7372.435547
10738.12012 -8875.875 10060.3291
11842.74512 -14627.65137 7918.590332
9256.199219 -9434.491211 10776.68848
11442.82129 -14739.52344 11600.99219
7212.493652 -12169.17578 7485.939453
10801.66211 -11300.82031 12302.71191
10043.8623 -8969.344727 10231.81934
7538.807129 -12003.73145 9056.135742
9539.712891 -11568.08691 5938.691895
7440.328125 -11049.40723 12664.39648
6792.73291 -12995.06934 10585.09766
7697.098633 -8180.350098 7323.40332
11557.16992 -9038.552734 10767.37207
8640.1875 -13258.25391 8454.810547
8533.670898 -12949.50293 9636.537109
7724.985352 -8559.365234 10797.85059
6160.018066 -9385.897461 9722.060547
7074.338867 -12557.12207 8437.280273
7452.060059 -8073.15918 11742.48047
8576.134766 -10435.91895 11037.62695
11795.40234 -10268.63477 11059.99414
12925.16211 -11647.47754 10818.93359
6498.009766 -7114.884766 8325.722656
11069.07227 -11793.39941 7954.134766
8379.540039 -10927.75586 6546.978516
6836.068848 -8535.554688 8226.686523
11050.26367 -11802.26758 10410.03516
9254.417969 -8504.026367 9172.016602
9216.301758 -7617.652344 7415.003906
10159.2959 -13975.74219 8875.927734
10313.34277 -14994.84082 11858.41113
7178.202148 -14958.78223 8566.318359
9127.461914 -15020.6582 9556.65918
7336.52002 -14106.05371 10536.42383
6426.315918 -7389.668457 8688.525391
7705.981934 -14091.56152 10899.80176
10057.47363 -10517.35449 10605.80566
7464.219238 -8048.29834 7435.779785
10527.07617 -13152.08984 9676.929688
8207.892578 -10447.73047 11593.93555
11879.66602 -9040.429688 10308.83789
12056.79785 -9331.829102 11706.80273
7735.373535 -10208.29004 12244.41211
7037.112305 -8249.446289 9456.598633
10493.83887 -14113.9375 10247.90918
7175.887695 -13203.63965 10440.00684
8023.054688 -11513.30762 12823.98926
10176.91895 -12630.99707 8150.144531
8450.691406 -7430.700195 9928.926758
6409.937012 -9979.65332 8824.428711
6823.587891 -6653.54834 10118.64941
10860.43555 -10553.36035 13423.80664
8255.259766 -9732.769531 10326.78418
7111.390625 -12143.08984 11417.07617
11231.87695 -13094.19043 9822.421875
8528.524414 -14782.34473 8401.015625
8236.349609 -7507.486816 8178.56543
6511.150391 -9724.731445 8273.344727
6393.426758 -10978.3125 10418.39941
6792.798828 -12711.08984 9643.893555
10366.10156 -10213.96094 13262.41309
8705.402344 -12054.19336 12556.6875
9354.186523 -9517.013672 10784.18262
7570.210938 -14427.02539 7737.864258
6704.95166 -7049.617676 9960.182617
6679.081055 -7149.906738 9726.085938
6850.820313 -14207.96973 11807.52832
11740.93652 -12602.00684 9792.928711
7047.486816 -15857.59961 9881.40332
6257.742676 -11829.36426 7926.516602
9546.217773 -6895.6875 11165.55469
7617.550293 -9351.361328 10216.16895
10103.67773 -10443.17773 10798.71777
10373.78418 -7577.630371 10043.46582
8018.728027 -9367.920898 11542.94043
14001.82324 -11684.58398 11194.17773
11205.4043 -7799.542969 10503.59668
7946.318359 -12570.42188 6007.359863
9598.732422 -8595.289063 10472.60059
9338.15332 -13438.71582 7805.333984
10173.73828 -12034.93945 12588.1416
10473.16016 -7346.286621 11335.23242
12075.61426 -11625.60156 11869.41113
8730.413086 -13978.96582 9655.205078
9658.163086 -12263.61035 10906.2373
10936.07422 -11973.32617 7534.992676
8036.197754 -6298.02832 10066.23242
11159.74512 -10275.97168 10730.07813
10069.93066 -12428.91016 9272.973633
6705.154297 -10085.52246 8785.661133
7074.420898 -16077.65723 8364.044922
7173.598145 -9716.310547 10714.9209
8291.449219 -12166.5957 9963.947266
12088.81445 -9669.896484 11428.30762
7504.471191 -16126.5166 11165.79297
8171.304688 -8267.476563 10051.96484
7223.549805 -14238.71484 9087.345703
7832.263184 -14164.97168 11357.30469
9726.853516 -13266.20898 9200.506836
7065.932617 -15502.43066 8819.125
8650.077148 -8849.751953 9909.057617
7439.809082 -10824.375 6559.273926
11552.79102 -8590.21875 10466.71191
7919.957031 -8159.566895 12527.31836
9582.092773 -8304.130859 9644.197266
8740.318359 -14469.86621 8282.832031
7313.838379 -7048.660645 11085.54688
7541.425293 -11013.67188 10968.75977
8524.375977 -13989.84473 10651.37012
8160.489746 -15184.4248 10368.58105
10238.32324 -11327.00586 11564.0332
7780.272949 -15275.72949 9144.847656
9665.089844 -10982.7168 9724.47168
6249.285645 -11702.41602 11074.78418
12123.75293 -12577.71387 10075.0127
8526.332031 -7808.470703 10783.86621
10416.44727 -12203.3252 6563.39502
8097.625 -17269.80078 9680.708008
6920.010254 -15305.46191 7708.964844
5958.344727 -10995.53223 8212.522461
8080.17041 -8111.278809 12757.63672
7191.037109 -13987.54199 11885.17969
9252.911133 -14232.23438 11442.4668
10100.83105 -8423.581055 10833.72656
8382.8125 -13557.23438 9516.989258
10230.02246 -10421.11133 12290.91797
10060.41406 -16422.72656 8512.828125
12775.61133 -9888.274414 11171.03125
8449.125977 -7863.474121 6746.63916
8853.701172 -13416.17871 12711.69238
6192.466309 -14085.98145 8253.03418
9834.339844 -14476.0293 9720.821289
8244.119141 -7491.937988 12342.57715
9108.371094 -12694.75781 10639.8418
9253.222656 -8489.310547 8686.695313
7138.406738 -9532.380859 10714.50879
9933.44043 -10858.08398 11341.40137
9844.826172 -15051.09473 9513.128906
7075.069336 -11600.12207 11252.15527
8503.514648 -10669.30664 7929.521484
8610.116211 -11205.58008 11405.24512
11637.12109 -7165.575684 9986.631836
6542.020508 -8277.311523 10197.44434
6963.106445 -10011.73828 12327.86426
9163.198242 -14257.71387 10903.62695
10224.80078 -12744.33789 7418.251953
10384.37891 -12501.34277 9268.773438
8868.444336 -8281.015625 12055.65137
7762.515625 -6914.533203 10316.51953
9520.708008 -8136.134277 11052.71094
8744.705078 -12478.67773 8526.368164
7143.353027 -10583.60156 6494.190918
9242.495117 -11502.63281 12026.33105
10237.14844 -9517.836914 12156.83105
9215.095703 -11746.79395 9348.234375
7627.799805 -9729.241211 10639.30762
8209.016602 -14698.18945 11926.73242
8165.373535 -7343.021973 8900.226563
7576.22998 -12809.60938 10386.82031
11555.46387 -13982.7832 9017.688477
9912.09668 -13573.61426 7431.163574
7246.428711 -9261.888672 11251.69434
9909.275391 -16164.16992 8822.553711
8991.251953 -11892.25684 11974.24902
8317.308594 -8036.879395 9303.768555
7999.086914 -8198.636719 10162.83691
8137.210449 -10020.02832 10778.2998
6683.070801 -8209.171875 10159.60449
10097.72754 -11113.63477 9158.483398
7160.37207 -14620.73047 11474.48926
7862.867188 -8470.961914 11655.33691
10814.18945 -12265.52148 8335.908203
6953.980469 -12904.74023 10363.12695
7223.768555 -13062.47949 8233.34082
6967.516602 -8909.856445 6704.807129
7402.061035 -12005.6582 12302.0498
10281.0293 -11743.11133 9034.316406
9133.276367 -12684.16699 6029.784668
7791.915527 -15593.4502 10446.61328
7739.038574 -16004.54492 12132.78418
7776.838379 -12792.74609 8494.636719
9140.753906 -8960.584961 13066.25488
8769.149414 -10819.19043 13348.79883
7845.59668 -15319.78711 10051.87988
7786.537109 -8588.62793 11590.47754
8971.290039 -11507.96289 7168.872559
7364.95459 -12015.30371 8847.820313
10705.18262 -13999.89453 11760.74316
6510.578613 -6589.678223 9527.333008
8254.02832 -8084.954102 7767.048828
8678.604492 -12176.9541 8351.797852
9571.495117 -7612.113281 10253.91504
8215.384766 -12016.03906 10289.28027
9588.132813 -7378.855957 10509.49219
6266.994141 -8412.647461 8791.583008
6512.101563 -6911.529297 9942.121094
10556.89746 -8749.079102 9924.796875
7650.455566 -8108.327637 10627.85742
9557.203125 -6914.137695 7877.619629
8766.560547 -8915.626953 10000.93652
6679.928711 -9846.941406 8974.766602
7660.791992 -9563.707031 8226.357422
7059.439941 -10810.19043 10188.94238
7490.515625 -9684.337891 9946.589844
10539.2832 -9087.382813 10494.91113
10688.36719 -9929.03125 10537.34668
11148.9043 -11139.68848 13648.55176
8321.713867 -12760.91699 11980.74512
12019.63867 -13563.34961 7900.227539
11070.46484 -9775.887695 10300.55176
7793.643555 -8069.034668 8161.634766
11053.85254 -13444.62109 10955.34961
7694.092773 -14092.16504 7937.68457
8458.157227 -6907.843262 11731.57324
7728.258789 -14776.83984 8139.722168
8334.329102 -7874.938965 11424.13281
8962.841797 -13237.65039 12794.43945
11096.19434 -13349.91406 9623.323242
12252.48438 -9201.076172 11845.88184
10114.06836 -13028.51758 8976.53125
9575.485352 -11685.83203 10960.25586
6154.002441 -8089.290527 7364.138184
10216.53418 -8037.464844 11628.0918
9583.325195 -8738.113281 9065.34668
11796.72266 -11094.05566 12498.24219
8172.556152 -16344.09863 9490.137695
9825.568359 -12524.20117 9175.070313
11537.72363 -10096.33105 8439.797852
11254.6875 -11133.1543 12193.81055
6766.799316 -7807.084961 8837.984375
9849.575195 -17122.64648 8928.135742
10316.89355 -11423.4668 13273.67676
11463.97949 -12686.23828 8841.022461
7231.538574 -12442.19824 10089.48145
8375.09668 -7504.543457 9377.710938
7137.375488 -10196.41895 10504.63672
8559.989258 -14491.62695 11755.7959
6955.922852 -12780.07617 7831.140137
9669.461914 -8191.711914 10082.43066
7023.773438 -12147.89551 8775.15918
10750.51563 -14226.32715 11694.1709
11862.55371 -9544.164063 10342.09863
9701.611328 -11494.67188 10889.3623
8973.689453 -12026.02148 13069.52832
7948.753906 -8149.925293 11008.58203
8903.80957 -12556.55566 12645.40723
8286.382813 -11445.14453 12953.66309
12373.82422 -8485.216797 11404.35645
11613.45313 -7979.016602 10241.05566
7210.374512 -6950.455078 10726.56348
8458.552734 -9492.625 12987.29395
11338.96582 -12596.5 8381.638672
10349.83789 -9646.876953 12912.69629
10417.38574 -8896.959961 7405.893066
10814.07617 -7521.442383 10624.71582
10011.24023 -12402.63672 11750.61816
11033.38574 -14162.46582 7891.146973
9202.442383 -12276.63574 12036.70117
7609.413574 -8010.000488 12720.50293
8293.170898 -12974.59668 9619.824219
9832.230469 -12438.25781 11128.11914
8379.083984 -14402.72949 9087.108398
6347.161133 -15521.06152 8979.213867
7941.483887 -13623.50781 11235.14551
8432.339844 -14194.89648 11721.10742
7783.888672 -8976.463867 13198.77148
10826.20117 -11418.78711 11673.40137
8379.329102 -15525.9707 9017.734375
7647.105957 -8416.432617 12788.87207
10281.53223 -16685.95703 8362.404297
10670.72656 -14627.68262 8934.368164
8675.508789 -14479.95215 8561.533203
7662.532715 -13479.1582 9730.415039
10319.27246 -14500.4209 10768.85352
6497.829102 -8293.767578 7536.687988
8521.327148 -8137.030762 9699.516602
8359.140625 -7850.720215 12201.06055
10102.02539 -12834.9248 8587.701172
7222.630859 -8989.950195 7665.303223
9028.041016 -7195.695801 8699.870117
10820.22363 -12683.06934 8724.345703
8383.805664 -13519.5625 12700.4082
6972.001465 -15535.14941 9890.487305
11606.78223 -15207.31445 8188.668945
8699.950195 -14657.6416 11799.23828
7300.414063 -13870.67383 10858.15918
9513.018555 -7921.529785 10470.79199
9991.09375 -10453.91504 10634.75391
10429.05469 -11932.13184 12739.0625
8713.248047 -7263.3125 11719.38574
7667.90918 -11563.66211 11901.33301
12581.6582 -10428.25195 11123.98633
9545.560547 -11370.79102 12334.78223
8923.077148 -8856.121094 12222.56055
9516.160156 -7475.146484 9187.147461
9907.806641 -13053.13184 7429.063477
9272.056641 -11895.6123 9075.586914
6610.242676 -8516.25293 7263.81543
8033.633301 -12129.42871 8191.462891
8584.90332 -7093.905273 11660.70996
10013.39551 -8124.090332 11770.22266
11524.63379 -7846.287598 10038.30273
6155.209473 -10109.62891 9401.78418
7753.315918 -10654.37109 12858.15332
10003.36328 -12489.16797 8564.984375
7806.631836 -10594.91406 6597.859863
8734.669922 -11534.37598 13266.21973
6373.513184 -8002.126953 9304.273438
11722.11133 -10537.71582 12518.61133
9870.151367 -6721.039551 11622.84277
6180.669922 -12052.24902 10861.66797
7510.890625 -7763.385254 10698.62695
6870.671387 -14344.2793 11141.05469
12139.65918 -12210.82227 11547.48047
6470.846191 -10711.16211 11662.88281
7945.557617 -13836.48242 9260.230469
7220.555664 -9164.790039 9653.50293
9351.429688 -6806.527344 11608.04785
11880.30566 -8260.635742 10126.50195
7171.740234 -7601.805176 9185.201172
8976.887695 -8469.428711 11658.13086
6570.702637 -12724.35254 8745.973633
11532.41504 -9715.029297 8272.507813
10201.91699 -7645.590332 11730.86426
8052.429688 -14930.54883 9212.423828
6706.127441 -13786.40527 10527.8125
7051.719727 -11397.89551 11210.74902
8025.130859 -7572.739746 9125.525391
6774.629883 -6863.367188 10086.39844
7417.820801 -10084.41016 10073.48828
8272.536133 -8260.867188 12297.18848
12904.43359 -11964.81738 10747.31641
9303.458984 -12739.08105 12187.54492
6348.352051 -15302.30273 8937.666016
6969.544434 -12780.8125 11737.2334
6755.82959 -7579.040527 10971.2334
7790.552246 -10291.63672 10269.48633
6476.105469 -7649.58252 9126.6875
9330.570313 -14003.41211 9630.780273
10986.72656 -11047.05078 13185.69043
8171.402832 -16153.25195 12045.16406
6286.291992 -9525.969727 9381.868164
6944.109375 -10598.875 11657.91602
7043.644043 -14103.24219 7640.407715
6464.480957 -11219.42676 11017.65527
6691.077148 -11969.11035 10025.66113
10575.79688 -9929.588867 12959.06934
9352.678711 -14493.9834 7995.312012
8159.974609 -13947.2168 7729.369629
7286.824707 -14444.07422 10750.64355
6730.557617 -14789.29492 11175.74707
8046.999023 -14419.61914 7978.80127
7932.077148 -14297.16016 7398.394043
10046.49219 -12130.08398 13310.18848
7003.900391 -7237.324219 9884.996094
8718.09082 -8724.302734 11367.54492
10433.11426 -13155.79688 8188.546875
12480.75098 -13472.73535 9662.663086
7938.027344 -7709.752441 11531.78711
9330.75 -11304.5459 9347.462891
10078.95117 -12977.06543 7913.179688
11137.50879 -14823.27539 7689.541016
12618.33105 -10333.05859 11420.2627
11678.45508 -12453.02539 9656.858398
9779.329102 -13608.39941 7933.3125
6413.565918 -13803.31738 9135.103516
8717.669922 -7784.765625 10971.10254
10317.96875 -8990.182617 11983.8457
6136.664063 -12866.45605 8311.043945
7024.727539 -10392.81055 10512.69238
6139.86377 -12298.53418 10065.62207
6379.088379 -12234.81836 9504.741211
6730.849609 -11878.64844 9099.453125
6459.983887 -10661.14844 11270.43457
6146.039551 -11155.61133 9844.307617
6207.200684 -11948.69531 7893.910156
7143.969238 -10775.17188 10519.55762
6048.835938 -11626.14453 9292.216797
6912.02832 -12026.64453 8899.155273
7012.682617 -12403.15723 8538.894531
7103.325684 -12088.30273 11334.57813
6768.677734 -12628.09766 7977.140137
6157.219238 -11121.17578 10871.31738
5907.586426 -12633.53125 9521.975586
6678.411621 -10490.82813 11271.86426
7653.736328 -9967.439453 11098.7627
6166.521973 -10971.41309 10752.90137
7713.245117 -12206.19824 9584.861328
6571.099609 -11630.98633 11790.29688
7614.718262 -10554.04785 10794.07324
6573.875488 -11340.93066 9045.762695
6658.577148 -10437.24805 11184.12207
7193.926758 -12183.37012 11016.41016
6050.354004 -10495.36621 10109.1084
7042.708984 -12023.07422 10703.83594
7005.55127 -10184.72363 11636.21484
7041.995117 -12151.47559 10701.75781
6895.663574 -12609.35742 10466.28125
6234.512207 -11501.15918 10583.91406
6353.158203 -12771.64746 9142.652344
6306.083496 -12249.94531 11279.86914
6473.521973 -10479.41895 10515.40918
6397.056152 -12260.3252 11625.74512
6141.301758 -9550.06543 10719.77148
6446.881836 -10643.08496 10266.68262
6288.901855 -12063.41699 10236.66797
6522.893066 -10516.44629 10419.44629
7035.14502 -12939.37012 10107.30371
6729.339355 -10692.21777 10679.23828
5960.958496 -12434.72168 9524.913086
6685.425293 -10854.91406 10722.48535
6107.562012 -12481.38574 10572.5625
6197.204102 -10999.67773 9985.854492
5908.354492 -12414.5293 9260.145508
6871.670898 -12175.21094 11255.10938
6336.521973 -9804.916016 11078.0459
6033.185547 -12079.00879 7953.286621
6099.708984 -12572.24414 10971.83594
6455.594727 -12563.50879 8602.286133
6266.003906 -12158.93359 10243.15137
6542.961426 -12590.87891 8634.637695
6579.761719 -11966.10742 9103.426758
6398.368652 -11223.85254 11207.25879
7429.876465 -10266.75879 9849.296875
7145.676758 -10945.02246 10883.80469
6525.710449 -11803.93848 8912.360352
5944.173828 -11851.06348 8744.541016
7086.498535 -12453.41211 10579.32422
6265.026855 -12596.77246 8429.362305
6840.577148 -10757 9909.484375
6900.788086 -11305.40723 10696.15137
6721.483887 -12179.0332 10769.06738
6089.966309 -12783.05078 10275.76855
6913.308594 -12138.67773 10741.27637
6302.884766 -9931.380859 11414.33691
6192.527344 -11971.8291 8693.867188
5973.709473 -10417.58789 10727.77637
6559.550781 -11508.44629 10669.57031
6412.806641 -11596.62109 11187.5166
6884.379395 -11716.82031 9626.055664
6627.992188 -12672.61719 9173.341797
5928.100098 -12407.05469 10244.78906
6070.527832 -12536.04004 9668.488281
6858.318359 -11661.59473 10581.93262
6490.785156 -12380.68945 9385.452148
6818.480469 -12117.125 10359.83984
5907.394043 -11365.07129 9285.107422
6103.66748 -11588.7832 9709.210938
6567.570313 -9748.541016 11509.33691
5930.619629 -10176.30078 10283.48828
6477.61084 -12620.62109 9052.583984
6284.106934 -10931.47656 11157.84863
6736.325195 -10777.81641 9964.149414
6348.786133 -12116.4248 8304.680664
6922.245605 -12311.8623 10709.44824
6105.648438 -12412.32813 8044.158691
6144.769043 -11868.27539 9749.84668
6302.873047 -11968.75781 10070.5293
5912.423828 -12096.5752 9378.108398
6235.792969 -11028.2627 10012.41797
6823.395996 -12800.0459 8656.943359
6135.170898 -13096.24609 10344.5459
6740.521484 -12018.9209 9850.081055
6449.037109 -12222.08496 9173.835938
6147.642578 -12044.08594 9923.821289
5827.95166 -10010.0791 10533.56445
7408.598633 -12020.10254 11259.20801
6561.966797 -10933.42871 11274.12402
6502.274902 -11848.4834 8884.110352
6692.052734 -11066.54785 11420.2168
6165.372559 -11735.65137 8077.980957
6261.181641 -11553.18457 11230.90332
6975.019043 -9901.725586 11461.19727
6545.742188 -11779.19727 10540.52344
7047.413574 -12179.61523 11130.82031
7098.374512 -12328.00098 10758.42773
6613.371582 -11038.49902 11420.91504
7058.756348 -11839.16895 9777.958984
5919.822266 -12730.23633 10254.99707
6796.268555 -11676.08008 10889.06055
5991.347656 -11629.65625 10120.75293
6535.975098 -11559.35059 8575.358398
7062.375488 -10576.73633 10145.20605
6717.625977 -12160.91699 8462.263672
6650.492188 -12968.30078 9666.896484
6314.680176 -10481.76465 10471.02637
7565.541992 -10152.48242 11482.01953
7504.222656 -12507.44531 10120.15723
6945.686035 -10610.60156 10561.51074
6806.328613 -12265.51953 10754.72852
6535.596191 -11037.95508 11175.96973
6421.583008 -12631.12109 10409.21289
6694.461914 -9648.394531 11438.76953
5980.111328 -11855.55371 8892.837891
6887.100586 -12039.25195 11178.13184
7194.312988 -10642.70898 10426.97266
6136.504395 -12501.3418 8579.983398
6131.592773 -12003.4502 7625.115723
5978.221191 -11469.25586 9599.802734
6522.468262 -12968.78125 10155.42773
6397.575684 -11856.20898 9557.581055
7215.037109 -12439.79883 8598.958984
6529.789063 -12347.03125 9013.270508
6614.269043 -11486.03516 9033.383789
6734.508789 -10233.15918 10365.74414
6272.777344 -10601.25293 11273.14844
6042.34375 -13005.48828 9289.84082
7041.352539 -11894.08398 11381.69434
5961.638672 -9981.709961 10453.16797
6026.095215 -12194.72461 7904.395996
6601.865723 -11440.91113 11513.58398
5908.157227 -12243.32422 9167.363281
7793.882324 -11977.39746 8406.766602
6625.345215 -11670.36621 11794.99609
6590.455078 -12082.54883 10447.93945
6191.20459 -12300.33691 11086.45703
6964.181152 -10715.81543 10723.69727
6942.260742 -12270.07422 9600.416992
7299.861816 -12387.36816 10715.64648
5861.953125 -11348.37012 9183.15332
6272.902832 -13103.52246 10066.82129
6256.105469 -13174.55176 9830.737305
6577.104004 -11889.43652 7978.162598
6386.511719 -10200.60547 11119.34473
6379.858398 -11608.71973 11370.01465
6194.418945 -11343.72266 9403.422852
6762.431152 -12431.35449 8715.758789
6060.764648 -12160.36133 7826.751465
6035.603516 -12336.27832 8066.514648
6051.841309 -11760.95996 10108.6543
7276.349121 -9959.685547 11394.4707
6004.817383 -10856.25684 10432.45117
6319.497559 -13020.09668 9458.928711
5988.243652 -12752.87891 9078.490234
7044.065918 -10153.97266 11251.97559
7714.907227 -10079.49805 11344.06641
6326.92041 -11215.93262 10468.78711
6456.663086 -12692.53418 8524.228516
6505.616699 -12638.54102 10323.68945
6463.901855 -9792.308594 11564.125
6375.193848 -11788.83105 8810.445313
6518.21582 -12881.19824 8603.151367
7105.579102 -12255.0166 10640.08398
6310.849121 -12213.79199 11100.50488
6107.393066 -12269.59375 9872.714844
6047.489746 -12242.36523 10966.15918
6955.112305 -12201.82813 8897.339844
6907.313477 -10367.23242 10081.94824
7183.193848 -12532.68652 8624.75
6336.444824 -10702.37695 11440.62402
6626.336914 -11596.42676 10719.04004
6456.773926 -9952.171875 10850.65625
7306.629395 -11602.98145 8960.917969
6428.647949 -11486.80957 10195.77344
6204.085449 -12391.83594 8265.942383
6009.152344 -12614.54688 9798.214844
6407.450195 -11202.10449 11565.35449
6802.66748 -12165.60547 9481.825195
6718.700195 -12846.64355 8855.03125
6664.144043 -10487.47559 10284.89258
6906.102051 -11853.80273 11365.94727
6231.866699 -10947.43848 10015.25293
5995.532227 -12634.74902 8213.792969
5949.279297 -12956.08691 10015.23633
7150.911621 -11947.57715 9631.008789
6365.519531 -12214.53711 10022.78613
7310.152832 -9882.608398 11147.99121
