6977.167969 -14500.78223 9269.738281
7088.586426 -14398.00195 9240.792969
7328.203613 -16041.28223 11256.08105
7238.23291 -16012.2373 11264.69141
9982.655273 -7278.476074 9393.351563
10306.36328 -7341.941895 9304.224609
10925.83691 -11992.12891 7796.145508
10813.35254 -12104.22656 7871.485352
7522.279785 -7245.284668 8194.208984
7268.422852 -7555.04248 8241.785156
9445.474609 -8392.527344 10902.96387
9422.820313 -8361.986328 10546.48047
7389.090332 -10055.40527 10651.12402
7558.060547 -9998.855469 10451.40332
8059.307129 -13349.43652 8422.556641
8239.768555 -13238.99707 8418.773438
6548.252441 -12643.22363 9844.128906
6583.299316 -12753.58301 9745.135742
7238.200684 -7486.069336 9685.90918
7084.409668 -7531.650879 9329.34375
10988.21973 -9840.669922 10919.37012
11121.49805 -10025.57031 10582.62695
8186.547363 -9586.642578 11247.26172
8181.741211 -9596.926758 11221.73242
8076.222656 -6553.262207 10206.27637
8082.350586 -6751.587891 9900.783203
7779.290039 -10599.23633 7224.473633
7536.620605 -10870.55078 7142.068359
7747.128906 -16036.99316 10888.94629
7783.54834 -15658.8584 10730.51758
10008.64844 -8103.887695 9703.925781
9746.449219 -8249.511719 9877.44043
7570.990234 -11779.38184 12637.3252
7386.415039 -11528.61914 12498.51855
8278.238281 -10990.72363 12945.39941
8095.289551 -10890.50488 12799.72461
8637.22168 -9304.230469 9929.084961
8445.75 -9215.401367 9748.628906
7066.645508 -10219.1709 12680.45605
6785.050781 -10242.42285 12717.71191
6326.575195 -9174.338867 9183.118164
6199.040527 -9176.625977 9165.541992
7088.787109 -8078.750488 11345.36816
7211.79248 -8399.476563 11363.41992
7445.229004 -10066.02832 8670.283203
7274.789063 -9824.995117 8578.144531
11082.87891 -7437.102539 11390.57617
11050.13867 -7502.821777 11366.40234
9032.833008 -12603.8457 12084.1416
9088.789063 -12448.91699 12022.40527
10567.60645 -13196.93848 11079.19043
10683.62012 -13418.31055 11258.96387
11259.22754 -9947.564453 8119.095703
11305.34766 -9772.822266 8395.543945
10568.48242 -9215.052734 12505.41602
10210.49316 -9412.810547 12533.69434
9158.501953 -14495.20801 7644.171387
9190.447266 -14431.74805 7828.088379
7045.436523 -11010.3252 10068.96094
7205.085449 -11245.02148 10360.29492
7654.719238 -10786.29297 10775.8916
7402.463379 -10925.60059 10546.68066
9544.336914 -9148.073242 10856.76758
9362.210938 -9043.923828 10547.05566
11870.78418 -14279.89355 9190.861328
11557.77441 -14224.20215 9014.634766
10101.38965 -10298.86719 10474.67285
10272.86035 -10350.75488 10385.66504
9840.168945 -12502.25977 7412.236816
9529.743164 -12650.2832 7630.037109
9759.191406 -10819.0293 11251.01074
9953.351563 -10905.47363 10982.56055
6483.229004 -7524.069824 9307.28125
6754.352539 -7499.238281 9320.835938
7165.160645 -13396.1875 9892.118164
7317.837402 -13216.38379 10121.9375
10418.74414 -7555.854004 11874.79199
10368.9502 -7691.814453 11854.96289
6940.449707 -15894.41113 8639.079102
7148.660645 -15871.27344 8470.868164
7277.386719 -12010.41504 11108.05762
7237.919922 -11870.95117 10875.57422
6320.918457 -7651.720215 8874.878906
6263.883301 -7789.119629 8486.833984
8024.279297 -15271.68262 8178.826172
7758.581543 -15305.16797 8089.466797
8950.819336 -13514.20996 12329.64844
9225.366211 -13651.63184 12445.83984
9501.541016 -13220.97266 9509.59375
9804.585938 -13407.52734 9388.000977
10284.61914 -7596.959473 9641.206055
10258.37988 -7675.453613 9578.661133
6926.912598 -13579.75 7789.927246
6946.186035 -13557.16504 7663.406738
6471.936523 -10288.81152 8965.151367
6670.341797 -10187.35352 8895.507813
11744.54102 -13513.82031 8459.032227
11823.2793 -13311.51172 8224.12793
7625.98291 -7340.086426 10311.97754
7872.719727 -7572.13623 10389.04688
8279.464844 -8458.836914 7230.205078
8301.661133 -8432.020508 7413.675293
10112.46289 -11444.6748 13152.48828
10276.68359 -11751.81738 13136.75098
8132.527832 -8557.689453 12692.63281
7884.396484 -8707.583984 12954.85938
8239.938477 -14445.96582 8163.35791
7950.784668 -14312.87207 8250.632813
11287.79883 -12952.37793 9625.083008
11277.46191 -12842.24902 9808.383789
9923.055664 -9410.886719 7894.588867
9683.038086 -9165.976563 7749.593262
9975.670898 -12490.25488 11538.56152
9984.481445 -12409.26855 11364.33301
8791.736328 -11578.36328 7293.053711
8579.628906 -11535.06836 7200.411621
11304.81543 -15050.08984 10906.01855
11074.20605 -15304.3252 10936.68848
6988.833984 -12597.91016 11646.8457
7124.560547 -12448.10742 11750.5791
6919.53418 -7586.590332 12001.89551
7105.265625 -7386.908691 12035.86523
6977.469238 -14899.42383 8629.394531
6856.255371 -14972.12305 8688.523438
9330.293945 -14210.17676 9481.15918
9507.65918 -14082.41602 9361.741211
8644.260742 -7642.591309 12556.55664
8574.938477 -7927.493164 12423.76758
6083.963867 -10168.59082 7904.473633
5763.407227 -10154.16309 8103.912109
9742.571289 -13516.70313 7448.398438
9501 -13300.15332 7578.748535
7015.296875 -8909.40332 9791.356445
6939.555664 -8886.796875 9897.954102
8559.106445 -14912.50195 10728.68945
8742.554688 -15254.41504 10648.39258
7664.820313 -10885.5127 12834.26855
7436.990234 -10884.79297 13175.2041
7883.780273 -8417.513672 7246.137695
7802.256348 -8359.493164 7276.341309
12523.28027 -9498.09375 12143.31738
12573.58105 -9558.089844 11997.34961
8681.393555 -11503.75 12886.12402
8697.998047 -11769.41113 12747.85352
6162.876465 -8405.942383 8309.296875
6053.397949 -8144.020996 8486.147461
8521.106445 -12708.39746 12557.54297
8753.230469 -12653.03516 12517.40527
11357.17871 -14343.86035 11745.00195
11166.86523 -14391.70117 11429.88184
8590.135742 -14417.33691 9620.128906
8365.052734 -14404.80176 9630.003906
8327.442383 -7754.911621 8886.65918
8450.296875 -7543.027344 9077.762695
8445.754883 -15740.68359 7522.255371
8640.399414 -15778.84766 7306.927246
6823.791992 -12755.7666 10600.70703
6835.808105 -12633.93359 10781.99512
6612.416016 -7326.169434 9935.338867
6490.642578 -7371.325684 10195.15625
7343.024414 -9295.397461 8273.884766
7478.685547 -9543.075195 8099.46582
9263.125 -8900.950195 9115.208984
9337.163086 -9266.738281 8981.174805
8314.303711 -13102.97559 7601.130371
8070.125977 -13124.84668 7601.004395
7260.115234 -8312.191406 8025.387695
7302.611328 -8371.304688 7969.261719
7010.115723 -10683.6875 11790.94629
6924.291992 -10736.2832 11707.15918
12004.74023 -13534.48926 9873.792969
12194.49023 -13428.10352 9784.719727
7331.626465 -12624.41406 10808.23926
7439.066406 -12707.03125 10859.53906
8650.365234 -13245.8916 12653.54492
8825.816406 -13189.02148 12759.46191
6670.458496 -7510.366211 8323.056641
6555.286133 -7617.210449 8123.639648
7495.760742 -7462.616211 9352.354492
7854.435547 -7542.564941 9471.670898
8190.128906 -12807.33789 8231.118164
8111.255859 -12850.76563 8059.878418
6495.791992 -11856.41211 10200.96289
6768.808594 -11562.80664 10092.04004
11846.32617 -8645.708008 9352.991211
12181.95313 -8478.320313 9432.525391
8193.829102 -7564.913086 7313.36377
8175.49707 -7680.379883 7068.149414
10281.21777 -8411.780273 9613.853516
10353.33496 -8789.847656 9762.647461
12193.13867 -8230.303711 10869.30762
12443.97852 -8246.421875 11183.69336
8336.694336 -7654.587402 7905.546387
8482.860352 -7589.127441 7957.624512
6845.225586 -6865.992188 9710.101563
6862.281738 -6688.798828 9948.512695
6814.657715 -12533.46973 10166.9873
6530.338379 -12301.86621 10091.74609
10940.58203 -13547.38086 9924.572266
10963.21289 -13450.30078 9633.060547
8078.824219 -14494.55859 11741.95703
8174.384277 -14174.5498 11937.4082
8242.966797 -15838.40234 7866.707031
8359.631836 -15912.93359 8242.231445
9782.873047 -11710.97656 11041.50293
9591.569336 -11763.71191 11069.54688
11393.43457 -15220.53125 7747.677246
11369.91113 -15210.29199 7805.82373
8423.785156 -14013.64551 7931.944336
8367.993164 -14012.66602 7649.814941
7682.55957 -12499.125 7697.035156
7868.266113 -12642.10547 7679.266113
7098.620605 -8120.783691 7244.348633
7050.885742 -8261.650391 7342.177246
7705.499023 -13491.95996 11781.34961
7785.68457 -13514.21777 11830.7832
10404.57422 -7316.603516 8263.787109
10367.47266 -7468.989258 8074.87207
8510.756836 -7619.285156 11056.61621
8168.902344 -7659.603027 11229.54785
7875.95166 -11167.6709 6526.071289
7744.825195 -11185.43066 6529.077148
6861.870605 -12568.98535 7891.342285
6816.506836 -12274.41797 7819.811523
7654.424805 -15311.9873 10324.5127
7758.015137 -15346.14746 10333.94629
10244.51465 -10772.38867 13691.19434
10135.32031 -10679.91504 13554.06836
8544.232422 -8897.869141 10801.15234
8347.24707 -8923.580078 10656.40332
8128.161133 -8130.77832 12473.69531
7818.115723 -8124.728027 12354.37207
8105.376465 -11735.00586 10525.73828
8096.811035 -11664.44727 10336.36035
8607.325195 -15206.6875 9251.105469
8383.77832 -15236.60645 9064.720703
7647.058105 -14204.15527 10984.78125
7681.183105 -14174.10156 11276.9668
10196.28613 -13390.65137 8159.929688
10208.4707 -13216.22461 8521.865234
10020.72656 -17622.76367 10808.53223
10340.21875 -17594.46875 10881.73828
8009.395508 -7761.967773 11062.51758
7703.069336 -7543.083984 11131.20801
7636.06543 -12533.56836 10107.20215
7498.85791 -12427.8916 9961.841797
6953.990723 -15917.77441 10745.25
7101.64502 -15856.82813 10921.96191
9845.178711 -11798.0332 12266.73633
9927.893555 -11825.92969 12175.20508
8353.836914 -12510.60352 11046.24902
8107.637695 -12697.12402 10980.22266
13174.35547 -9291.959961 11116.30469
12876.52051 -9147.328125 11220.47363
8195.667969 -9239.820313 11523.10645
8064.971191 -9166.93457 11691.99805
8272.518555 -14016.57227 10028.66309
8119.786621 -14109.85938 10297.66309
8783.260742 -11869.41797 13473.98926
8639.8125 -12040.92285 13416.73438
10402.7998 -9037.748047 9967.020508
10769.03613 -9214.109375 9890.742188
10516.83984 -11824.01758 11635.84668
10447.18359 -11657.39746 11605.20508
6617.291992 -15974.22656 10008.12793
6591.143555 -15917.46387 9961.878906
9921.101563 -7715.314941 10558.06055
9708.197266 -7917.06543 10556.8457
7206.479004 -8361.234375 11880.40332
7063.245605 -8494.803711 11810.58301
8143.934082 -7516.811035 9832.675781
8252.953125 -7636.960449 9730.43457
6705.599121 -12349.30469 8475.383789
6708.818359 -12288.93555 8423.68457
8718.09375 -11806.34863 11323.21387
8540.411133 -11871.33594 11256.88867
8313.572266 -13286.60352 11198.41309
8222.029297 -13280.20508 11204.20117
7800.192871 -15018.77344 9790.367188
8077.085449 -14899.73828 9681.270508
9643.642578 -9461.865234 10362.01465
9951.858398 -9332.304688 10312.39258
8890.621094 -8406.392578 12340.12402
8947.003906 -8365.638672 12292.63379
6581.069824 -10994.07715 7561.869141
6538.840332 -11080.3877 7392.36377
12062.07715 -14974.04688 7547.066895
11937.24512 -15140.69238 7774.928223
10250.5127 -16671.50586 8837.467773
10100.30273 -16799.63281 8570.438477
7027.314453 -8375.050781 9282.413086
7200.245605 -8656.041992 9161.928711
6842.473633 -7449.012695 10775.24316
6989.835449 -7624.864258 10867.17188
12393.81152 -9030.484375 11461.55957
12272.52246 -9045.033203 11737.78516
6717.149414 -8912.241211 6858.935059
6746.880371 -9101.392578 6946.03418
7469.168457 -8952.638672 12328.01367
7490.894531 -8934.405273 12235.41797
7827.879395 -10264.87988 12677.08691
7456.104004 -10244.87012 12602.19531
6352.039551 -8736.553711 8118.602051
6488.847168 -8774.374023 8241.016602
6278.581543 -10123.09277 10471.81348
5999.342285 -10181.83887 10731.50391
6611.192871 -9244.418945 7397.875977
6706.646484 -9234.304688 7178.849121
9249.06543 -7835.15625 9098.040039
9360.981445 -7897.86377 8942.24707
10488.35547 -14297.13281 8886.392578
10284.27148 -14425.29199 8652.012695
6871.314453 -13331.73047 9533.055664
6704.989746 -13319.86426 9360.519531
7139.248535 -11077.08398 7159.518066
7249.483398 -10958.2793 6839.919434
7465.547363 -16108.84863 10508.57422
7573.627441 -16283.64941 10255.48828
7565.080566 -8130.933105 10198.50391
7488.431152 -8228.222656 10529.28125
10742.04102 -11820.4209 9998.522461
10803.25098 -11999.86523 10206.1377
8091.033691 -12352.61328 6187.123047
8047.057129 -12643.91406 6015.899414
11017.54004 -11011.40039 13333.74805
10938.23633 -11000.44629 13658.19824
7890.630371 -8493.362305 9785.422852
8145.633789 -8667.103516 9830.878906
10199.55273 -11478.91113 9599.342773
9890.566406 -11694.13965 9596.826172
8875.080078 -15963.91602 11835.48926
8855.015625 -16015.50488 11989.10938
7053.992188 -12569.87695 12274.52637
7209.042969 -12500.4668 12522.32227
7286.143066 -12769.14746 6871.675781
7531.290527 -12487.02734 6930.645508
10071.50781 -7236.608887 10418.3457
10138.38379 -7219.188965 10427.74609
8878.995117 -9276.916016 11245.93555
8886.136719 -9230.389648 11480.43164
9265.272461 -16046.54102 11792.07617
9561.677734 -16105.67285 11719.93945
8397.875 -9290.986328 12146.94336
8253.236328 -9490.754883 12099.19727
9309.801758 -8359.837891 11203.3457
9291.730469 -8723.056641 11229.48828
7422.519531 -11713.76367 7158.043945
7071.527344 -11631.84766 7069.764648
10247.9668 -14321.30957 10379.62305
10250.31934 -14313.97656 10540.25879
8329.516602 -13433.11621 9583.578125
8218.87207 -13286.73438 9687.55957
7023.918457 -11866.79492 9188.900391
7276.947754 -11726.62012 8988.786133
7098.410645 -13980.47852 10636.81348
7131.903809 -14205.89941 10548.80273
7211.178223 -9265.017578 11429.28125
7286.621582 -8981.712891 11575.91895
8405.488281 -10931.41406 11755.64063
8372.237305 -10753.61621 11902.70313
8558.952148 -10073.03223 8196.702148
8272.564453 -10268.77441 8387.370117
9516.374023 -16861.46289 8723.510742
9596.328125 -16828.45117 8795.306641
7666.219727 -8972.699219 13019.60352
7305.271484 -9151.057617 13050.10059
9790.845703 -14101.7168 7318.708008
9912.631836 -14235.16699 7269.470215
6505.179688 -13753.30859 10643.64258
6463.41748 -13716.00098 10830.17285
6205.981934 -12707.94824 9040.495117
6376.266602 -12759.24707 8713.767578
7323.588867 -13535.37402 10700.21191
7264.979492 -13420.51367 10956.07227
7814.60791 -15101.46094 11912.97656
7526.888184 -15214.45996 12042.96191
6974.744141 -14134.47754 11407.07422
6930.65918 -14342.73438 11703.0166
10285.52148 -7660.620117 11092.68262
10320.41992 -7763.617188 11422.03516
7276.229492 -15185.44141 7659.991211
7231.293945 -15338.7041 7494.21875
8009.918457 -7625.48877 8877.111328
7860.688477 -7606.847168 8897.453125
7163.403809 -12566.41211 9093.054688
6926.583984 -12861.5957 9182.933594
8524.391602 -16122.89063 11437.94629
8351.844727 -16003.76172 11757.51465
10861.19531 -14032.40039 12136.09473
10911.0459 -14328.31152 11864.45898
8862.28418 -12014.48828 12261.65625
9185.265625 -12081.86816 12285.08203
10293.42676 -8342.986328 7008.564941
10534.74219 -8434.637695 6933.834473
8677.24707 -7401.018555 10534.9707
8545.402344 -7493.69873 10448.33789
8173.069824 -10196.98926 10472.38867
7904.316406 -10375.5127 10380.02246
10296.87695 -11815.8877 12376.42578
10681.14746 -11934.09766 12278.63086
9924.836914 -9310.902344 12034.9707
10074.72559 -8939.958008 11992.53125
12005.77148 -12338.81445 9733.964844
12129.30957 -12323.85645 9730.125977
6413.151367 -11169.95313 8187.003906
6744.121582 -11110.35645 8262.258789
6441.852539 -11265.8252 8261.954102
6426.739746 -11935.26074 11117.1709
6629.930664 -11962.81152 11359.28613
6603.706543 -12044.63379 11322.65234
8573.977539 -14234.75684 8409.09375
8678.205078 -14181.84766 8672.663086
8702.704102 -14279.39648 8673.376953
9965.751953 -11124.06836 11680.63477
10004.98047 -11215.51855 11449.28223
9911.493164 -11125.74414 11554.46484
7397.44043 -9788.196289 7156.899414
7527.067871 -9763.229492 7209.334473
7565.51416 -10143.83398 7293.502441
7603.966797 -14254.75098 8415.575195
7503.77002 -14355.34277 8137.93457
7774.737793 -14501.22656 8358.405273
10224.28027 -12023.50195 9304.249023
10215.0459 -11853.08105 9226.851563
10386.78613 -11748.99219 9160.431641
7674.064941 -13660.42383 8234.276367
7906.281738 -13748.06641 8050.709473
7776.556641 -13491.88086 8223.235352
9184.116211 -13642.76465 8187.706543
9375.427734 -13710.2002 7972.688965
9346.826172 -13635.92188 7841.352051
6614.890137 -8326.713867 10318.24414
6417.660156 -8370.496094 10479.81543
6729.288086 -8343.711914 10566.27246
8885.782227 -11186.35254 13050.69141
8795.061523 -11060.18555 13151.40723
8969.100586 -10864.41504 13175.77441
6875.23877 -8446.4375 9982.200195
7030.151855 -8228.915039 10151.94629
7132.17041 -8314.066406 10099.39746
6356.347168 -10570.24414 10654.62305
6311.648926 -10943.04297 10834.43262
6160.269043 -10694.66113 10693.2002
12201.31445 -11941.36719 11989.03125
12588.10449 -11811.57422 11927.35352
12468.68457 -11680.89355 12060.28027
7276.448242 -12600.97754 9853.248047
6937.905273 -12716.33691 9923.236328
6880.153809 -12575.39551 9733.350586
10328.71777 -10880.17676 12312.84863
10572.10254 -10866.00684 12292.28516
10385.08984 -10806.95801 12229.79883
8907.933594 -7871.273926 7087.007813
8822.204102 -7620.577637 7129.470215
9186.542969 -7708.405762 7073.42334
7884.255371 -14223.15723 7469.359863
7895.183594 -14394.04004 7671.711426
7773.49707 -14055.59277 7544.907715
9269.554688 -14466.09863 11295.96875
9282.149414 -14678.02246 11095.88965
9365.016602 -14389.64355 10906.12598
9282.265625 -14855.24023 9612.5625
9581.655273 -14932.11133 9466.955078
9613.574219 -14929.86523 9610.338867
11037.60254 -14542.97949 7397.532227
10981.70703 -14321.12891 7490.371582
11144.16992 -14657.15723 7610.85791
10123.16113 -14511.34766 11931.90527
10311.42676 -14413.11328 12255.25391
10023.66406 -14345.20215 11967.7334
5933.231934 -9951.088867 9344.353516
5765.402344 -10179.38379 9330.94043
5842.797852 -9955.02832 9350.961914
8601.810547 -9126.862305 12396.14844
8351.575195 -9180.144531 12662.94727
8591.830078 -9176.404297 12420.95898
11551.98926 -11683.86816 12796.76563
11578.71289 -11703.44629 12842.5127
11807.91602 -11644.11133 12929.08984
9931.182617 -6614.310059 8279.640625
9701.233398 -6685.153809 8397.589844
9881.958984 -6613.287598 8377.793945
6527.742676 -9767.679688 11335.47852
6616.071289 -9747.271484 11254.44434
6530.751465 -9827.526367 11420.01465
8009.30127 -14329.78516 10705.9541
7805.271484 -14235.27246 10742.37109
7903.95166 -14287.29785 10577.16016
9895.910156 -11749.78027 8743.564453
9834.412109 -11685.49316 8762.65918
9998.167969 -11505.96582 8590.023438
10699.23535 -14349.2207 10582.75488
10682.43652 -14486.78613 10811.81152
10842.43848 -14259.23828 10915.28516
7141.990234 -10342.33105 10818.04785
6798.825195 -10226.34766 10809.13672
6779.306152 -10203.55078 10950.96094
7064.019531 -7596.082031 8747.21875
7281.938965 -7780.95459 8592.773438
7261.598145 -7685.811035 8518.296875
11278.40137 -7741.925293 10513.52832
11394.5791 -7762.902832 10578.9707
11569.97266 -7831.811523 10446.33496
9102.157227 -10975.19434 9263.65625
9218.017578 -11101.41797 9394.966797
9338.521484 -11203.48145 9346.373047
7244.277832 -7815.372559 12475.00293
7580.616699 -7680.839844 12466.55859
7205.401855 -7782.085449 12585.01953
8167.303711 -9636.5625 10328.80859
8031.077148 -9252.878906 10321.80469
8312.260742 -9485.642578 10412.51074
8668.507813 -13552.71973 6411.889648
8720.949219 -13272.9248 6399.000977
8548.310547 -13240.79102 6290.78125
5815.654785 -10050.3291 8693.371094
6010.628418 -10112.96875 8655.956055
6099.281738 -9765.142578 8681.74707
11756.58105 -7282.964844 9840.196289
11672.93555 -7663.556152 9930.799805
11854.12891 -7545.652344 9837.19043
13609.69336 -11743.89844 10974.79688
13943.75586 -11889.05176 10949.76465
13885.88574 -11788.99609 11188.68164
6919.23584 -11507.5 11405.03711
7055.009766 -11568.45898 11669.47168
6679.315918 -11627.52734 11502.54102
9770.011719 -11814.6582 9344.695313
9627.392578 -12022.58105 9469.348633
9569.464844 -11898.81641 9079.442383
12608.90527 -8466.514648 10558.45605
12515.01074 -8659.853516 10485.3457
12619.91309 -8442.899414 10685.68066
10616.34863 -13406.66406 11888.75293
10832.81641 -13705.49609 11884.63281
10569.16992 -13432.31543 11799.76855
9156.239258 -7559.272949 11990.77051
8826.928711 -7691.205078 11790.01074
8868.273438 -7436.71875 11869.10547
10020.89063 -8142.552734 10944.93555
10163.56934 -8151.085938 11049.65527
10057.25391 -8087.289063 11077.36426
11415.02148 -8185.549316 9864.411133
11564.58496 -8425.726563 9869.049805
11432.28223 -8140.014648 9729.34375
11009.43262 -8502.917969 10486.32813
10808.52734 -8240.579102 10626.28027
10883.13379 -8439.416992 10409.63867
9019.635742 -8465.642578 8488.499023
8734.661133 -8587.318359 8744.152344
9062.115234 -8510.017578 8577.433594
7252.641602 -14356.39453 10144.72168
7436.038086 -14462.55469 10113.9043
7266.088379 -14517.14551 10372.7627
7500.522461 -7359.290527 11630.70313
7590.835938 -7569.243164 11581.1875
7627.97168 -7403.817383 11916.14551
6196.046387 -9969.887695 6717.477051
6158.9375 -9792.90332 6845.580078
6059.050293 -9912.710938 6772.922852
7203.101563 -7578.109863 8882.02832
7440.286621 -7571.345215 8934.589844
7238.132813 -7346.403809 9158.422852
8664.785156 -10932.26367 11733.33008
8879.956055 -10935.85254 11393.40332
8664.702148 -10806.69043 11602.31152
9020.219727 -13425.33105 10278.08691
8962.118164 -13536.53711 10354.85938
8994.75 -13472.60352 10328.50781
7848.641602 -8394.885742 11428.21387
7546.036621 -8262.710938 11319.5498
7907.625 -8268.839844 11400.64648
9068.258789 -9605.506836 9949.206055
9291.693359 -9501.166016 9823.897461
9198.972656 -9210.699219 9934.463867
7801.526367 -13961.08789 9251.204102
7877.501465 -14018.81445 9395.72168
7811.929199 -14372.58105 9316.144531
9429.03418 -12570.22168 8296.706055
9368.21582 -12787.59668 8126.072266
9156.555664 -12854.05469 8277.571289
9657.672852 -12761.77832 8131.47998
9940.981445 -12950.48145 8009.975586
10045.60547 -12709.60645 8134.075684
10599.48926 -14853.68555 11629.83105
10654.72168 -15171.86328 11761.37109
10536.42383 -15184.63184 11771.46191
6910.065918 -10032.35938 10384.12988
6904.176758 -10043.49414 10320.92578
6743.375977 -10120.8916 10290.47168
7534.128418 -10124.82031 12908.62793
7382.35791 -9873.205078 12915.73047
7433.48584 -9867.375 12814.65234
7508.666992 -8069.946777 10779.32324
7349.395996 -8166.073242 10787.68848
7629.422852 -8242.333008 10732.64258
11565.92188 -9090.978516 11005.01855
11761.41602 -9189.088867 10974.82324
11771.3418 -8941.461914 11286.44824
9379.935547 -8664.083984 10062.93945
9207.710938 -8610.264648 10166.84375
9392.65625 -8367.424805 9997.592773
8813.410156 -16648.62891 11685.02539
8750.982422 -16926.02344 11519.23047
9062.696289 -16758.59375 11709.14844
10821.36426 -10308.05664 12695.34863
10935.64063 -10267.86914 12833.53809
10740.50879 -10233.2334 12615.08984
8928.448242 -8458.65625 12149.51953
9082.794922 -8621.333008 11816.80957
9035.349609 -8657.719727 12194.91895
14019.89551 -10878.96875 10384.10156
14270.60449 -10858.78613 10614.04785
14247.36523 -10958.4541 10559.47852
9655.814453 -6746.611328 11213.64063
9812.705078 -6668.503418 11452.7627
9795.873047 -6736.454102 11335.36621
7477.161133 -15121.16211 8605.43457
7249.320801 -15147.29199 8586.672852
7369.969727 -15444.98145 8763.704102
8572.59082 -7374.242188 11917.79883
8488.47168 -7210.21875 11829.71973
8246.467773 -7438.637207 11919.98438
10510.24902 -15858.22656 8726.692383
10605.56152 -15872.75586 8800.796875
10773.00977 -16057.82031 8486.240234
11836.70703 -8395.300781 10272.21484
11769.12305 -8618.719727 10242.98535
11906.81348 -8409.642578 10520.61328
6920.552246 -14370.98438 7174.318359
6993.172363 -14470.44336 7199.639648
7044.59082 -14541.79199 7410.45459
6492.86377 -11611.10645 8301.21582
6410.242676 -11473.36523 7960.625
6718.23584 -11650.29395 8078.132813
9978.493164 -12569.51563 8991.588867
10232.42676 -12566.16602 8812.379883
10252.63184 -12504.21973 9033.210938
10342.30957 -12546.46094 12395.80762
10498.43848 -12551.06934 12744.79785
10432.39746 -12299.04492 12557.84473
9546.746094 -6943.537109 8200.042969
9260.376953 -7060.977539 8084.861328
9426.548828 -6880.635742 7894.560059
9605.124023 -9889.075195 12785.08496
9825.147461 -10110.47559 12604.08105
9841.299805 -9912.137695 12942.87598
12310.7041 -9843.491211 11409.80859
12111.10352 -10154.36328 11232.15527
12012.12793 -9948.416992 11194.74219
6055.005859 -11732.12207 8482.15918
6144.741699 -11893.38086 8188.09375
6283.535156 -11889.21191 8273.669922
11029.89941 -10893.71484 10429.08301
11344.58398 -11132.63379 10378.23828
11378.45117 -10920.1416 10252.88281
7716.23877 -6614.185547 11949.93066
7569.825195 -6799.146973 12240.24023
7516.592285 -6442.813477 12123.97363
10026.76855 -8295.472656 11966.94238
9962.098633 -8116.068848 12161.28125
9664.623047 -8266.776367 12163.07422
7934.242676 -12597.55371 12159.70801
7720.757324 -12532.77637 12222.23828
7739.155762 -12775.9834 12482.34961
7891.726074 -12355.73145 9311.423828
8136.263672 -12649.23047 9294.902344
8143.416016 -12592.28906 9095.041992
7103.613281 -10600.10742 8255.047852
7160.646484 -10620.20703 8234.422852
6981.147949 -10776.57422 8011.355957
7388.242188 -9344.575195 11887.64941
7753.223145 -9397.338867 11722.48633
7397.179688 -9498.639648 11714.81055
7094.802246 -7647.590332 10592.09961
6939.731445 -7532.394531 10551.86914
6977.660645 -7833.692383 10388.10547
6986.837402 -11114.56445 11080.10059
6850.821289 -10924.44727 10948.97461
6610.751953 -10948.61328 11076.08398
11446.41895 -10146.8584 10821.95508
11785.5498 -10284.78516 10890.09082
11527.36621 -10246.0166 10962.2373
7096.031738 -12908.20801 8255.4375
7272.055664 -12640.98242 8026.488281
7187.009766 -12847.81641 8363.761719
7913.237793 -8391.938477 10988.35938
7792.719238 -8597.199219 10919.76074
7895.459473 -8574.024414 11194.05957
7629.075195 -15861.82422 8560.19043
7840.226563 -16038.37109 8378.96582
7977.313477 -15902.31738 8370.647461
6663.400391 -10640.79492 8647.080078
6661.404785 -10620.08887 8819.773438
6626.667969 -10930.57813 8622.12207
7634.824707 -9194.584961 10396.58301
7605.391602 -9147.045898 10414.70313
7597.345703 -9216.226563 10368.52539
11174.45117 -12621.58496 8808.06543
10909.85254 -12431.28809 9049.430664
10858.0293 -12494.07813 9012.503906
6896.135742 -7435.561035 11559.4375
7068.924805 -7286.25 11691.23926
6982.088379 -7473.181152 11730.43945
10121.51758 -13557.1543 9025.586914
10103.63086 -13523.42285 9376.568359
10012.63184 -13508.66797 9241.571289
8691.186523 -15017.29004 7250.149414
8547.261719 -15238.59082 7384.661621
8444.867188 -14892.69336 7226.233398
7351.997559 -15743.82324 9740.304688
7321.312988 -16040.86133 9602.389648
7608.931152 -15892.45215 9617.50293
8323.744141 -15829.85742 12209.72754
8177.626465 -15614.93848 12122.7627
8025.95459 -15914.32324 11954.54395
9739.766602 -10952.14648 8982.431641
9975.177734 -10685.22168 8925.008789
9858.822266 -10636.9707 9128.835938
6212.385742 -11814.02246 10709.95703
6404.111816 -12148.33496 10738.47461
6532.683594 -11808.8125 10708.22949
7356.747559 -13797.93848 9760.003906
7406.98877 -13499.28125 9510.669922
7325.435059 -13758.19922 9567.395508
8481.242188 -14667.71582 10669.05273
8451.143555 -14286.38574 10587.87012
8585.364258 -14609.8584 10629.14551
8755.132813 -9448.735352 10528.94043
8868.173828 -9590.082031 10504.65527
8860.9375 -9247.982422 10662.26758
7343.5625 -6781.279297 11200.48438
7343.779297 -6731.052246 11188.2832
7250.358887 -6948.438965 11089.12305
9259.084961 -10335.9541 11338.21094
9555.861328 -10300.82617 11327.10254
9585.689453 -10277.5332 11195.0957
7998.556641 -15927.30176 8993.421875
7919.228516 -16265.82422 9023.799805
7902.532227 -16094.23633 9153.039063
9948.751953 -11926.7207 6708.905762
10236.71289 -11748.71582 6703.604492
10338.58203 -12041.05371 6716.391113
7242.472656 -9031.101563 7324.21582
7305.961426 -8992.34375 7281.132813
7311.520508 -8936.102539 7394.998047
12034.15527 -8325.662109 9960.875
12154.42969 -8389.511719 9784.84375
12186.44043 -8304.05957 10109.52246
8843.704102 -8405.194336 6921.435547
8973.068359 -8335.083008 7031.395508
8777.261719 -8015.218262 6865.361328
9829.854492 -14231.4375 11597.09668
9820.678711 -14269.83398 11874.38574
9983.717773 -14001.45898 11682.21484
7747.910156 -7915.441406 7422.501953
7899.399902 -7720.988281 7420.143066
7860.456055 -7633.598145 7411.766602
6758.984863 -10085.58105 6659.26416
6693.68457 -10356.63672 6602.423828
6884.353027 -10056.09961 6662.658691
8757.651367 -16080.77539 9229.164063
8597.625977 -16073.17285 8904.993164
8642.100586 -16135.24512 8939.075195
7909.936035 -7611.858398 12287.44043
7757.922852 -7423.870117 12264.2002
7818.975586 -7250.556641 12412.56641
8748.250977 -7622.894531 8480.111328
8693.249023 -7425.48877 8561.880859
8867.098633 -7248.81543 8492.205078
8196.142578 -10699.11133 13084.39551
8454.845703 -10598.39453 13223.79785
8160.953125 -10800.44043 13133.58789
12756.45313 -11730.23633 10665.39746
12729.04492 -11689.75 10335.20996
12870.81836 -11567.40723 10678.57422
6695.858887 -15111.7666 8930.943359
6624.352539 -15028.37207 9055.775391
6433.860352 -15257.16797 8890.049805
8675.123047 -9203.073242 13138.18945
8755.678711 -9303.431641 12758.57422
8818.807617 -9452.788086 12851.0459
12796.80078 -10412.85742 11230.66211
12713.41992 -10062.41602 11394.88965
12843.32813 -10328.17773 11110.9375
9232.202148 -11115.45703 11599.03906
9345.798828 -11048.9873 11391.63281
9267.65332 -10981.70898 11522.93457
7403.455566 -16100.28516 9350.974609
7738.276367 -16068.48535 9210.06543
7649.165039 -16153.74512 9113.819336
10037.90039 -14633.05762 11422.8877
9787.164063 -14565.38672 11424.82813
10126.2832 -14476.3125 11483.56445
9035.664063 -10067.8457 10749.20117
9091.803711 -9946.90918 11112.90332
9061.289063 -9842.838867 11089.2207
9693.219727 -11181.23633 9528.757813
10060.68555 -11156.28711 9402.521484
9665.831055 -11061.40527 9483.946289
7845.230957 -15204.25391 8818.931641
7970.525391 -15241.44922 8985.178711
7827.464844 -15175.21191 8982.772461
9205.148438 -12497.84961 6574.092285
8882.733398 -12533.33301 6341.467285
8939.289063 -12674.61621 6462.287109
6201.436035 -10192.68164 10308.94629
6162.970215 -10154.55469 10235.1084
6275.445313 -10378.2998 10007.69824
12167.125 -9437.700195 10695.76465
11888.15137 -9292.316406 10855.10352
12109.02734 -9236.59082 10699.82031
6979.375 -8204.501953 6247.399414
6836.693359 -8477.751953 6221.875
7131.981934 -8306.893555 6453.498535
7303.865234 -9507.740234 10902.42383
7608.722168 -9359.132813 10765.45508
7447.251953 -9219.923828 10688.42871
11154.02832 -11081.66406 12370.4707
10797.68164 -11040.92676 12160.73145
11090.72656 -11072.19531 12444.4209
9280.344727 -11884.23926 6297.702148
9081.541992 -11926.62402 6172.576172
9304.666016 -11708.92578 5936.806641
6574.10791 -14040.20117 8492.586914
6587.192871 -13912.76074 8337.876953
6665.313477 -14164.82031 8467.274414
6482.713867 -9278.539063 10905.66309
6372.763672 -9237.967773 10877.23047
6286.429688 -9289.674805 10816.58496
5852.402344 -10697.29297 8448.880859
5843.864746 -10768.12891 8395.463867
6180.232422 -10650.8584 8525.65625
6087.937988 -8558.648438 9515.621094
6255.789551 -8478.94043 9387.777344
6430.185059 -8634.416016 9445.30957
6685.941895 -10068.77734 8425.94043
6348.91748 -10209.28711 8533.480469
6753.502441 -10176.26465 8511.331055
11597.96484 -10611.88086 12403.08691
11657.63867 -10905.93164 12678.41406
11440.83496 -10911.12109 12549.78906
7223.370117 -12895.87891 10154.63965
7416.078125 -12911.07617 10315.56543
7280.43457 -12960.30762 10223.41895
10389.73828 -12655.85645 11093.73145
10246.12207 -12745.47559 10790.94336
10374.15625 -12737.69336 10700.64453
7055.641602 -8710.049805 6760.020508
7061.741699 -8718.168945 7019.223633
6860.278809 -8521.916016 6787.870605
8491.792969 -11716.33887 8540.74707
8666.829102 -11806.97266 8582.191406
8682.677734 -11918.73145 8613.270508
7526.315918 -6666.698242 9168.669922
7628.203125 -6891.567871 8857.629883
7589.523926 -6717.215332 9220.897461
10167.66211 -8512.916016 12031.75391
10228.22559 -8638.480469 11741.78809
10141.30371 -8458.720703 11912.68359
9427.176758 -12687.53809 11006.59277
9606.768555 -12572.40527 11000.76758
9724.486328 -12639.6377 11071.92676
11032.29102 -7533.083496 9375.970703
11013.96777 -7494.630859 9559.530273
10695.26172 -7622.190918 9597.412109
8095.409668 -11893.64551 11062.90332
7814.275391 -12060.29785 11239.2334
8034.881348 -11765.92188 11110.51074
7653.272461 -11172.23633 12169.29297
7774.167969 -11197.35449 12254.40332
7785.938965 -11007.90918 12469.26172
7686.336914 -9796.652344 12055.3584
7562.475586 -9741.366211 12003.6709
7506.196777 -10015.57422 11866.01758
7811.711914 -16165.62695 11669.20605
7875.289063 -16157.17578 11775.25781
7899.47168 -16111.19922 11772.87012
8049.17041 -12820.6416 9825.748047
8024.926758 -12665.9502 9943.050781
8025.693359 -12818.01465 10044.42871
7992.492676 -17036.25391 9964.09668
7873.381348 -16672.82422 10062.29297
7771.448242 -16952.47461 9923.249023
5747.632813 -8156.956543 9213.720703
6099.146484 -8339.633789 9295.529297
5747.109863 -8259.775391 9276.863281
6043.911621 -9351.709961 10058.57715
6402.734863 -9372.668945 10127.97754
6341.710938 -9297.268555 10153.30762
7277.657227 -11937.40332 12037.74414
7408.273438 -11664.24316 12001.85352
7323.769531 -11875.23242 11763.56055
9600.558594 -13938.20605 10549.51074
9747.540039 -14226.16992 10525.93457
9732.338867 -14266.5918 10755.83496
8413.609375 -10234.79395 10971.06641
8307.421875 -10059.63867 11272.50391
8306.816406 -10005.42676 11234.12012
10967.50488 -9130.755859 10598.64941
10939.10254 -9307.949219 10384.94238
11015.11035 -9171.746094 10565.46094
6318.144531 -8057.580566 7138.132813
6274.165039 -8088.534668 7189.45752
6236.645508 -8167.478027 7075.940918
8514.407227 -8622.192383 12657.9668
8428.086914 -8596.995117 12771.58105
8731.274414 -8655.12793 12665.90527
8621.948242 -15038.57422 12171.15527
8786.634766 -15049.50098 11933.52832
8537.650391 -15300.70117 12067.72168
10627.1377 -7938.68457 10682.2207
10682.29395 -7580.838867 10783.76563
10517.97656 -7635.756836 10803.91992
10097.25586 -12104.86816 8424.525391
10344.11816 -11963.20215 8602.008789
10142.21484 -11761.58008 8531.161133
6130.763184 -8963.900391 8946.441406
6120.857422 -9036.152344 8677.308594
6211.890625 -9234.34082 8967.09668
10002.87793 -6463.456543 9955.734375
10122.16699 -6814.534668 10137.2832
10292.89355 -6691.492188 10014.00977
5807.058105 -10928.37598 9564.399414
5697.35498 -10248.78027 9558.484375
5700.496582 -10369.23145 9707.432617
6333.667969 -10727.40234 11707.79102
6276.383301 -10487.5752 11628.49316
6454.526367 -10647.59277 12224.0293
5656.899414 -10689.37598 8710.132813
5717.026367 -10704.08398 8229.294922
5675.160156 -10717.34863 8416.632813
6097.829102 -11637.58789 7498.245605
6368.907227 -11944.29199 7178.983398
6352.585449 -11923.3457 7343.990723
6352.200684 -13098.78516 7302.909668
6142.429199 -13099.59766 7756.3125
6154.976074 -13382.48145 7591.00293
6105.869141 -13435.14746 10698.31738
6019.483398 -13369.41016 10561.05762
6078.836914 -13452.98242 10644.65039
6006.585938 -13556.38184 8591.066406
5883.971191 -13337.37109 9262.582031
6009.578613 -13612.58105 8605.8125
