7716.056152 -7015.17041 9377.540039
6455.287109 -9056.25293 7471.651855
10937.43262 -10156.53711 13113.81055
11399.04395 -14176.3291 9242.329102
8478.051758 -16561.85547 11765.31152
10430.99023 -6763.202148 11552.61621
8901.195313 -14439.16797 6869.817383
10123.73242 -8154.574707 9159.691406
8278.324219 -12398.36719 8060.068359
8385.326172 -13932.41406 11566.17773
7662.573242 -12389.45996 8272.719727
8471.004883 -14043.76563 11563.21094
6855.786621 -14801.6875 7404.854004
6893.569824 -11976.53516 9857.476563
8818.12793 -7981.894531 7609.057617
11345.09668 -13989.10156 9569.448242
8452.291992 -8343.222656 6590.393066
6595.932129 -9153.826172 7913.705566
12705.64551 -8323.050781 10165.38867
8728.892578 -11311.0752 11885.28125
7093.119141 -10234.79004 10323.45605
5896.448242 -9855.176758 10474.79102
7804.484863 -9957.083984 11669.42969
7469.104492 -9641.530273 12500.42188
8417.293945 -7298.614746 9443.373047
9289.012695 -7127.809082 8421.949219
11026.4873 -8020.40332 9674.025391
10861.14648 -8183.161621 9436.845703
9095.128906 -8410.135742 12758.38672
7951.902344 -8792.601563 13196.02148
6752.29248 -10200.6416 7028.995117
8531.986328 -9119.40625 5963.410156
7379.645508 -16239.36426 8761.384766
7430.73291 -16398.50586 9594.822266
8372.852539 -11617.09473 12094.69141
5947.721191 -11982.43164 8931.771484
10940.40723 -7427.189941 8025.834961
8076.947754 -12993.16992 12287.78711
12329.73145 -11788.85938 11473.87891
12629.9082 -13778.32324 9647.163086
6829.962402 -13247.49414 8227.798828
6587.405273 -11036.72266 9153.738281
7569.582031 -8866.202148 11202.5957
7959.501953 -9379.02832 9666.261719
7666.125 -7840.85498 9626.117188
6284.286133 -9985.02832 11522.2002
7955.97168 -9824.84668 11457.99707
8774.210938 -10493.82422 9022.804688
6791.369629 -13840.88867 9057.956055
8057.799805 -15517.13086 8107.720215
10071.66797 -10515.94336 12734.90918
10661.46289 -10687.58301 12690.34082
8575.12207 -8718.832031 9976.035156
8397.075195 -8711.677734 10164.53613
8686.439453 -14753.18262 8178.880371
8253.489258 -11841.70313 11144.34277
10047.12109 -12430.50391 7669.703125
8403.09375 -15695.51758 8629.740234
10786.67871 -11875.0459 8826.835938
7711.532227 -11933.72559 11596.80566
8497.486328 -7401.390137 9798.107422
11607.39551 -8015.183594 10779.99902
10771.58594 -11078.07422 9546.191406
10915.24805 -12065.99414 9341.230469
12052.30762 -11816.71387 10325.82813
7627.381348 -12968.04688 10977.35547
7507.400879 -8427.299805 9772.444336
7820.095215 -8996.007813 9501.819336
7548.646973 -15080.4834 9164.282227
9730.634766 -6596.152344 10336.78516
8669.658203 -12902.72949 9747.166992
7946.444336 -12067.44336 9712.766602
11277.18652 -10692.63867 11889.72363
8843.345703 -7356.960449 12282.62988
7463.933594 -14287.16309 9597.947266
8976.68457 -15398.9707 8986.830078
7053.430664 -9246.178711 7137.379395
6938.394531 -8123.679688 7195.811523
6388.944336 -13275.99609 10854.6875
9044.129883 -13312.47754 7054.62207
8863.379883 -14225.71777 7029.560059
6960.041992 -15471.72754 8635.743164
11234.19141 -14129.95996 11230.58398
7109.0625 -11080.19043 11409.97559
6843.711426 -8756.744141 6551.858887
7160.123535 -7911.024902 6675.249512
7233.584961 -10845.19141 11076.32129
7964.498047 -11277.75977 10089.79297
11733.40039 -9812.412109 11217.70117
10363.94141 -13304.31738 12428.20313
11472.8584 -9835.722656 10558.50098
9633.246094 -9056.672852 12150.33496
9893.933594 -10168.89063 11581.54199
6165.75 -10559.61133 8116.104004
7260.865234 -10878.12207 8636.179688
10959.40039 -9510.50293 11334.33496
9989.802734 -11595.86523 11838.0498
9039.244141 -11917.70313 10696.7959
9315.954102 -9338.456055 11506.70703
7829.779297 -13427.41211 7313.600098
7930.139648 -13026.57813 7826.379883
9033.296875 -8028.833496 11555.23633
7430.302246 -6928.356934 10756.09766
7481.04541 -6883.592285 10899.15625
7561.825195 -9420.212891 8447.959961
7675.431152 -10064.2041 8224.102539
9273.195313 -16865.04102 8617.432617
9344.295898 -16425.47852 9014.916992
11113.45215 -7462.128906 8219.736328
10886.60547 -9189.492188 9294.188477
7153.914551 -12007.78223 10347.48828
6857.909668 -13047.61133 9605.763672
7339.188477 -13740.94629 10336.64258
11049.87793 -13285.50195 7456
7329.632813 -8211.250977 6681.503418
10774.75977 -14818.00879 8667.661133
9100.959961 -14722.01563 9864.629883
8210.782227 -8514.427734 8573.081055
6520.723145 -7927.233398 7785.87207
8507.592773 -9121.862305 9165.182617
7757.464844 -14180.38477 9866.291016
9179.708984 -10930.72461 11974.36035
10450.0293 -8644.333984 11052.33203
10580.54492 -8635.922852 10706.15723
9423.880859 -11541.43164 12041.26074
7671.660156 -8050.812012 11862.79102
12491.03711 -8481.861328 11743.88379
9669.863281 -11016.49707 8688.31543
10060.56836 -13561.44531 11827.7627
11442.84375 -11564.15527 12814.41113
9213.085938 -13377.14844 9764.824219
9342.000977 -13632.19141 9337.993164
6328.352539 -11098.1084 8631.399414
9434.22168 -12821.38672 7866.320801
12153.99805 -8623.723633 11128.71777
6913.227539 -11891.63184 8133.045898
8068.413086 -14849.20313 10890.82129
8254.507813 -16475.30469 10181.73242
8440.69043 -10358.85938 12674.18066
11671.50781 -11745.87109 9469.797852
7634.225098 -13863.1748 7447.215332
8884.4375 -11445.88379 10324.38281
9810.986328 -9715.638672 12404.12891
10281.43359 -8887.472656 12687.91797
7797.807617 -14931.72266 8579.833008
6727.47168 -10197.01367 7325.73291
9231.849609 -13417.54883 7280.639648
10064.60449 -12997.15137 7297.341797
6815.038086 -15524.83008 8488.845703
9236.234375 -7349.432617 10413.87988
6938.495605 -7769.645996 12484.79199
9456.857422 -8275.450195 12181.63477
8135.38916 -12942.30566 6368.654785
6642.963867 -15283.69531 10007.89648
9942.597656 -8690.927734 7344.844238
6304.854492 -7690.952148 9499.459961
6420.621582 -8507.24707 8808.493164
13385.25586 -11842.11523 10725.47266
7412.989746 -11861.12793 9987.193359
9428.339844 -12870.90234 12550.22949
11178.41602 -7554.471191 10852.56152
10587.12109 -8093.68457 10560.4502
7418.425293 -12650.46387 8907.587891
6680.324707 -11196.19531 7955.028809
10294.14355 -11299.24414 12844.29883
7442.844727 -15257.57813 10810.70313
9637.214844 -13764.9209 9600.088867
6660.700684 -11851.91016 8363.902344
6629.112305 -9097.119141 10370.00098
6509.934082 -10552.23145 11152.76855
10087.46289 -13102.77344 9207.069336
6269.624023 -8777.419922 10081.67383
8653.31543 -8286.480469 9576.727539
7791.390625 -8507.982422 9514.240234
7270.822754 -11830.6084 10698.74121
6493.917969 -6720.991211 8782.672852
6916.725098 -6949.037598 8875.482422
5808.359375 -8534.275391 9006.098633
9502.662109 -12448.11914 10272.44141
8997.363281 -11516.44238 10073.41016
9854.801758 -7378.715332 9821.070313
10102.40723 -8029.373535 9503.311523
6237.076172 -12266.2998 9214.345703
6822.45166 -11895.05762 8774.383789
8363.232422 -7500.654785 12595.53027
9831.24707 -10158.32715 12097.875
6597.551758 -6862.652344 8739.172852
8610.833008 -8742.740234 7445.501465
6811.95459 -7053.686523 10265.14551
8931.99707 -7318.435059 11554.21777
12953.33301 -9547.060547 12082.81738
13360.9834 -9470.789063 10820.80566
7477.132324 -8794.65332 7608.333984
8229.021484 -13986.00488 8401.602539
6917.020996 -10506.29004 6862.453613
11564.61035 -9318.149414 10053.29883
7283.080566 -11071.38379 6401.128418
10054.20215 -14784.00293 9312.845703
7095.738281 -7090.763672 12384.63379
10354.66016 -10060.67676 12045.00098
9397.871094 -10072.70898 12636.71387
9690.018555 -14523.97461 12099.94434
8048.171875 -10312.95996 10197.25
9802.511719 -15007.55566 7476.301758
6514.660645 -7927.815918 10181.99805
6948.222168 -9121.307617 10874.7334
7306.59375 -9379.799805 10311.14355
7696.999023 -9539.728516 9959.401367
9526.693359 -9832.265625 7794.76416
8759.466797 -11088.01172 10775.68164
9124.206055 -15256.24707 11896.07617
8618.213867 -14657.625 11695.1748
7708.078613 -7567.882813 8513.401367
7875.758789 -7067.908203 8488.879883
8715.451172 -7986.519531 10997.94141
6218.849609 -9634.986328 8221.990234
7431.878906 -10342.03027 13428.30566
7723.651367 -10297.70703 13231.05469
8560.595703 -8654.760742 7695.411133
10726.78418 -13756.62207 10623.07813
8922.131836 -15504.49707 11329.6709
8749.28125 -15380.28711 10354.66602
8894.981445 -12505.08789 9444.083008
8986.040039 -17444.74414 11410.39941
9689.115234 -7499.081055 10918.61426
7480.808594 -11497.34668 10865.3877
7943.63916 -11214.59668 8115.014648
7012.212402 -11116.45703 7984.708496
7322.821777 -8874.334961 8520.439453
8391.779297 -6540.043457 10481.63281
8257.839844 -7125.364258 10056.12402
11696.32617 -13172.46777 8115.628906
11278.51758 -10776.29395 13037.19434
9942.667969 -11185.48145 13234.06934
7004.384766 -8719.109375 8558.692383
6774.098633 -13693.57129 9853.681641
6591.251465 -8481.443359 8947.042969
7221.878418 -9709.134766 9753.046875
8520.195313 -16589.82227 11828.27832
11924.23145 -9875.883789 9000.352539
9564.03418 -14252.55273 11447.9248
10334.7168 -14591.17871 11217.83496
8632.926758 -7761.790039 9827.845703
8926.105469 -7967.515625 10969.16016
7742.444336 -10918.20703 10458.40625
9692.841797 -8804.254883 11695.97363
7735.639648 -14011.57324 10403.85547
7323.521484 -13190.3877 8369.038086
7308.863281 -7868.177734 11108.3125
8097.11377 -11565.75293 11895.91406
8532.567383 -11136.13672 12344.09473
9957.902344 -8553.744141 7411.046875
12924.8584 -11655.70117 11386.0293
12974.70605 -11308.15723 10031.36133
9511.220703 -9607.257813 7566.602051
9485.926758 -8104.384766 8140.184082
9221.71875 -8670.791992 12750.76074
8534.55957 -9709.75 10930.12012
7401.047852 -8050.462891 6799.989258
9285.313477 -8181.307617 8937.195313
7953.459961 -9150.373047 7083.30957
9350.643555 -7989.877441 9969.530273
8816.662109 -14390.88965 11761.66016
8911.780273 -11999.05762 12801.65527
8984.203125 -10330.98145 12906.31934
10120.51563 -12098.32227 11094.72363
9377.226563 -12125.95898 6682.051758
10089.26074 -11515.19434 5511.944336
10410.37793 -8417.859375 10055.79492
10442.79395 -9746.032227 9448.524414
9605.540039 -12385.80371 6761.609375
10217.44043 -12220.39648 8017.333496
8108.482422 -10443.54395 11124.09668
9514.032227 -9669.380859 11241.96973
9416.964844 -11785.27637 13187.24609
8939.149414 -11472.91504 11492.61621
7861.120605 -7137.091309 12922.77832
10730.55371 -14599.98047 12087.43359
6990.617188 -8648.126953 10096.46387
7664.259766 -15594.1416 9960.34082
7227.772461 -15215.33008 10120.57715
10276.66211 -16521.69336 9234.53125
8237.233398 -12011.22656 12483.30566
9035.330078 -7443.408691 10700.97168
10580.49219 -15121.13184 10795.69043
10101.41211 -14418.4375 10075.70215
11873.44824 -11074.18066 9563.885742
11747.23047 -11052.58496 9759.130859
8757.925781 -12926.06445 11816.27246
8577.714844 -14872.53906 10049.81055
6964.074707 -8425.401367 7701.804688
6977.436035 -7711.440918 7624.376953
12359.7002 -8916.832031 9538.422852
11035.8584 -11570.3252 12990.5625
7499.669922 -14029.51563 8167.979004
10395.3418 -9356.973633 10319.71973
7595.377441 -7961.61377 11898.625
7388.111816 -8758.033203 11247.10156
9825.276367 -10802.45215 10668.67676
10165.7373 -13401.28516 11146.95898
9589.917969 -14155.01074 10084.3125
8010.915527 -10442.50293 13563.27051
10128.1875 -12357.32617 6232.381836
8658.120117 -10470.99121 10894.05078
9190.37793 -11978.75684 9598.270508
10546.95313 -10914.7832 9325.375
8590.734375 -14786.82422 9744.662109
8688.918945 -10926.28027 11104.47656
10633.21875 -14672.1748 10775.76953
8997.900391 -7085.766113 11384.14063
10589.18359 -10463.60059 10637.74902
8318.654297 -16381.2959 12041.2998
7976.742676 -15800.41504 7356.768066
10310.40723 -12548.96387 10092.23535
8267.679688 -8101.083008 6403.102539
8346.28418 -11825.18945 12112.05859
8188.961914 -13186.82617 12692.83008
7774.166992 -9366.750977 13246.56543
7837.649414 -8917.28125 10600.57129
8552.753906 -14089.67383 12211.84766
8088.830078 -14063.78223 11358.15918
6950.993164 -7925.244141 6799.26709
8676.566406 -13912.68164 10307.47949
7066.897949 -13790.90039 9520.15918
6033.460449 -12695.7168 9334.019531
6020.182129 -12293.13965 9014.657227
8902.942383 -8239.359375 8055.506836
7239.760742 -12189.04688 7993.540527
8991.78125 -11509.09473 13014.73828
9616.996094 -11543.8916 12894.75781
8072.359863 -14474.09961 9015.25293
7832.508301 -14914.3877 9270.866211
7905.513184 -10687.20508 6868.726563
7133.15625 -14250.11133 7919.602539
7069.369629 -15465.23047 10641.91895
7565.736328 -14709.28125 8642.063477
8092.13623 -14887.61426 7793.188965
7280.715332 -10341.33008 10267.80762
9239.408203 -14849.22656 7889.493164
5868.37207 -7755.14502 8456.210938
10604.44336 -14930.6416 8069.816406
7001.181641 -13854.00391 8398.333984
8360.160156 -8542.111328 10288.84863
7019.074219 -11559.26855 10454.56738
6924.443848 -11328.78809 10045.48535
7242.036621 -11329.19727 9698.179688
8465.852539 -12261.69434 13072.6416
7431.630859 -12475.60449 9390.839844
11146.98535 -10645.53027 12653.57617
11497.5918 -8960.470703 12359.28125
8355.770508 -13810.27539 8587.382813
9422.991211 -7493.822266 8687.118164
9462.542969 -11076.47949 10438.81348
8767.254883 -9764.019531 10398.71289
7529.621094 -14813.05371 10470.12402
6482.825195 -13569.37598 9139.606445
9600.045898 -6983.251465 8948.378906
9628.581055 -9255.869141 11286.97363
11156.99609 -15388.38672 7784.133301
9620.208984 -9452.195313 11940.27148
7336.873535 -12201.45703 10137.83398
6674.641113 -6555.587402 10337.19141
9772.933594 -12936.34766 8874.296875
8731.783203 -12733.25781 8376.179688
8166.880371 -16533.14063 9425.191406
7923.387695 -17156.51953 9545.526367
9232.473633 -7849.725586 12093.77832
11323.60254 -7884.127441 9719.776367
8434.154297 -8685.676758 11912.04883
8002.068848 -9474.773438 12113.12402
5790.672363 -9036.095703 8900.253906
6869.228027 -10951.49902 9564.239258
8525.291992 -8231.297852 7930.302246
11882.32617 -8127.704102 10478.03809
7318.631348 -12314.69434 11984.24414
7025.08252 -12638.44629 7162.933105
7530.116699 -11830.53906 7492.358398
6598.061035 -13016.26465 9380.439453
7914.178223 -10444.46387 10064.70605
7818.011719 -11839.58691 7325.179688
7372.364258 -11088.71777 8550.942383
6661.529785 -9647.77832 9654.697266
8849.295898 -10246.96875 11501.88965
7160.740234 -13221.71777 7286.208008
7599.790527 -9732.014648 9977.349609
7506.105469 -11083.44727 7835.078613
8611.333984 -11726.02539 5865.851563
6286.442383 -13966.01367 9068.964844
8250.076172 -11818.22559 12412.19238
7618.492188 -13554.44043 8789.396484
6128.8125 -12491.42676 8011.868164
7624.136719 -10616.53809 10222.08594
8118.477539 -11262.64941 9836.825195
7145.787598 -13969.03516 8930.567383
8914.881836 -12280.86426 7068.955078
7663.124512 -13118.78613 8622.022461
9158.960938 -15135.08008 10760.8916
6427.818848 -11124.98926 9444.852539
6667.178223 -12873.48047 8934.385742
7708.126465 -11674.98242 8699.602539
7147.461914 -10419.45508 11884.66016
7916.182129 -11972.68945 8722.587891
6678.699707 -11263.01465 9668.991211
8290.036133 -12449.51855 6922.972656
6602.193848 -9933.974609 9482.21582
6113.702148 -10190.34668 7508.777832
8095.740234 -12005.80078 6858.896973
7415.174316 -14507.6084 7784.50293
7485.215332 -11708.60547 6850.366699
7346.288574 -10327.72754 6171.112305
6619.71875 -14775.56836 8639.724609
7227.654785 -12133.10938 9766.462891
6912.132324 -12933.66504 8386.869141
6783.39502 -14246.57227 8766.46875
6576.472656 -11334.27539 11577.11035
7286.896484 -9938.5625 12314.23633
6443.169434 -11330.22461 11727.20508
6923.110352 -10797.18066 12491.18945
5917.584961 -11006.74414 9123.450195
6430.996094 -9730.560547 8832.979492
7068.759766 -11138.81055 12095.93652
7352.070801 -11366.04199 6607.969727
6779.364258 -10426.97656 10091.73535
7073.18457 -11681.02734 11916.42578
6017.148438 -12858.13281 8342.912109
7118.916992 -13990.12402 9225.508789
6689.700195 -12991.81738 7954.03125
6213.994629 -13701.2627 9379.617188
6779.569336 -12105.43945 7417.611328
7117.044922 -11752.89551 7642.710449
7824.430664 -10495.21582 13257.62109
7079.762695 -11537.17383 12067.66699
6819.604492 -11153.13184 11737.96875
7805.072754 -13402.02441 9702.352539
7322.699707 -11326.66602 11287.31836
7275.307129 -11556.41016 9843.167969
6250.431641 -10394.83203 7981.250977
6398.312988 -14473.99609 8942.741211
6830.441406 -13358.6543 7186.892578
6636.620117 -11167.53809 11536.26465
6740.550781 -13710.36621 8743.078125
6346.967773 -11586.08496 8760.200195
6866.42041 -13547.91309 8676.412109
6108.958008 -12768.24609 8052.997559
6516.656738 -14557.26563 7923.042969
8093.725098 -13780.12305 8198.389648
7484.933594 -11080.93555 7556.766113
6606.85791 -10538.1084 6656.641602
7489.936523 -14579.36523 6977.187012
6549.118164 -10337.33789 9453.204102
7050.144531 -12044.10352 11707.80566
7297.791016 -12526.69434 12674.62793
7304.662598 -9777.831055 9166.120117
7350.874512 -13114.19336 7414.039063
8991.867188 -11520.78809 11999.77441
5962.032715 -12605.03418 9436.654297
7198.078125 -9001.423828 9359.558594
6966.464355 -9431.692383 12034.69727
6926.320801 -11944.46777 7302.583984
7520.744629 -13025.04102 6929.689941
7001.333496 -14060.58398 7768.029297
6489.394531 -11542.37305 9770.52832
6653.071777 -14567.62207 11074.8418
6144.931641 -11108.97461 9082.550781
6399.520508 -12753.54004 8097.132813
7019.065918 -11206.14648 10616.02344
7668.707031 -13740.07031 7674.294434
8301.884766 -12057.7041 9172.96875
7833.937012 -12985.71484 9737.374023
7256.42041 -13087.97266 7511.382813
7649.090332 -11329.94336 11535.18359
6993.720215 -13714.49902 9718.130859
6411.911621 -10714.94727 9839.249023
6399.208984 -11882.57324 7567.662109
7467.265625 -14493.35352 7198.626465
7408.116699 -12753.91113 8565.461914
6292.431152 -13877.30469 9639.550781
6005.019531 -8595.102539 9139.378906
7163.232422 -9787.777344 10822.41309
7312.78418 -10851.40918 11688.73828
6899.701172 -11580.04199 6816.565918
7831.184082 -13758.66211 6666.422363
7923.304199 -10261.2373 8936.314453
6721.693359 -12679.33887 11915.66602
5987.591309 -11527.32324 8045.839844
7893.836426 -13867.9502 8421.686523
6467.504395 -12365.7959 7625.180176
6696.167969 -11844.16016 7710.124512
6006.077148 -11654.9502 7957.401367
5905.227051 -12753.73145 10369.62988
6764.681641 -12912.55078 8632.339844
7058.049805 -9805.370117 6956.478027
6837.291504 -10810.01367 6473.570313
7851.555176 -10336.15234 12053.60645
6714.946777 -14047.61035 10246.0957
5872.429688 -11501.44727 8743.880859
7186.950684 -13530.3916 8363.793945
6307.763184 -11845.88867 9980.922852
6581.515625 -10529.79395 12278.88574
7112.677246 -11910.97363 7907.849609
6566.736328 -13364.57324 8846.229492
6098.902832 -14959.08301 8880.030273
7069.616211 -11286.58105 12662.90332
7261.59375 -12105.85059 7782.884766
7943.66748 -12991.37793 6392.0625
6704.499512 -10975.41699 7148.441895
6047.916504 -15282.54004 9127.573242
7082.334961 -11973.03809 11771.25195
7800.098633 -11407.45703 7534.443359
6753.828125 -10245.32715 8181.04541
6033.979492 -10470.15039 9024.666016
7091.650391 -11456.78906 7995.592285
6925.081543 -9711.65332 10820.66211
7107.237793 -13371.99023 8353.227539
6615.812012 -9749.145508 9562.144531
8049.838867 -13121.6709 8342.266602
7373.411621 -12764.54492 7611.3125
6041.413574 -12004.7627 9359.251953
6627.479492 -9562.923828 11626.39648
6557.558594 -14087.45801 8750.486328
6807.184082 -14021.54492 8683.480469
7372.399902 -11259.96484 8081.342773
6897.28418 -12085.13379 6552.081543
7841.36084 -9517.677734 10721.3457
6331.204102 -14764.77148 9368.607422
6063.299805 -12903.87109 8307.908203
7432.183105 -13634.75977 9240.193359
6268.749512 -13969.5 8672.173828
8110.050781 -12327.66797 7331.375
7675.617676 -12017.68457 10299.05078
5938.59375 -11708.75977 9095.188477
6044.736816 -12332 8763.908203
6740.692383 -13197.70508 8346.646484
6490.725098 -13575.12012 7605.327148
6388.473633 -14436.91406 8392.885742
7687.69873 -11049.9082 11704.8584
6038.413574 -14857.46191 10424.77832
7894.575684 -7408.011719 9793.515625
6906.108887 -9384.816406 10338.32715
7474.557129 -13363.16309 6674.191895
6554.072266 -10363.53125 7592.436523
7297.342773 -13989.75586 9124.03418
7461.808594 -11229.76367 11089.12891
6686.15625 -10718.45605 7268.588379
6761.482422 -13193.87305 10482.24609
9654.051758 -10456.29102 10944.92578
7641.755371 -12655.26172 10603.75391
7023.210938 -9726.267578 9697.62207
6549.833008 -13913.12988 10476.97754
6809.9375 -11862.69141 10814.31836
6600.913086 -10371.47656 12177.25
7740.292969 -13880.73145 10220.09082
8257.850586 -14405.45605 6971.469238
8430.201172 -11878.31055 10780.27441
6818.866699 -9629.353516 6766.310059
7312.14502 -10156.30957 13193.2959
7423.355957 -10278.16016 9582.357422
6902.760254 -12415.03809 8822.730469
6577.475098 -14659.11035 9861.796875
7689.774414 -12897.46875 8857.87207
6795.316895 -11188.4043 11923.10742
7415.654785 -15167.74902 10217.34668
7961.597656 -13895.79883 8615.186523
7645.899414 -12145.40234 12793.06934
6907.932129 -9758.777344 8713.907227
8163.751953 -9099.469727 8857.166016
6908.61084 -11551.84863 8038.303711
7175.053711 -10594.91504 12278.73438
7517.121094 -10225.18652 7969.839844
7425.435059 -12345.39746 7225.692871
7243.21875 -10678.77148 9881.407227
6744.097656 -14575.24512 10430.4248
8001.394043 -11638.91504 6647.333984
7049.553223 -10606.73438 12703.95996
6203.100586 -12427.1377 9103.998047
7185.562988 -11843.70801 9774.426758
5875.099121 -9950.511719 7545.92334
8137.007324 -12502.54883 6531.633789
7412.281738 -12644.91797 7797.650879
7438.075195 -14560.19141 8853.320313
6835.191406 -15480.09668 10159.71094
7233.749023 -12338.51074 8790.014648
7948.912109 -11371.21973 8016.389648
7013.758301 -12340.03027 7078.539063
9039.842773 -14012.16797 6727.138184
6256 -10479.74121 6854.133789
7821.629395 -11203.89258 11794.9082
6982.716797 -8235.1875 12178.15234
7740.094727 -12280.23047 8333.416992
7677.283203 -10282.31738 10047.22559
7550.042969 -9774.286133 9477.512695
5907.020508 -9873.246094 10235.33398
7802.929199 -13980.10547 7358.149902
6050.629395 -9821.369141 10667.45313
6352.453125 -11158.21484 7870.615723
7260.632813 -13335.26563 7143.790039
7104.20459 -15142.07715 9960.517578
8277.136719 -12166.89453 6862.793457
6275.956543 -13964.5918 8826.365234
8532.545898 -13375.06934 8698.640625
7156.706543 -11233.24805 9103.125977
6407.428711 -13738.88184 9785.561523
7125.46875 -10963.39746 8706.004883
7993.072754 -10325.66406 12208.97363
7472.577637 -10797.23828 9386.554688
7089.154297 -11176.73633 12385.98828
7734.330566 -11177.28809 7960.640137
9535.610352 -8237.606445 6567.647949
9709.375 -15331.15137 9059.827148
11467.62109 -12535.78711 7784.897461
10177.96973 -9862.212891 13271.00879
11086.59375 -15121.7832 7554.071289
9815.47168 -15003.64941 8001.111328
12065.07227 -10250.25391 9579.90332
12245.54883 -9332.09082 8270.792969
7638.448242 -14450.19141 6545.128418
11684.42285 -16393.49609 10866.65332
9818.696289 -14125.69824 8354.330078
8295.469727 -7984.562988 13001.70801
10658.64355 -11292.1709 9666.695313
10550.35742 -14702.13184 10216.96191
9987.625 -10764.69434 10038.18164
11319.44043 -8320.344727 12509.90039
13964.62793 -10116.00098 10550.75879
11198.4043 -12257.63574 10883.5293
12650.38281 -10583.56152 8020.151855
12039.55273 -11304.79492 10493.88574
10382.99316 -6603.126953 9309.604492
11559.66113 -7170.606445 9073.412109
10913.74023 -12026.70508 10968.39258
10071.79297 -13813.6377 12788.01758
11191.37988 -13087.68262 12007.47168
11727.5918 -13366.97168 7472.302734
12470.94824 -13961.2793 10448.46973
8272.629883 -7010.223145 12738.95898
11735.08984 -13114.71094 7118.279785
13125.72363 -11370.65918 11084.19824
11140.84766 -9862.708984 7727.985352
13302.30176 -10777.57324 8775.043945
10771.48926 -15485.10059 11509.15723
11154.28906 -9693.53418 12887.98926
9582.49707 -11499.61328 8120.175781
12597.63086 -13959.42285 8188.178223
11639.15234 -14956.59277 7124.65625
9501.182617 -15650.08691 9996.388672
10218.42871 -13838.53027 12406.33496
13620.21777 -9992.082031 9925.40918
13579.96094 -12647.95996 11655.68164
11425.06641 -12804.07422 8544.458984
12421.61523 -16668.58398 8419.012695
9876.194336 -15640.49707 8398.996094
11534.20801 -11044.25195 10893.60059
10964.1123 -10223.40723 6621.582031
10490.02637 -14436.48926 9505.016602
10603.20508 -14821.78613 9857.402344
12585.5127 -10141.18457 8113.626465
9542.424805 -6589.634277 12155.84863
10837.53125 -14977.5625 7881.013672
12858.06543 -14976.85742 11208.72754
12402.94922 -12617.11719 11406.84375
14528.69336 -11999.8916 8359.473633
10100.56055 -16915.28125 9001.387695
11080.3584 -13903.41504 7292.718262
11404.90234 -8488.456055 9276.024414
12904.22852 -14087.10254 7593.719238
11657.46973 -12064.69043 10690.27539
9852.617188 -6679.848145 11015.90918
9546.348633 -13580.62207 13133.22852
9885.984375 -14173.29883 9349.537109
12806.6377 -13158.46973 7256.027832
10412.54785 -15502.89551 7374.516602
12597.88965 -9978.522461 12052.42676
10566.21289 -17368.44531 8568.807617
10821.31641 -10068.5 9514.231445
13350.66016 -11088.2627 8684.475586
12191.73926 -11257.53516 6716.405762
11012.38867 -10529.55957 9766.827148
14068.93848 -13480.11328 10038.16406
11546.78027 -12948.45605 8196.304688
14403.00488 -12656.94824 8453.454102
10899.63477 -13293.26758 10378.31836
11414.97754 -12392.52051 6397.882324
10283.53613 -7951.157227 7066.053711
12752.25 -12059.69434 6996.502441
7330.040039 -17552.5918 10255.49902
13216.7666 -13183.03125 11117.34668
8437.064453 -10583.11816 6061.376953
12893.57715 -11177.99902 11961.35352
12391.5752 -9128.477539 10297.92285
9562.716797 -9586.849609 9085.533203
11861.85938 -12935.31641 7698.757813
10804.0127 -9478.231445 8108.075195
14090.85547 -12484.82715 10779.7373
8185.147949 -7021.430664 8124.842285
9755.84668 -13190.87207 12983.64355
9524.418945 -14581.00488 8903.448242
8608.749023 -14635.38867 7002.753906
13679.2627 -10149.76367 10725.76465
8857.166992 -15426.8916 9639.363281
13516.30078 -13475.38086 10595.35352
11407.2793 -13667.43262 8930.758789
9871.462891 -17700.85156 8399.711914
10020.47754 -15364.97559 11121.69922
11451.35547 -17598.90625 8426.580078
13505.61914 -10903.91602 8630.511719
11602.4043 -14566.2998 10956.71875
13231.87695 -12192.4668 11085.79004
12626.53809 -9015.416992 9509.938477
10728.89648 -11003.88867 9240.986328
9807.557617 -11507.29785 7744.529297
12137.62109 -11945.01172 6462.766113
8100.12793 -9098.263672 5984.689453
6603.519043 -11737.72266 7052.358398
12196.21094 -11870.98828 9807.470703
8515.198242 -9714.337891 13486.09375
11079.97949 -14641.09668 9530.978516
12772.58496 -9777.570313 8047.357422
11554.56836 -8681.860352 9170.865234
9470.416992 -16582.86914 9295.070313
7751.001953 -15332.50977 6597.327148
11703.1543 -14145.53906 11041.76953
8099.856445 -8556.912109 6226.024414
9775.680664 -8036.244629 6915.260254
10348.34082 -15977.75488 11332.02734
11164.75 -10197.6416 5839.403809
11955.83496 -10281.80859 7607.680176
11641.8418 -6725.291504 9660.022461
14088.54297 -12962.15723 10192.25391
8754.270508 -15152.31836 9696.854492
8558.894531 -17320.73828 8558.304688
11612.03418 -12029.3916 8891.439453
12869.33887 -9368.62207 9233.165039
11719.9541 -8790.733398 6959.856934
12334.88672 -12975.93262 8727.581055
13355.33008 -9224.459961 10722.02051
9471.197266 -15733.04688 8314.428711
11816.05078 -14126.62695 11768.48828
9426.125 -16791.4375 9619.119141
11280.59961 -9228.012695 6978.26123
11646.21094 -10172.31738 7502.763184
10705.08984 -9349.173828 8681.329102
14185.35645 -12228.59668 10548.34863
11149.32324 -11943.23633 11192.20605
8633.067383 -6915.290527 7852.324219
14108.0332 -11712.61621 11419.56348
9218.473633 -6751.223633 11334.56055
11834.10254 -7518.842773 8637.297852
11207.01172 -10980.26758 6670.112305
11897.37207 -9563.223633 8023.258789
10940.15332 -16249.16016 11135.40234
10620.31152 -10474.79004 8952.904297
11244.66211 -13182.17969 10252.67871
12106.56934 -14241.14551 7923.371094
10755.11328 -13031.77344 7209.154785
11648.69629 -16370.11816 11390.54883
11923.41602 -9871.473633 8817.931641
13302.97656 -13623.2793 10287.27051
11205.01172 -11948.79297 6658.458008
8872.836914 -7081.092285 12413.73145
9093.982422 -16337.05273 8604.796875
11917.15332 -12818.0625 8952.915039
9234.449219 -8618.864258 7552.101563
13225.50879 -9710.920898 8474.648438
6966.158691 -6956.500977 12131.63965
9692.813477 -17359.29492 11588.3877
10950.77246 -11828.04297 5695.330078
11278.71387 -11289.10449 6111.26123
11335.21094 -15607.04492 11664.65137
11804.33887 -12468.63379 10252.92676
11087.00977 -17070.62109 7588.151367
11112.93457 -10369.97363 6885.288574
11784.20215 -10985.37402 9746.618164
12529.78906 -9689.797852 9207.304688
8079.993164 -9075.755859 13363.05762
12378.70898 -10064.98047 8382.645508
11847.0127 -10045.48535 8109.575684
12437.16895 -9383.564453 7761.476563
8550.90332 -6333.503906 9740.620117
10265.69434 -15091.39844 8927.585938
11529.12988 -9482.980469 7521.231445
12566.68848 -10120.72266 9264.714844
11777.24414 -16181.74316 8439.098633
14643.32715 -11533.85254 8537.680664
10094.72852 -7522.064453 12154.04102
11485.06445 -12821.40625 12624.73047
8682.648438 -15286.78223 11329.42969
11134.54102 -11454.64453 5775.274414
11295.9668 -12216.31445 10777.51758
13582.22461 -11994.01758 11867.07617
12112.12207 -12972.35156 10942.39355
10583.54199 -6687.061523 9398.740234
10832.88086 -9460.820313 7916.753418
13902.25781 -11146.99512 9025.935547
8834.652344 -11035.81055 8859.472656
11980.35352 -15071.69824 10481.61914
10917.50977 -14724 8887.037109
9127.152344 -15153.47168 11835.49219
10364.80957 -15642.94531 11734.69629
11835.85254 -10485.91016 9601.369141
11900.76758 -12349.19141 7956.897949
12351.68066 -8227.896484 8973.556641
10231.94238 -15213.02539 11886.29199
12888.93945 -11352.3125 10903.55469
9235.40625 -18258.69336 11212.75195
10142.24414 -9350.313477 6272.223633
13233.23828 -10957.57617 8955.109375
8741.349609 -7012.068359 9724.208984
13368.18164 -11033.99805 9190.679688
9477.609375 -16805.41211 9282.703125
11571.65625 -11702.05859 10221.33105
9757.069336 -14629.27344 9218.172852
11486.86328 -10171.32715 12844.81543
10648.59082 -12129.18652 10848.87207
6447.621582 -7690.098633 10622.17773
10617.81055 -17356.35156 8118.831055
9343.959961 -8239.74707 6974.573242
11317.31543 -11869.88574 10906.13379
11649.79297 -10533.58691 9877.767578
10327.18066 -7773.149414 6673.804199
10428.12402 -15185.69824 8731.881836
13183.88379 -10388.1748 9409.110352
11941.78223 -10034.4082 7425.471191
10207.39258 -15421.2666 9233.400391
11387.30859 -8921.702148 6974.40332
9838.800781 -8352.895508 6478.205078
11352.43848 -12043.78809 6976.418457
10039.13086 -16193.87012 7604.18457
12052.85059 -16213.58984 10796.33984
8423.509766 -11018.94727 6591.055664
10342.31641 -9668.071289 7480.480469
11939.87891 -9024.25293 9009.052734
10917.68262 -10202.06055 9204.640625
12835.16406 -13330.43262 7365.715332
11639.4834 -9555.433594 7312.631348
9877.833008 -13271.49805 12242.15234
11567.17871 -11742.53809 6130.596191
10166.15918 -15574.25684 11041.85254
9250.597656 -17142.61328 11649.33691
11129.14551 -10467.45801 6700.82959
10592.5166 -14453.59277 12454.96094
12809.54883 -12793.51367 10404.58008
10481.08105 -10376.43652 9899.246094
10621.47656 -10019.56348 9730.243164
12511.58691 -10683.9248 12403.43652
10191.85938 -7668.830566 7322.454102
13742.86133 -11069.86816 11512.89746
9193.628906 -14752.36523 8126.186523
7382.803223 -12298.00391 6311.805664
11106.79199 -7688.169922 8748.626953
9919.712891 -11717.58496 8113.782227
9783.775391 -15303.34863 9023.632813
11928.96387 -16219.27148 7466.472656
12913.77148 -16627.9043 7934.882813
9739.634766 -11467.7002 5543.080566
12369.10547 -13727.21875 8125.003418
13203.68652 -9997.316406 8678.541016
13962.47754 -10826.13672 9068.620117
14170.99414 -12121.59082 11397.11133
9613.035156 -17459.86523 11511.74316
11147.75488 -10716.03613 9046.109375
11830.64941 -12066.40527 8997.756836
11415.67871 -11768.51953 9756.634766
11424.59082 -17721.57813 8315.379883
10828.53516 -17622.11719 7853.099121
7143.965332 -6375.978027 11090.75586
13701.71582 -12365.15234 11885.82813
8076.04541 -11834.20605 8183.288574
9195.509766 -15826.31348 9274.232422
12648.87695 -16007.84082 10913.47363
8538.250977 -16359.8418 9886.369141
6823.34375 -6982.435059 8256.119141
11840.31445 -10818.5918 12984.72559
12299.58984 -16468.04688 8338.275391
10653.29785 -14451.10938 7013.149902
5785.199707 -7524.82666 8988.258789
7190.950195 -17592.09961 10306.95117
12678.85938 -12704.72949 11027.73633
12352.84766 -16510.16211 7812.409668
12157.19141 -16955.58789 7937.681152
10054.97949 -10457.76172 9749.579102
10848.64063 -11930.73926 11139.96484
6355.209473 -14109.20313 7557.372559
11289.70508 -12486.05957 13006.41016
11427.53125 -10254.32129 13022.0752
11934.02441 -12145.4043 10984.46387
10463.81445 -15105.12207 11047.32031
8036.834473 -14479.02344 6561.54248
10472.25098 -10383.04199 8844.889648
10019.37598 -9475.080078 6093.732422
11274.11133 -15037.87695 8434.958984
10036.24512 -15179.78613 8221.628906
10589.74219 -12848.00586 6470.683105
9275.788086 -14870.84766 11238.80078
11544.94531 -13325.39648 8659.485352
9464.979492 -6345.129395 9779.898438
12434.64355 -10313.03418 12148.48242
7652.555664 -6942.140137 13077.32617
9645.585938 -14935.46484 10747.20996
8365.862305 -15621.34375 10311.60059
11416.78418 -7508.783691 8719.057617
10577.98633 -13103.8916 13070.73828
12483.62402 -12308.6377 6860.845703
10150.13477 -15980.85742 7736.496094
11794.57617 -9346.931641 12555.76074
12756.20215 -14229.46875 10930.87891
9879.317383 -14925.69727 8652.607422
14166.84082 -10820.1748 10039.11816
8923.78418 -10419.72949 9120.69043
10027.78027 -14191.63965 12669.55566
11235.07227 -9045.573242 8848.296875
13398.90137 -16745.70117 8580.99707
12607.94727 -10591.92773 10093.58496
12554.79297 -12481.80469 12147.59766
11693.20605 -10316.65527 7814.721191
10366.20508 -9709.676758 13239.94434
9272.936523 -15287.9209 9896.464844
11233.94629 -11894.12109 7768.974121
11177.38379 -11842.50195 5968.42627
8703.206055 -17631.57617 11168.16406
13440.16895 -13271.51758 11300.93848
11261.44922 -14307.2002 6554.788574
12121.98828 -14835.14355 8183.845703
13961.29102 -11621.09961 10205.45117
12763.5498 -16627.55859 10498.7666
8732.800781 -16728.05469 9058.458008
11553.00195 -9825.522461 9833.240234
12378.06152 -14435.23047 7329.460449
10943.20801 -7798.792969 7042.834473
13608.90723 -14580.50195 10343.92285
10277.125 -9038.217773 9285.678711
10998.24805 -10444.86523 6286.300293
12102.34668 -9916.303711 9673.802734
10429.18848 -9066.162109 7446.019043
9311.839844 -15246.33301 11358.60742
8808.587891 -18187.10352 11262.64355
13314.52148 -14507.89453 11202.04102
9733.285156 -13883.12012 6947.568848
11985.82324 -11861.42676 10224.2002
13337.27246 -11132.00195 11792.80176
11289.2334 -11371.94531 10523.82031
12418.11035 -10329.19531 9992.980469
9379.441406 -14472.61816 12569.40527
9263.144531 -6233.987305 10862.64844
8978.878906 -16773.66797 8787.058594
13773.64746 -13695.28711 7602.297852
13365.46875 -9833.329102 8225.692383
10350.17188 -10097.72363 6565.492676
11950.3877 -8965.644531 9717.989258
8054.066895 -11240.96387 7869.458496
10339.21484 -9236.920898 8841.616211
8281.936523 -6439.340332 12383.92285
13943.75098 -10493.89941 10623.29785
11323.89258 -14701.79297 7289.651855
9148.767578 -15124.60547 7491.17041
12531.70996 -8206.130859 9428.510742
11478.96191 -17463.41602 10208.75684
8846.208984 -9073.864258 13435.96484
8428.889648 -17946.83789 9071.678711
13624.44043 -9579.610352 9330.303711
11903.88379 -10773.98438 9034.425781
9804.307617 -14922.08594 11870.40332
10416.7334 -16810.11523 11335.63379
9884.75293 -14835.46484 7907.683105
10819.87012 -12373.60742 10572.33008
9934.692383 -14892.98242 10091.36816
12491.80176 -10350.03613 8643.365234
12111.31055 -13085.5332 10649.83301
11201.63574 -15398.24121 8797.749023
10928.85156 -15990.37695 11541.65039
11133.78418 -10092.82813 9428.288086
12769.86719 -11243.71777 10959.85156
12773.20508 -14853.62207 7896.739258
10769.50586 -13129.19531 6532.536621
8497.888672 -15452.60254 11102.92578
10353.11035 -12760.92676 13173.37793
10902.50879 -14887.73828 9655.888672
10936.8916 -11314.63867 9095.194336
12217.58594 -11230.55176 10398.64258
12654.25977 -13974.30371 10778.82031
9394.921875 -17211.66797 11169.70996
9858.762695 -8518.628906 6835.789551
12769.47461 -12569.16895 9631.660156
10759.76855 -14822.07813 9602.93457
7456.576172 -16652.00391 10700.05469
11193.57422 -13291.06445 7307.505371
11051.0791 -13578.83887 9088.118164
14337.01172 -12330.22754 8474.233398
13497.95605 -13176.62988 10516.27539
12965.11523 -13493.21387 7367.897461
12806.17773 -11683.11816 10067.6543
10910.73145 -15646.04785 8995.519531
11474.37402 -11207.42676 5993.329102
9979.109375 -9939.738281 7927.791992
12281.39453 -14152.51855 11993.67383
9871.520508 -15288.1084 12329.54883
10716.13867 -13301.02832 8421.368164
12779.57422 -13391.1084 11837.94629
12144.96387 -10297.70703 12284.30859
8211.874023 -16993.69336 11571.48535
8118.870117 -16547.1582 9021.850586
7895.035156 -16713.15039 8835.480469
9715.4375 -14841.18652 9283.555664
12936.24902 -10127.2998 7978.399414
11604.35645 -12332.06152 7820.807129
9093.547852 -15479.47168 12060.49805
11165.32227 -10926.74414 9367.021484
13406.58105 -12945.73047 11190.2666
6769.76709 -15620.95605 10876.13477
12993.80078 -9620.380859 9209.109375
8238.40625 -7842.165527 6667.65332
10401.46484 -6630.98291 11200.1416
10983.75195 -17628.4043 7881.762207
11365.85547 -13552.99219 8827.325195
12093.65625 -14478.98047 8174.246582
12989.16602 -10169.74609 7493.752441
10506.06738 -13302.9082 9360.629883
11784.51563 -14333.32422 11701.08594
10422.99707 -14696.58301 10422.55566
14701.32617 -11409.45996 8669.376953
11322.83691 -12567.30859 6744.637207
13002.69922 -11628.0957 12033.9043
10030.76465 -8606.764648 7857.020996
12068.67578 -12569.04785 8323.106445
14008.98535 -12085.51855 10845.20605
12797.98633 -14202.26563 10259.42383
9224.211914 -8772.371094 6352.522949
11691.02148 -11129.75586 9372.500977
13227.54102 -11434.11719 12043.23926
9957.583008 -14587.74316 6895.043945
11264.81348 -7727.341797 9234.345703
13305.35645 -14440.00098 7283.158691
11740.00781 -14179.15234 10615.37402
13889.36523 -9932.90332 9679.608398
9763.535156 -10141.44531 8377.075195
11063.36719 -14230.74316 8765.740234
10293.21289 -7648.860352 6873.076172
10539.00488 -9277.264648 9084.109375
11089.6416 -11169.95508 5874.695801
9648.746094 -8427.788086 7307.462402
11953.63184 -12014.48633 6546.787598
10318.23535 -9166.013672 8803.694336
11913.97754 -11930.24805 9063.135742
12508.27051 -15117.02734 11205.49121
12438.03418 -12166.04492 11627.2666
12367.24121 -12920.44922 12014.31543
9669.620117 -12852.57129 13093.56641
14294.87695 -12814.33691 10969.15137
12051.6875 -8204.414063 9147.882813
13620.98926 -11474.76758 10673.6582
9141.826172 -15876.99023 7212.318359
11774.83008 -12661.45996 11901.79395
10290.71289 -10593.52539 9481.105469
9404.141602 -15114.31152 7656.160156
9979.735352 -13132.30371 6913.26709
12568.05176 -13556.82324 9243.05957
9179.40625 -11267.68066 5952.77832
8597.919922 -17625.77539 9018.948242
8933.572266 -11450.45605 7762.697754
11626.84961 -13598.82324 7585.85498
10152.12988 -14621.01465 8511.443359
8718.554688 -9744.370117 13549.75977
7778.12793 -10873.88379 5883.756348
12288.16016 -17075.08008 7478.919922
13259.66309 -9264.154297 10389.60449
9353.506836 -8381.326172 7660.475098
9585.695313 -14184.00781 6748.204102
10547.80957 -8605.912109 13208.47559
10122.77734 -14504.57422 7200.089355
9616.347656 -14895.51074 11964.22656
6206.956543 -14374.74316 9313.102539
11675.07715 -12561.06836 10120.54102
13266.71387 -12221.96973 10374.23145
9293.1875 -15557.52441 11704.41797
11529.02148 -9538.061523 8121.527344
9135.370117 -15578.87695 7853.394043
11466.88965 -9568.683594 8043.978027
12842.99023 -10265.27246 12400.06738
8064.434082 -17610.95898 11237.70703
10528.42773 -9203.459961 7360.063477
10149.10156 -15448.12988 7998.77002
13723.79688 -11015.7666 8072.324707
9405.383789 -10239.56641 8543.378906
13018.81152 -14486.16992 10622.94922
9448.111328 -7111.60498 11319.31934
11680.4834 -7826.185547 9188.264648
12507.67188 -10245.52832 10038.96484
12202.90918 -9506.717773 10381.02832
8439.570313 -6630.413086 10082.12598
12303.27734 -9598.412109 8012.783203
11187.18848 -12009.53125 6624.944336
10572.11816 -9209.522461 6536.319336
12270.9248 -15632.47266 8018.925293
9620.567383 -10643.14648 13706.10156
10259.7666 -13197.76758 6436.807129
10288.82422 -14820.95898 10032.07129
10940.9834 -12813.71582 11076.69531
13777.81348 -10596.11719 11193.05664
13513.67285 -10740.76758 11739.21484
8587.415039 -15890.65137 9717.938477
12302.82129 -13126.23828 11742.33496
13024.01758 -9771.277344 9608.651367
13223.9707 -10525.40039 9207.31543
10109.80566 -7004.910645 11345.16602
6252.424316 -8394.617188 6710.239258
14313.08691 -11850.74316 10642.75195
10835.45508 -15141.44922 7860.185547
11892.94043 -7072.184082 9536.813477
12620.33398 -14790.78809 10931.76367
13109.27832 -14776.88574 7388.981445
8519.34375 -6402.764648 12376.71875
13143.41602 -9646.439453 10310.67285
12269.26172 -9932.299805 9656.961914
12898.72754 -12101.20313 10332.17188
12198.4707 -9216.551758 7625.177246
10092.57324 -10637.00977 10186.06543
10780.64355 -15290.97754 8470.631836
12494.75684 -12797.00098 7222.896973
11273.58496 -15917.90918 10944.27344
11979.74805 -11231.95703 9990.191406
12069.52246 -10827.66211 13059.24609
10837.4043 -11980.02246 5843.229004
12166.90527 -9068.742188 9872.615234
9512.388672 -11563.4209 8095.771973
11774.27246 -13959.40527 7808.444824
11525.63867 -8389.791992 9220.225586
9654.836914 -15596.34473 8919.564453
11077.36621 -11390.09961 10143.48633
13675.65527 -11075.52051 8029.836426
11467.80762 -12808.45801 6717.73584
8160.725098 -10934.05762 7665.413574
10500.11035 -17139.29883 7545.355469
9749.484375 -15525.33984 7690.499512
13673.31348 -9915.454102 10930.12207
11590.0957 -11966.39648 9394.016602
11418.17773 -9920.836914 7004.55127
8374.503906 -11665.19629 8143.273438
7835.937012 -13356.75391 6308.625
13284.19336 -11686.61035 10287.63477
7437.762207 -8000.508301 6020.470215
11212.62402 -10017.15234 6222.848145
7472.589844 -6368.893555 10559.94824
12733.83398 -9029.78418 8299.279297
13127.88184 -10888.11914 11249.57617
13436.65723 -14075.04297 7717.820801
13335.44727 -16552.02539 8587.583008
12016.86426 -10191.31543 9068.630859
6484.61377 -14957.72363 10197.10645
12400.4707 -14027.44336 7656.991211
12836.43359 -8963.607422 10242.16016
12848.0166 -8664.720703 9384.236328
11725.63672 -14321.76563 11482.67285
9587.793945 -11733.3418 8248.71875
12991.0293 -8864.400391 8139.722168
8542.257813 -6672.640625 11337.23633
13808.78809 -10024.68359 10243.39648
13162.40527 -11415.53906 11908.7207
11800.24902 -9508.342773 9318.564453
12498.32715 -10295.52441 7823.618164
9967.545898 -6602.938965 8902.911133
12245.64258 -13597.13379 11785.05469
11800.97949 -12377.81738 8819.597656
