6163.379883 -13086.13867 7626.905762
6118.217285 -13140.16113 7966.128906
6161.287109 -13286.92578 7587.331543
6248.183105 -12870.89648 7469.599609
6106.93457 -13082.16016 7998.80957
6130.168945 -13448.49316 7755.245605
6214.374023 -13198.20996 7479.942383
6097.910645 -12934.96875 7957.630859
6118.110352 -13291.38477 8038.897949
6142.883789 -13332.34961 7670.012695
5996.980469 -13753.19824 8797.93457
5946.543945 -13369.68066 8846.558594
6146.319336 -13546.02441 9005.985352
5966.499512 -13427.68164 8738.168945
5958.875 -13808.93652 9126.677734
6048.600586 -13530.45117 9180.290039
5880.4375 -13158.84766 9148.393555
6015.395508 -13751.40137 8970.211914
6023.553223 -13668.45508 8582.953125
6031.37207 -13768.33398 8605.826172
5746.819824 -10595.90527 9738.552734
5802.697754 -10794.38477 9900.729492
5730.414063 -10500.20215 9629.873047
5681.00293 -10145.08105 9661.450195
5822.188965 -10917.31445 9746.796875
5743.308105 -10550.22949 9440.308594
5712.262695 -10342.94922 9509.898438
5795.362793 -10964.91406 9427.525391
5681.938477 -10260.17969 9721.813477
5794.260742 -10876.2373 9499.373047
6459.352539 -10846.96289 12123.43945
6334.095215 -10394.19727 12030.39941
6445.263184 -10545.78809 12264.80469
6486.837891 -10713.95508 12264.5791
6341.20752 -11200.60645 11725.38379
6352.859375 -11223.57617 11797.15332
6332.662598 -10773.7793 11649.4209
6414.038086 -10726.58984 12064.24414
6383.701172 -11133.82617 11872.26953
6403.896973 -10906.22461 11938.35547
6213.436523 -11604.99316 7443.972656
6188.138672 -12080.41797 7566.119629
6366.085449 -11900.08984 7087.892578
6206.750977 -12048.05273 7556.373047
6393.458008 -12239.3877 7041.231934
6338.45752 -12095.08398 7421.179688
6374.183105 -12080.67969 7187.708496
6245.804688 -11672.17969 7445.291992
6334.947754 -11827.93652 7367.512207
6369.084473 -11662.86621 6952.206055
5811.057129 -11094.0459 8265.683594
5632.18457 -10549.03418 8333.569336
5711.598633 -10822.48535 8402.950195
6091.597656 -13698.21875 10684.78125
5915.518066 -12935.17969 10620.62598
6369.114258 -13208.35449 11196.22363
6390.26416 -11442.03906 8167.657715
6374.316406 -11622.17676 8240.001953
6671.310059 -11734.34473 8093.123535
10550.53223 -7634.413574 11388.18848
10469.81348 -7529.914551 11439.67383
10191.71582 -7625.103027 11178.56641
7986.513184 -10968.40039 12761.53613
8175.265137 -11203.20508 12996.71387
7996.607422 -11215.28125 12740.42188
7375.62207 -7307.145508 8022.086426
7442.649414 -7292.595215 8027.229492
7436.611328 -7225.245117 8228.594727
9883.066406 -12581.22168 7489.093262
9776.975586 -12381.10938 7449.685059
9545.047852 -12502.55176 7403.215332
7793.269043 -7326.091309 11582.91211
7802.507813 -7277.49707 11765.59082
7764.20752 -7467.446289 11900.44043
8727.334961 -10859.68164 11755.79199
8776.5 -10954.29688 11797.0459
8674.259766 -10813.43652 11523.68066
6432.16748 -9331.041016 9970.942383
6438.272949 -9400.060547 10065.49121
6086.552734 -9464.883789 9878.008789
8851.416992 -16980.84766 11662.92383
9094.970703 -16821.53906 11662.19922
9080.363281 -16723.96875 11665.27148
10555.90918 -7829.73291 10481.32227
10746.46973 -7898.122559 10674.64746
10811.4668 -7653.025391 10606.83398
6696.15625 -12532.02539 7774.776855
7084.55957 -12424.21777 7742.972168
6728.415039 -12404.45801 7585.839355
7251.79541 -11565.95605 7031.006348
7212.33252 -11551.22852 7376.215332
7210.762207 -11471.69238 7151.257324
8089.385254 -13291.62207 8349.27832
8153.664551 -13624.47168 8412.643555
8096.199707 -13358.69922 8230.864258
7658.237793 -12568.51855 9784.181641
7907.791016 -12392.3125 9966.629883
7841.075195 -12544.37012 10054.13672
7557.023438 -10715.80762 10851
7464.094238 -10892.77637 10497.91992
7472.229492 -10978.47754 10625.61621
6488.461914 -10018.08496 8496.746094
6727.280762 -10280.67285 8394.225586
6455.952148 -10230.93066 8670.139648
10635.58984 -14539.75098 8683.270508
10492.62109 -14194.06348 8662.865234
10647.6377 -14521.2832 8748.355469
6845.436035 -14472.30859 9297.431641
6936.324707 -14556.7998 9126.875977
7028.785156 -14482.17285 9031.151367
8313.830078 -16136.77832 8036.273926
8383.523438 -16112.43848 8067.023926
8195.100586 -16104.54688 7974.546387
8423.910156 -15105.85547 10774.86035
8472.583008 -15000.58887 10786.10547
8405.352539 -15020.74219 10645.87207
7837.526855 -6722.682129 9928.416016
7930.117188 -6642.151367 10229.00977
7851.875488 -6778.103516 10035.23926
6882.182129 -12835.23242 9189.298828
6873.979492 -12567.94434 8962.510742
7152.29541 -12744.47363 8982.850586
6260.183105 -12788.70801 9963.874023
6570.945801 -12676.1875 9812.162109
6354.851074 -12577.29297 9698.047852
6589.059082 -11753.57617 10352.74609
6484.741699 -11650.15332 10041.48535
6552.896484 -11906.07227 10159.75098
7923.250488 -7267.916016 10258.64648
7823.689453 -7236.38916 10192.98242
7877.828613 -7341.927246 10417.18848
10170.42578 -11846.4209 13117.86133
10035.24805 -11705.58691 13327.27148
10262.73633 -11538.71777 13182.28906
9266.292969 -11954.07031 6266.265625
9347.751953 -11742.83887 5936.050781
9368.805664 -11661.88281 6139.672852
11615.7168 -14455.83398 8934.345703
11833.56543 -14194.34668 9113.716797
11658.66992 -14371.72363 8891.074219
9157.625977 -9456.254883 10594.39941
9121.44043 -9289.100586 10567.64844
9138.270508 -9509.673828 10563.04004
7337.330566 -9851.955078 8566.116211
7099.021973 -9889.323242 8769.067383
7195.726563 -10105.81934 8683.394531
9046.652344 -8146.842773 6928.922363
8894.804688 -8233.110352 7141.070313
8849.598633 -7997.905762 6879.387695
6165.836426 -10728.20898 8320.989258
5893.583496 -10785.92188 8621.327148
6125.944824 -10609.2998 8422.080078
7881.996094 -10890.67188 12297.09082
7672.822754 -11203.6543 12315.64844
7795.329102 -10840.53809 12376.37598
6426.102539 -10352.19336 10002.88281
6445.732422 -10237.05176 9978.824219
6419.866211 -10338.54199 10319.25098
8143.705078 -12283.36426 9251.395508
7870.669434 -12566.49512 9275.650391
8146.808594 -12315.54297 9338.286133
7425.09668 -16152.47656 9116.535156
7691.807617 -16129.57129 9139.911133
7538.782715 -15804.75391 9187.336914
7668.746094 -14265.64746 11072.52832
7466.981445 -14068.75488 11328.2998
7612.520508 -14084.67871 11328.38477
7592.219727 -8124.552734 10237.76855
7579.943848 -8108.239258 10412.30762
7233.29834 -8233.845703 10328.60449
6709.517578 -11592.41211 11729.83594
7052.334473 -11572.52539 11504.29004
6957.109375 -11616.16699 11774.06641
9803.587891 -10676.23535 8775.365234
9797.834961 -10955.31836 8971.019531
9924.068359 -10613.32031 8897.820313
9602.041992 -10031.99121 12762.29004
9706.245117 -10074.84863 12596.86914
9812.135742 -9802.212891 12881.82422
8793.820313 -8608.330078 8772.422852
8832.330078 -8422.348633 8429.611328
8876.823242 -8608.647461 8375.777344
8929.418945 -13640.37793 10349.47559
9043.314453 -13532.08789 9964.018555
9035.726563 -13405.53906 10073.10449
8199.324219 -14039.23242 9980.695313
8037.924316 -14226.17383 10004.14063
8399.708984 -14255.81934 10160.07227
10192.36133 -13443.8584 8541.543945
10143.99316 -13350.56934 8551.109375
10377.93066 -13282.51172 8225.091797
10124.15918 -16844.32031 8738.208984
10010.48926 -16617.10742 8894.65625
9922.75 -16645.27148 8583.481445
7525.349121 -15937.39746 11822.78809
7538.981934 -16158.86816 11768.18652
7599.564453 -16116.01953 11633.1748
11722.25488 -8907.293945 11251.23438
11839.06348 -8945.03418 11233.70313
11632.22949 -9259.412109 11058.88965
10585.86914 -11828.37402 9289.016602
10506.41309 -12095.5127 9193.449219
10375.92578 -11983.83398 9067.871094
10799.74902 -11674.41211 11605.45605
10538.40527 -11488.95703 11794.61523
10600.92871 -11868.17188 11753.19043
8011.854492 -12827.22656 9907.099609
7999.883301 -12741.69434 9966.546875
8323.648438 -12654.8252 9823.631836
7610.860352 -8080.279297 10992.39355
7306.437012 -8215.454102 10861.24121
7469.020996 -8432.689453 10833.81543
7164.364258 -8597.023438 9502.418945
7010.656738 -8405.213867 9412.883789
6974.261719 -8716.241211 9420.867188
8005.487793 -13691.44141 11625.87793
7946.714844 -13643.75 11797.14551
7633.860352 -13641.17188 11643.86328
11113.76758 -9775.270508 10746.54883
10884.84961 -10094.79004 10656.04492
10836.02734 -10000.15527 10849.17383
6557.351074 -11828.59082 11451.7373
6368.219238 -11905.85254 11522.79297
6336.366699 -11745.27051 11305.98438
10096.16211 -12066.11914 6864.48584
10096.92773 -12113.12695 6812.88916
10231.66309 -11877.14648 6525.914063
7951.138672 -10390.88477 10645.36426
7927.286621 -10300.79785 10705.32813
7842.192383 -10375.05859 10438.67676
12128.75098 -13555.28809 9518.404297
12207.78613 -13528.73828 9888.939453
12141.35352 -13790.78125 9825.387695
6729.568359 -8934.172852 6884.095703
6435.743164 -9009.336914 6914.288574
6804.387695 -9097.785156 6818.071289
10311.29492 -8344.488281 6909.662109
10534.98438 -8631.696289 6914.433594
10247.27734 -8659.706055 6843.559082
10640.72852 -13426.59863 10854.47949
10437.59961 -13421.9502 11149.54199
10765.17969 -13251.16797 11108.18164
7962.421387 -14847.87207 8860.518555
8050.064941 -15040.99219 9083.864258
8146.522949 -15085.34863 8783.414063
9669.576172 -14318.1709 10619.36523
9707.212891 -13949.16699 10561.98633
9423.432617 -14086.83203 10694.83203
7815.74707 -14329.80566 10878.23145
7663.480469 -14555.54004 10744.99902
8029.880859 -14394.59668 10751.27539
8265.950195 -14407.17578 10633.85742
8347.859375 -14284.31055 10725.47949
8655.763672 -14497.01074 10749.05176
11017.56445 -14406.22363 7393.179688
11171.98633 -14483.31641 7765.797363
11141.02051 -14524.14551 7761.597656
9210.574219 -8396.314453 9820.889648
9362.508789 -8627.369141 9845.21875
9092.914063 -8599.083008 10097.12695
9940.598633 -10939.7041 11569.0166
9960.604492 -11007.77734 11408.86914
10125.05371 -10893.92285 11667.51172
8363.44043 -10146.53906 11323.46094
8273.816406 -10073.44238 11045.54785
8325.571289 -10062.46484 10983.72656
10546.19043 -9439.631836 12658.28223
10374.30859 -9546.532227 12555.16895
10405.98047 -9133.302734 12507.29785
9701.662109 -14221.92285 7588.634766
10055.81641 -14117.48828 7500.52832
9748.300781 -14104.13574 7349.953613
10018.12793 -14556.33594 10314.13965
10012.44434 -14595.36328 10582.6748
10168.31641 -14274.51855 10367.44434
7786.899902 -10406.95996 12569.87793
7840.34082 -10147.87305 12512.45996
7534.494629 -10409.17676 12543.50391
7610.806641 -7630.681152 9399.853516
7627.286621 -7536.435547 9630.803711
7725.293945 -7236.562012 9470.401367
7092.859375 -7692.810547 9507.299805
6979.985352 -7617.378418 9422.583984
7156.941895 -7663.879883 9439.792969
6250.969727 -8438.916992 8338.509766
6150.908203 -8482.417969 8452.139648
6371.0625 -8278.391602 8340.376953
5962.277344 -12012.16016 8294.233398
6178.080078 -11759.57422 8263.579102
6254.538574 -11900.02148 8546.524414
6572.978027 -13916.69141 8237.135742
6736.095215 -14096.13867 8395.134766
6688.452148 -13960.18848 8266.605469
7129.639648 -9082.658203 9769.892578
6787.244141 -9102.674805 9721.035156
7051.727051 -9118.556641 9683.341797
9340.419922 -11233.87891 11459.12988
9604.586914 -10982.57324 11511.19141
9374.512695 -11274.49121 11502.14355
11152.00098 -15109.69141 10972.54395
11163.1416 -15144.40918 11006.28711
11305.3418 -15048.26074 10782.8252
9372.033203 -8673.926758 11297.67188
9313.207031 -8522.357422 11093.75488
9083.452148 -8460.241211 11139.31445
9564.12793 -11810.18164 9119.516602
9777.480469 -11858.92676 9182.148438
9423.439453 -12015.31445 9238.145508
8262.112305 -14137.68555 11849.97559
8214.53125 -14512.59473 11704.27832
8008.279297 -14330.46973 11894.48633
8861.429688 -15717.05469 7505.012207
8717.208984 -15898.00195 7611.086914
8584.672852 -15604.4375 7353.380371
9902.683594 -8055.987305 9908.661133
9856.337891 -8424.879883 9784.106445
10007.74219 -8050.595703 9879.790039
9863.113281 -10817.65234 10854.21777
9964.106445 -10862.07031 11126.5332
9838.257813 -10681.60352 11201.3916
8721.832031 -9219.898438 11440.26074
8753.87207 -9269.916992 11273.87891
8854.304688 -9096.573242 11123.05176
8088.711426 -12537.74414 5969.916504
8272.803711 -12718.55859 6124.525391
8006.476563 -12665.01465 6077.893555
7076.84668 -12812.22266 10431.08301
7200.230957 -12842.7959 10136.42773
7116.721191 -12817.9873 10480.07617
7423.156738 -9320.766602 11922.60547
7450.318359 -9316.601563 11670.09668
7716.719238 -9468.900391 11946.03125
10768.85352 -13744.52637 11769.39355
10922.19238 -13558.57813 11905.37695
10840.87207 -13724.05469 11810.76758
8826.770508 -9406.506836 13112.18066
8600.46582 -9462.336914 12893.35547
8736.59082 -9504.076172 13031.19238
6321.202637 -12145.92969 10716.13672
6310.549316 -11770.48438 10604.08398
6474.908203 -12001.63184 10874.75586
10181.62012 -8378.214844 10998.34961
9841.556641 -8184.375 11052.2959
10178.95996 -8418.547852 11114.10547
7967.80127 -16226.07617 9178.357422
7960.416992 -16258.18848 9142.945313
8221.505859 -16046.7959 8908.928711
10194.90723 -13633.61426 9370.071289
10327.90137 -13389.36719 9334.21875
10296.95801 -13406.04883 9041.97168
8815.500977 -15797.41602 11763.8125
8905.296875 -15996.41309 11905.29004
8904.129883 -15816.22266 12169.37695
8526.254883 -15094.42383 7562.087891
8362.553711 -14981.17871 7492.166992
8579.90625 -15225.78809 7414.51416
6830.17041 -15644.9375 10097.10254
6798.549805 -15962.38281 9869.641602
6608.395508 -15753.62109 9925.854492
6428.735352 -8729.567383 8039.587891
6380.523438 -8533.862305 8356.37793
6467.748535 -8605.831055 7968.875488
6863.245117 -8253.224609 6269.749512
7083.155273 -8585.879883 6370.93457
7150.895996 -8546.962891 6292.26416
7742.056641 -15827.98145 10577.81348
7925.086914 -15770.7793 10903.40918
7826.301758 -16064.73242 10810.49121
12025.20117 -9284.022461 10515.03711
12030.41895 -9352.93457 10881.83887
11804.56055 -9484.857422 10774.61816
9113.491211 -12733.32129 6394.635254
9129.813477 -12324.35059 6404.210449
9279.051758 -12586.25391 6406.857422
7597.335449 -6787.101074 9248.850586
7486.004883 -6668.762207 8945.364258
7596.433594 -6937.658691 8871.517578
7202.747559 -10719.89941 8084.85498
6852.061523 -10837.25293 8251.8125
6979.770508 -10987.2832 8254.142578
6146.942871 -8542.777344 9425.416992
6296.123047 -8405.474609 9437.444336
6470.151855 -8548.624023 9678.286133
8788.762695 -9092.240234 9899.522461
8701.447266 -9199.224609 10012.78809
8606.37793 -9180.613281 9667.993164
11060.85938 -9311.014648 10627.41992
10683.9043 -9277.825195 10687.29883
11040.2832 -9406.59082 10566.32715
8675.496094 -12697.24609 12905.4248
8634.248047 -12738.14258 12902.4209
8712.943359 -12898.02148 12603.88086
7839.291992 -14281.38672 7442.439453
7686.25293 -14050.48926 7597.062012
7659.00293 -14397.05469 7517.445801
6627.86084 -12629.64648 10202.93066
6512.266602 -12544.82227 10321.70215
6597.961426 -12540.69727 10382.89355
8868.331055 -7625.915039 11697.24805
8864.768555 -7578.065918 11699.65137
9142.748047 -7750.636719 11862.48535
9922.291992 -9142.236328 7606.897461
9899.501953 -9082.351563 7918.397461
9679.945313 -9191.182617 7837.662109
7478.052246 -15252.91797 7470.555664
7354.91748 -14944.32031 7431.201172
7234.143555 -15287.3418 7594.379395
7856.291992 -10847.3623 6590.824219
7780.154297 -11200.86328 6469.433594
7873.135742 -11051.91992 6636.186523
7865.804199 -15763.30566 8685.625
7842.79248 -16002.69238 8688.458984
7635.645996 -15914.25684 8454.116211
10459.98145 -10226.31348 10455.9707
10216.78223 -10218.88184 10364.83789
10277.92188 -10431.00586 10478.34766
6561.260254 -7334.025879 9013.977539
6487.09668 -7536.468262 9111.347656
6743.452637 -7321.990723 9059.603516
6974.337891 -10046.93945 10940.96387
6881.105957 -10363.52441 10762.85156
6939.391113 -10363.16113 10737.47852
6575.36377 -10578.51563 8786.713867
6469.645508 -10901.48438 8599.399414
6712.985352 -10912.88574 8722.591797
10009.55859 -14139.88477 11816.76074
9954.421875 -14187.06055 11629.63184
9992.485352 -14114.29492 11862.46289
11732.79297 -8126.150391 9923.347656
11734.73828 -8072.923828 9761.067383
11431.625 -8347.452148 9803.186523
6707.835449 -7507.652344 9884.793945
6392.142578 -7474.234375 10065.95996
6498.034668 -7635.888672 9949.216797
7071.797363 -12520.4834 11739.00586
6958.945313 -12600.24805 11490.14941
7300.178223 -12458.60449 11597.74609
9793.706055 -14344.80859 11456.14648
9820.942383 -14291.36914 11338.80469
9750.408203 -14479.16699 11410.11719
7901.258301 -15056.19922 10527.20996
7952.430176 -15113.13867 10470.25098
7793.209961 -15214.4082 10225.83691
11967.80957 -13429.32813 8269.053711
11734.2373 -13314.67676 8298.708984
11736.52344 -13451.50195 8447.086914
6080.393555 -10211.86914 10493.07422
6108.26123 -10043.98535 10503.90918
6017.473633 -10141.86035 10768.56348
8297.600586 -7519.699707 9098.050781
8234.038086 -7546.692871 9075.986328
8461.90332 -7772.487305 8925.170898
11445.00977 -14515.66895 11406.31445
11445.47266 -14572.50684 11493.40039
11237.30664 -14254.46582 11654.70215
9652.168945 -6546.132813 11245.84766
9588.170898 -6860.724609 11497.52637
9454.291016 -6697.441895 11267.77246
7188.317871 -11710.75781 10923.95703
7171.533203 -11762.03418 11207.76367
7154.76709 -11701.2793 11145.39844
8089.917969 -7369.683105 12332.2832
7821.926758 -7544.966797 12248.86523
7706.083008 -7446.984863 12452.05078
7675.627441 -8361.032227 7348.305176
7817.987793 -8717.40625 7446.023438
7797.06543 -8510.942383 7133.353516
6390.969727 -10971.79785 8276.991211
6400.837402 -11238.57617 8279.65332
6665.806152 -11040.74512 8489.791016
9100.552734 -7650.460938 7190.345215
9135.310547 -7570.271973 6934.910156
8859.260742 -7826.549805 6925.693848
8080.200684 -8286.951172 9691.985352
8178.603516 -8442.945313 9607.822266
8061.643066 -8374.677734 9612.483398
7532.892578 -15117.0332 8723.75293
7256.374512 -15090.49023 8838.848633
7505.877441 -15353.88086 8637.120117
7734.32959 -16039.01953 10282.87207
7546.388672 -16223.17676 10156.47461
7510.727539 -16245.66113 10447.61914
7517.199707 -13292.59375 10888.93945
7356.506836 -13476.71094 10619.30273
7274.054199 -13186.55273 10663.29297
7775.081055 -8233.243164 12369.51758
8027.14502 -8050.869141 12586.32129
7894.54248 -8016.491699 12462.16016
10025.25781 -11791.18164 8766.481445
10219.43164 -11628.76953 8780.435547
10217.27734 -11531.80273 8776.759766
7359.396973 -7588.737305 12733.67285
7358.487793 -7623.066895 12365.34082
7247.043945 -7845.071289 12542.56543
7546.695313 -11545.16016 12719.91211
7386.242676 -11845.5957 12764.84375
7377.689941 -11568.29102 12471.01758
9324.216797 -14677.49023 11056.53711
9467.427734 -14376.3291 10989.41211
9175.798828 -14314.41602 11074.31445
10487.56348 -7620.055176 8347.818359
10440.43262 -7341.145508 8071.771484
10344.40234 -7424.499512 8287.545898
7978.364258 -8716.637695 10840.89453
7820.086914 -8555.763672 10878.35352
8107.986328 -8581.191406 10838.98828
10644.50586 -10695.83984 12358.85059
10324.96777 -10767.46094 12581.62598
10428.74121 -10916.51367 12540.94141
7972.290527 -7853.178711 9777.358398
7933.707031 -7638.681152 9930.592773
8123.087891 -7637.505371 10050.2832
8864.119141 -8634.835938 12076.68262
8929.514648 -8396.042969 11960.86816
9032.304688 -8470.808594 11824.88477
13201.27734 -9387.758789 11214.00586
12834.93652 -9356.276367 11305.12012
13191.02344 -9260.932617 11386.37305
11291.12695 -10990.44434 10566.66211
11361.26367 -11097.4707 10297.80664
11102.95996 -10899.4248 10534.21484
6373.861816 -15290.69043 9090.335938
6643.530273 -15216.56738 8854.841797
6569.52002 -15019.96387 9041.05957
7172.974609 -11030.10645 6810.963379
7077.583984 -11204.4043 7034.819336
7219.891602 -11307.99316 6952.170898
8626.036133 -10205.08691 8203.038086
8581.806641 -10260.47559 8383.363281
8529.884766 -10379.91797 8339.219727
7723.244629 -10599.19824 7160.216309
7795.863281 -10987.15723 7194.618164
7784.963867 -10892.02539 7395.671875
9249.898438 -9545.424805 10080.79199
9105.754883 -9587.700195 10060.22363
9339.228516 -9333.485352 9902.481445
8357.688477 -10659.90039 13011.76758
8467.953125 -10959.47852 13167.0498
8380.099609 -10888.08301 13359.65918
6689.508789 -10399.89746 9136.394531
6510.442383 -10287.54785 9257.389648
6472.831055 -10060.30762 9053.964844
6945.762695 -16070.27734 10861.65527
7047.693359 -16168.83398 10677.10059
7317.971191 -15992.56641 10881.46777
10065.47461 -7759.890625 9932.144531
10155.66797 -7545.410156 9677.571289
10173.30273 -7842.256348 9941.78125
8708.969727 -7472.796387 8579.166016
8909.745117 -7421.988281 8639.473633
8967.286133 -7628.826172 8410.108398
12173.89941 -8078.297363 10042.25488
12174.32715 -8439.042969 9948.694336
12271.52637 -8073.231934 9798.233398
11462.02734 -10816.82227 12658.04492
11539.39063 -10734.69238 12322.79102
11577.07715 -10994.06836 12549.75781
9728.790039 -13519.33594 9531.999023
9840.577148 -13194.32129 9610.354492
9553.515625 -13436.40527 9634.40332
7865.828613 -12880.27148 8078.167969
7814.062988 -12722.39941 8099.439941
8176.873047 -12780.63574 8289.219727
6878.59375 -13973.50293 10533.51563
6957.467773 -13927.9873 10669.06934
7026.188965 -14029.79297 10805.08008
8998.848633 -11266.7666 13256.57227
9096.088867 -11250.4668 13130.84766
9092.580078 -11104.24805 12998.31348
9394.973633 -14355.61035 9497.209961
9488.155273 -14317.11621 9700.381836
9521.272461 -14130.34766 9336.695313
10558.44336 -12633.52832 12400.42969
10644.78223 -12381.93066 12599.08105
10640.89746 -12522.42773 12676.2793
7638.294434 -15454.98047 11955.94336
7838.470215 -15381.59473 11868.73047
7530.111328 -15145.98047 12005.40137
14205.85352 -10864.02246 10221.46094
14066.17676 -10811.19043 10569.59863
14058.68945 -10920.85059 10336.99609
8399.291992 -14296.82422 7733.358887
8358.220703 -14269.62109 7764.915527
8296.648438 -14090.67578 7741.640625
8916.058594 -10000.31152 11017.36328
9250.701172 -9823.05957 10864.96582
9130.332031 -9898.889648 10705.76758
9957.605469 -17577.94531 10966.06348
9955.712891 -17688.65625 10932.94238
10236.10547 -17592.7793 11152.6709
6984.688965 -6641.489746 11141.90723
6946.458984 -6780.327637 11075.49902
7021.216309 -6691.52832 11286.1377
6107.750488 -7736.015625 8740.354492
6296.241211 -7860.958008 8809.575195
6493.613281 -7664.560059 8746.360352
7867.103516 -12840.24707 12449.91699
7877.17041 -12845.7627 12208.86816
7711.598145 -12693.22266 12154.93262
10978.40723 -12573.30762 8704.806641
11138.76758 -12544.66016 9063.973633
11102.05273 -12319.97559 8808.038086
9356.407227 -15909.01855 11639.83105
9238.871094 -16040.02246 11491.54297
9259.331055 -15957.07715 11562.06543
7633.44873 -6616.524902 12305.41895
7522.877441 -6526.713379 12270.24219
7573.058594 -6695.913086 11905.73047
7324.87207 -13216.29395 10035.68164
7247.294434 -13208.43652 9906.536133
6940.553711 -13356.69922 10018.0166
7163.362305 -7747.214844 8784.59668
6992.193359 -7661.06543 8771.207031
7084.134766 -7928.907715 8508.132813
9905.177734 -7401.455078 9326.669922
10103.95508 -7591.223633 9194.71582
10006.68066 -7448.155762 9106.87207
8398.047852 -13245.19629 6480.27832
8398.625 -13266.08203 6358.227539
8455.776367 -13202.76465 6488.922852
7464.071777 -13409.15723 9713.361328
7239.112305 -13695.79102 9769.537109
7508.142578 -13524.30859 9523.750977
9453.807617 -14443.98145 7545.165527
9417.025391 -14354.70801 7856.10791
9373.527344 -14525.68848 7785.69873
8354.237305 -14203.0293 9437.943359
8465.550781 -14585.75391 9462.439453
8480.489258 -14199.20898 9564.001953
8419.416992 -12837.58496 11059.22559
8247.223633 -12829.9541 11093.23438
8201.197266 -12858.38379 11006.17871
8034.731934 -11516.69238 10621.74316
7802.51416 -11571.82715 10319.6582
8083.063477 -11470.30273 10445.43848
12022.28906 -12429.25293 9887.935547
12212.69531 -12688.78613 9662.964844
12217.05371 -12365.34082 9703.09668
9501.073242 -8293.652344 10534.97461
9612.322266 -8198.185547 10644.12109
9240.708984 -8280.498047 10667.12402
9895.285156 -11819.82813 12227.60938
9921.536133 -11714.07617 11969.95703
9835.353516 -11432.16797 12080.83691
6774.408691 -8549.588867 10385.78125
6790.852539 -8485.5 10544.97461
6669.538574 -8667.806641 10443.34277
12340.39258 -9237.573242 11891.25293
12425.53809 -9200.385742 12062.04492
12268.84961 -9450.821289 12066.3877
7252.366211 -7468.89502 9170.626953
7359.572754 -7553.837402 9122.958984
7219.976074 -7605.314453 9023.167969
9348.366211 -12492.89941 8196.485352
9388.542969 -12651.70898 8098.228516
9073.335938 -12778.32617 8248.626953
13747.06152 -12054.74023 11143.03223
13673.30469 -11743.90234 10904.19531
13782.31445 -12077.04102 11077.43555
7917.496094 -8384.780273 12748.32422
7815.60791 -8707.604492 12850.47266
8002.233398 -8375.235352 12759.69727
10160.24609 -6448.609863 9969.174805
10047.1582 -6597.354004 9830.750977
9908.328125 -6722.760742 9988.677734
8114.716309 -16949.60156 9968.209961
8008.442383 -16639.50977 9907.137695
7817.666504 -16955.57227 10064.03711
10700.07715 -10194.16992 12832.82324
10661.00781 -10043.92969 12697.82129
10791.12012 -10106.32031 12926.91992
7924.59082 -13704.57715 7986.796387
7819.634766 -13655.91309 7858.223145
7725.469238 -13522.87207 7859.596191
7311.152344 -8501.237305 11665.33984
7438.560059 -8521.430664 11944.2041
7271.866699 -8531.15625 11650.50488
10048.31055 -7272.833496 10526.84863
10254.77148 -7535.680664 10584.87402
10329.59375 -7503.421387 10349.53125
9515.200195 -10046.04102 11237.0957
9584.587891 -10222.83398 11307.20117
9195.249023 -10248.08203 11170.76172
6762.212891 -7371.4375 8048.282715
6937.899902 -7506.536133 8220.585938
6862.378906 -7714.981934 8227.462891
11587.20117 -7629.963867 10521.45996
11642.49805 -7680.098145 10405.79688
11382.33008 -7868.171387 10469.49902
6485.944336 -12336.02832 8220.291016
6460.818848 -12370.96777 8235.831055
6821.681641 -12354.00977 8363.69043
7964.801758 -9325.729492 10273.91113
7984.623535 -9541.996094 10384.78418
8279.665039 -9429.740234 10463.21875
9111.619141 -9023.158203 9151.529297
9414.754883 -9017.192383 8964.361328
9416.958008 -9277.586914 9132.888672
7671.134277 -10923.06934 12850.94727
7680.330566 -10792.15039 12857.86816
7397.488281 -10789.85449 13133.95898
8104.081055 -13328.14746 7505.667969
8090.617188 -13343.63574 7830.666992
8016.461914 -13293.21875 7757.819824
7366.263184 -9194.90332 7946.506348
7511.070313 -9245.351563 8215.71875
7194.863281 -9361.374023 8023.696777
7063.922363 -8508.043945 7096.711914
6952.64209 -8584.287109 7084.060059
7100.957031 -8732.62207 6811.989258
8313.074219 -9443.885742 11797.77148
8253.469727 -9310.873047 11890.27148
8518.666016 -9474.509766 11813.68945
8808.314453 -16016.08496 9230.173828
8867.491211 -15900.63867 8986.036133
8590.359375 -15955.02637 8881.868164
10964.87207 -7776.910156 9497.523438
10730.63184 -7604.010742 9634.834961
10802.73242 -7800.040527 9450.833008
7266.050293 -10114.99316 10524.16309
7333.219238 -9941.530273 10277.0166
7496.126465 -10070.18164 10397.74316
8401.913086 -7864.114258 7282.141113
8165.757324 -7774.720215 7294.558594
8366.841797 -7786.561523 7383.57959
11406.68359 -12931.64355 9523.807617
11274.74707 -12708.90527 9816.641602
11435.23242 -12811.16016 9447.374023
6998.877441 -11622.9541 9074.587891
7289.371582 -11779.47852 8993.272461
7087.95752 -11990.18066 9088.657227
7770.562012 -11864.08398 11265.80957
7928.782227 -12109.66211 11187.66504
7777.572266 -11747.18066 11129.49414
11055.05176 -8133.609375 10632.81543
11013.87012 -8337.217773 10732.4082
11022.54297 -8455.955078 10396.70801
7420.075195 -9771.731445 7214.381836
7680.019531 -9897.362305 7171.307129
7530.09082 -9949.855469 7409.332031
11035.05273 -7336.84375 11349.38477
10997.77832 -7397.90332 11021.51074
10945.06934 -7339.461426 11245.05078
6965.637207 -9148.288086 11591.39063
6952.174316 -8977.347656 11445.3418
6925.670898 -9119.625977 11451.96094
10945.04688 -14378.1377 11980.93164
10892.30469 -14396.52832 12058.57324
10797.81836 -14163.6875 12213.08691
8831.936523 -14041.09961 8581.048828
8561.443359 -14243.02734 8497.710938
8911.798828 -14080.0293 8424.93457
10402.0293 -9170.203125 10026.14063
10534.53809 -9008.352539 9788.631836
10493.33984 -8999.135742 9817.961914
7959.598633 -15782.91895 12066.33789
7971.525391 -15894.33398 12048.12793
8131.278809 -15715.13574 12254.8623
9588.364258 -9219.405273 10358.31152
9906.193359 -9352.37207 10132.50098
9933.993164 -9384.452148 10201.23633
6895.409668 -11238.8877 11107.63867
6842.109375 -11248.17188 11166.30176
6627.714844 -11196.50781 11090.15527
7438.34668 -9901.543945 11877.80859
7690.619629 -9807.045898 12095.86328
7496.22998 -10147.0752 12054.51758
7188.366699 -7317.450684 11703.08691
7124.496582 -7405.090332 11767.17871
7114.89502 -7301.364258 11413.79785
9909.130859 -8345.245117 11883.41602
9888.578125 -8055.400879 12011.03223
9910.289063 -8421.555664 12164.46289
10808.73438 -11085.59082 12412.0127
10956.50977 -11170.4668 12463.71582
10883.95215 -11143.0498 12457.86133
10568.11328 -11957.6748 9992.800781
10499.86621 -11897.49805 10018.33301
10570.75977 -11908.39941 9977.731445
9300.451172 -13538.03809 7811.037109
9075.709961 -13755.8291 8004.839844
9353.56543 -13716.18359 7911.244141
7394.526367 -8236.413086 8279.428711
7541.439941 -8396.285156 8268.188477
7310.909668 -8459.80957 8129.435059
7689.453125 -12529.49023 7744.88916
8074.299316 -12452.91602 7804.788574
7943.187012 -12638.86914 7761.517578
7981.341309 -9109.516602 11302.0752
7891.355957 -9120.923828 11365.4375
7933.283203 -8972.540039 11371.75293
8643.365234 -11845.37695 8337.009766
8342.041992 -11816.02246 8438.991211
8609.897461 -11730.10156 8505.102539
11572.47559 -11654.90234 12614.47168
11611.55566 -11578.69434 12869.12891
11937.51465 -11732.67188 12700.1875
6837.059082 -14265.87305 7265.623047
6846.797852 -14349.21289 7498.746582
6865.411621 -14301.05957 7513.549805
7341.88916 -12773.96973 6961.639648
7563.893066 -12790.47168 6715.651855
7400.206543 -12849.99902 6887.850098
10829.40039 -13818.48438 9757.950195
10853.2334 -13578.8916 9931.291992
11046.83789 -13747.36816 9823.922852
7663.208984 -8123.669922 11285.04785
7765.831543 -8154.755371 11630.21484
7526.524902 -8337.957031 11406.88574
6186.222656 -12668.02344 9027.450195
6331.400879 -12688.91797 8992.612305
6198.265137 -12831.87695 9026.016602
9676.28418 -12439.89648 11267.21973
9780.602539 -12670.66602 11454.62305
9670.249023 -12490.16895 11598.12305
7927.994629 -14339.16211 8373.00293
7941.20752 -14565.03906 8390.818359
8130.376465 -14258.84082 8231.922852
7516.165039 -14621.07324 8386.1875
7418.596191 -14363.53906 8422.702148
7471.854004 -14281.63477 8227.061523
11037.25586 -11004.16895 13358.83301
10746.50684 -10979.80957 13383.1084
10937.14844 -10980.20215 13309.32422
5939.657227 -10296.3418 8205.061523
5789.46875 -10314.62598 8153.869141
6008.837402 -10062.23926 8014.19873
6685.528809 -6599.985352 9629.886719
6810.945313 -6655.867676 9619.771484
6762.221191 -6926.171387 9794.813477
11883.14746 -8658.991211 10194.36621
11872.95801 -8601.991211 10174.75195
11939.48926 -8732.501953 10259.61426
7278.19043 -9278.390625 7439.317383
7272.625977 -9094.648438 7255.507324
7533.143555 -9078.004883 7246.945313
11974.78711 -8783.533203 9504.352539
11962.90918 -8455.574219 9636.442383
11950.28027 -8504.235352 9659.695313
12816.36426 -11747.97949 10403.91895
12916.14453 -11485.34766 10576.9248
12686.93066 -11773.72754 10584.68359
7219.970703 -7631.830566 12268.14551
7163.391602 -7746.461914 12162.90234
7225.466797 -7693.891113 12112.62109
12349.25293 -8517.074219 10476.23145
12325.40918 -8439.12207 10536.72656
12488.86133 -8659.333008 10832.22949
6065.057129 -9321.847656 9439.696289
6251.484375 -9052.246094 9450.807617
6060.666016 -9183.806641 9271.557617
7039.916992 -14445.28516 11631.91895
7010.591309 -14515.65039 11468.38086
6907.581055 -14525.06738 11470.18555
9713.734375 -12616.12012 11044.47168
9491.134766 -12951.38477 10965.01563
9574.881836 -12792.25195 11172.07617
9365.527344 -15201.3125 9527.296875
9333.345703 -14881.2002 9718.933594
9428.341797 -15190.26172 9479.458008
8500.249023 -11871.03418 13179.37695
8796.866211 -11713.12109 13343.07031
8836.527344 -11987.05273 13360.56836
8525.602539 -13340.33594 9540.050781
8296.235352 -13344.65332 9880.011719
8450.478516 -13379.69531 9911.774414
6903.900879 -13289.38379 7601.955566
6871.300293 -13541.71582 7830.931641
7044.447754 -13531.63965 7902.952637
8397.686523 -11694.20117 12759.2998
8759.996094 -11703.34668 12733.9502
8634.716797 -11481.64258 12895.61328
8438.890625 -7193.087402 11783.79883
8257.704102 -7533.452637 11848.02637
8478.197266 -7441.887207 11600.94336
10790.79004 -11809.83594 7682.998047
10859.3125 -11999.08984 8011.620605
10917.70313 -11826.03223 7767.688965
9781.543945 -10956.77539 9541.518555
9930.893555 -11167.18848 9237.308594
9679.613281 -11096.40918 9527.726563
8015.369629 -15097.47656 8320.46875
7772.311035 -15366.0166 8222.375977
8025.415527 -15063.54004 8230.991211
12942.10352 -10050.70898 11267.24902
12678.25098 -10271.6709 11430.23438
12692.80273 -10035.11719 11259.28613
10629.11133 -11689.92871 12344.86035
10558.02246 -12007.07324 12212.37988
10534.88379 -11932.12793 12150.21094
11447.96875 -10052.83691 8171.32959
11243.84277 -10014.92773 8129.327148
11148.00488 -9856.605469 8302.900391
10488.12109 -16026.58203 8625.383789
10703.18359 -16098.97168 8496.40332
10564.0752 -15838.9043 8766.858398
6786.57666 -10846.86328 11721.25098
6858.364258 -10626.06543 12043.30176
6897.143555 -10781.41699 12108.45117
10405.0332 -8539.006836 9897.360352
10368.40918 -8548.892578 9915.970703
10300.50977 -8388.211914 9665.022461
7456.688477 -9021.554688 10237.42383
7466.260254 -9137.25 10172.83594
7731.044434 -9231.618164 10108.29297
10264.04492 -12760.56641 11038.77539
10530.375 -12814.35742 11065.5957
10316.98633 -12790.81348 10732.06348
12381.49414 -12023.58789 11852.72363
12404.60645 -12053.57813 11932.74414
12578.01563 -11821.81738 12040.44141
7197.394043 -8218.69043 7103.151367
7345.602539 -8066.546875 7348.6875
7164.096191 -8229.583984 7113.243652
9071.273438 -7710.437012 9026.954102
9366.973633 -7820.885254 9063.522461
9045.106445 -7748.196289 8930.651367
6306.296387 -9207.597656 10797.23047
6644.447754 -9278.500977 10788.57617
6515.131836 -9114.331055 10734.86523
7780.898438 -14978.4707 9880.989258
7989.464355 -14754.02051 9907.991211
7860.412598 -15019.94922 9705.27832
6533.206055 -8106.064453 7259.949219
6434.22998 -8362.65332 6991.001465
6409.772461 -8254.574219 6952.911621
8320.195313 -8969.318359 12639.19629
8318.670898 -9259.360352 12490.9209
8445.969727 -9256.498047 12604.04688
7901.415527 -7694.827148 7629.419434
7836.308105 -7902.660156 7585.763184
7686.661621 -7689.554199 7729.060547
6016.350586 -10154.3252 9048.03418
5804.187012 -9887.469727 9157.267578
5863.527832 -9917.057617 9317.398438
8593.345703 -7540.822754 7751.671387
8361.132813 -7718.911133 7952.812988
8435.748047 -7670.867188 7609.092773
6752.535156 -15077.72461 8332.09375
7012.418945 -14871.52441 8557.993164
7071.103027 -14940.2002 8515.044922
7929.594238 -7691.619141 10947.85059
7802.221191 -7546.281738 11229.77148
7662.359375 -7585.022949 11063.4043
8691.858398 -7538.501465 12415.90918
8485.094727 -7872.782715 12369.91504
8780.34082 -7582.916016 12336.90234
8251.871094 -9355.556641 10945.43164
8213.433594 -9246.6875 11275.18555
8275.962891 -9206.083984 11171.86816
6663.035645 -10259.93066 6615.109863
6772.04834 -10220.08691 6381.583496
6969.351563 -10419.73535 6591.759766
7200.342773 -12241.29883 12395.25977
7042.063477 -12456.84375 12198.21582
7361.381836 -12380.3877 12451.00684
7554.030762 -9210.137695 12145.98828
7431.258301 -9073.389648 12226.18945
7519.054199 -9087.767578 12116.11523
8408.057617 -7498.158203 10475.95703
8325.486328 -7532.551758 10696.48828
8466.15918 -7384.849609 10841.05273
8951.478516 -13488.74512 12622.27637
8829.303711 -13554.14941 12487.55859
9220.275391 -13568.76367 12474.99512
6753.098145 -12643.22656 10596.94141
6585.58252 -12625.11035 10622.9707
6725.359375 -12818.97559 10553.79492
7020.763184 -12433.63672 9696.764648
6968.171875 -12653.05859 9984.402344
7193.234375 -12442.66602 9748.188477
6805.083984 -8341.414063 10025.70898
6790.166992 -8237.539063 10002.96387
6881.073242 -8378.524414 10096.67773
8450.849609 -8261.713867 7365.061523
8190.726563 -8300.830078 7105.608398
8431.821289 -8343.883789 7370.480957
9573.708008 -16816.13086 8662.928711
9771.662109 -16822.46094 8759.852539
9478.508789 -16982.64648 8623.12793
12027.21582 -15176.93164 7764.11377
12247.99609 -14945.02832 7679.632813
12165.59277 -15030.44141 7588.280273
6552.509277 -13670.96973 10545.84863
6771.477051 -13698.12207 10779.4043
6772.733887 -13562.18945 10622.34863
7294.405273 -12007.96973 11912.53125
7426.977051 -12065.84863 11970.43066
7397.013184 -11860.20703 11729.34082
8515.547852 -15180.43652 9244.914063
8769 -15235.20215 8991.182617
8675.978516 -15294.55859 8912.326172
7119.39209 -8274.875977 11250.19238
7191.693359 -8426.275391 11522.91016
6986.518066 -8093.816406 11534.05566
12125.10742 -8279.06543 11196.33984
12418.31348 -8118.89502 11159.28906
12468.78906 -8227.466797 11140.00488
9673.141602 -12099.54199 10969.43457
9553.134766 -11895.75684 11143.73828
9626.588867 -12050.37695 10929.34766
8742.821289 -15132.79102 11833.81836
8537.336914 -15315.46191 11933.28613
8455.798828 -15271.56738 11947.8457
7245.726074 -12856.9873 8369.762695
7317.57373 -12667.71387 8018.680176
7242.644043 -12779.20605 8381.962891
8086.791992 -13360.39648 11100.52832
8418.073242 -13372.52832 10903.4082
8396.225586 -13152.97168 10928.60059
10351.88281 -14346.81543 12008.96777
10266.93262 -14490.82129 11938.61914
10289.09668 -14253.66406 12008.41309
7300.840332 -15832.55566 9850.768555
7445.378906 -15730.24414 9682.249023
7369.63623 -15789.94141 9868.964844
6107.339355 -8230.882813 9124.25293
6079.19043 -8270.393555 9398.642578
5929.181641 -8364.063477 9121.474609
7423.125 -9294.716797 10579.09766
7204.977051 -9450.863281 10768.79688
7539.427246 -9579.098633 10766.86914
7540.575684 -14288.31055 10419.97461
7394.575684 -14414.74023 10092.00977
7218.854004 -14266.29688 10258.10352
11723.11719 -7271.81543 9894.90918
11829.96973 -7589.561523 9837.37793
11809.72168 -7606.013672 9906.283203
10539.91016 -15127.87598 11937.31641
10682.24902 -14866.1709 11654.27344
10622.41602 -14989.11133 11996.12402
8545.52832 -11545.30664 7127.385254
8860.21582 -11726.92578 7231.568359
8679.380859 -11442.52637 7177.541504
9225.552734 -8951.331055 10777.5127
9287.478516 -9249.660156 10855.7998
9412.824219 -9153.959961 10943.31445
9486.209961 -6873.555176 8273.255859
9246.303711 -6778.322266 7974.125488
9176.389648 -6864.789551 8042.875
7226.080078 -10990.70898 10049.62598
7271.678711 -11145.31934 10390.5498
7212.269043 -11207.53418 10047.70605
6659.564453 -9594.101563 7227.661621
6588.480469 -9249.473633 7402.609375
6481.314941 -9363.126953 7422.400879
7070.432129 -7286.504395 10784.41699
6988.258789 -7405.560547 10712.94336
6839.446289 -7280.549316 10888.12402
7052.887207 -15648.23828 8606.577148
7068.779785 -16026.31152 8683.483398
6956.850586 -15935.6123 8700.511719
7934.401855 -14290.5293 9204.131836
7921.966797 -14065.1123 9400.172852
7609.454102 -14158.09277 9394.316406
6184.720703 -10656.67969 10669.58691
6431.736816 -10715.34961 10547.33594
6238.723145 -10929.19336 10672.76465
10146.52344 -8629.629883 11975.10059
10277.77344 -8434.864258 11736.69824
10494.03516 -8674.014648 11926.41797
10467.98633 -10888.54785 13571.37012
10456.89355 -10707.02246 13628.80371
10276.55762 -10737.00977 13697.0166
9230.108398 -11824.9502 12303.91016
9130.353516 -11732.29004 12296.92676
9231.231445 -11982.30664 12371.70703
10010.10547 -12529.13281 8950.367188
10284.30078 -12842.63379 8960.552734
10085.35449 -12847.7998 9070.65625
8913.452148 -12588.71484 12223.13086
8911.392578 -12573.13184 12173.76172
8991.018555 -12373.73926 12396.91602
7350.370117 -15681.43066 11136.22949
7176.93457 -15750.38672 11364.08105
7247.379395 -15741.15625 11122.41016
6674.117188 -9832.287109 11118.96094
6539.852051 -9986.399414 11465.40332
6729.333984 -9952.962891 11421.16504
7084 -7845.225586 10609.92285
6876.966309 -7537.218262 10519.81055
7094.231445 -7793.989746 10480.55859
10057.38672 -8963.375977 12072.77734
10065.19824 -8951.462891 11885.41113
10030.60938 -9166.367188 12159.16699
8217.776367 -7725.952637 11318.49609
8310.12207 -7573.024414 11317.77441
8545.376953 -7806.996094 11179.57715
7325.622559 -12436.42188 10885.64258
7323.834961 -12393.10156 10993.2627
7452.164551 -12443.77734 10922.7793
8758.004883 -13407.6582 12700.36719
8738.178711 -13111.93555 12777.75391
8831.334961 -13336.9082 12724.38672
9315.785156 -11275.31152 9093.34668
9454.770508 -11119.94434 9156.128906
9079.935547 -11114.53027 9307.146484
9845.345703 -11586.00195 9740.433594
10117.81445 -11691.32129 9854.898438
9944.734375 -11759.0752 9758.772461
6004.563477 -9899.402344 8940.051758
5945.780762 -9904.231445 8530.930664
5794.904785 -9972.380859 8644.172852
9743.072266 -6973.719727 8366.731445
10048.57227 -6790.853027 8329.413086
9882.288086 -7008.376465 8279.987305
10056.18262 -12065.0791 8437.660156
10390.69336 -11912.36621 8552.702148
10082.22266 -12076.16016 8509.785156
6727.910645 -13276.01367 9655.735352
6561.381348 -13336.55566 9655.384766
6498.666504 -13463.33984 9605.65332
11567.44727 -10035.28027 11005.99414
11575.36719 -10231.87598 11007.58789
11561.25977 -9990.041992 10965.5332
6569.955566 -9834.836914 10430.91211
6723.600098 -9722.095703 10272.09961
6795.306641 -9884.920898 10144.73828
9564.291992 -13483.58496 7490.658691
9893.738281 -13393.7666 7495.887695
9681.060547 -13434.43262 7754.372559
9867.512695 -12955.08398 8167.726074
9997.848633 -12900.10156 7990.31543
10017.6543 -12652.76465 8008.974121
8094.632324 -10703.22461 11773.69531
8448.265625 -10794.1416 11592.2998
8195.179688 -10839.0791 11540.78613
6274.181152 -9084.413086 9038.048828
6146.416016 -8908.150391 8865.541992
6180.087891 -9277.964844 8811.276367
6839.621094 -10124.55469 12873.39453
7070.410645 -10115.62402 12553.95215
7071.758301 -10200.05469 12739.3584
12129.9873 -8967.573242 11404.51465
12263.84668 -8893.771484 11558.90039
12161.87891 -9096.833008 11745.84082
6554.77002 -10957.3877 7433.725098
6192.091309 -11093.21094 7452.92627
6267.207031 -10918.11426 7386.130371
7691.216309 -10100.48926 12913.61426
7683.452148 -9939.90332 12767.25195
7416.666504 -9798.387695 12935.20996
8572.651367 -16067.70605 11456.06445
8377.919922 -15992.04297 11508.15234
8412.100586 -16049.16113 11825.66895
10672.40234 -14147.84863 10619.51074
10495.8252 -14308.4541 10698.82715
10554.71289 -14132.15234 10711.51758
9618.674805 -7716.321289 10639.31055
9648.019531 -7854.977539 10325.0791
9878.498047 -7681.466309 10610.56445
8607.251953 -8894.640625 10696.28711
8642.204102 -9212.488281 10673.6709
8656.985352 -9143.099609 10590.77441
9081.639648 -8094.250488 12452.24414
8971.576172 -8130.958496 12635.31641
9016.568359 -8387.246094 12597.25195
6049.345215 -10130.94629 6993.5625
6258.847168 -9829.748047 7042.79834
6105.974609 -10180.0293 6935.351563
7767.498535 -7560.44873 8742.313477
7930.816406 -7309.856934 8935.072266
8132.561523 -7375.581055 8758.418945
10497.29297 -7538.36377 11964.52246
10528.2002 -7880.144531 11775.43262
10697.44824 -7541.473145 11929.4248
12004.02246 -9887.87793 11371.08203
12103.53516 -9879.701172 11478.0498
12135.87891 -10135.75488 11186.72852
7542.351074 -9283.064453 13149.28906
7392.321289 -9255.632813 12950.24023
7431.889648 -8956.055664 13163.56152
11740.10645 -15337.30078 7942.501465
11561.57227 -15435.39258 7731.501465
11490.29004 -15301.00391 8056.068359
8808.896484 -8625.483398 12743.24121
8803.380859 -8577.483398 12932.69043
8653.210938 -8385.083008 12924.23828
8368.623047 -11765.48438 11282.95801
8672.935547 -11854.87305 11337.69727
8407.970703 -11660.59961 11507.2207
7430.810059 -13628.2959 12586.24219
14288.24805 -15302.98828 9728.583984
7047.615723 -16315.3877 9789.655273
12069.38867 -7546.654297 11110.29883
8799.328125 -14847.72754 12532.51758
11326.67969 -15427.68164 11984.41504
10338.48047 -6441.243164 8749.762695
10997.62891 -7637.087891 12107.45508
9634.162109 -16939.80664 11988.57617
13175.26367 -11959.90039 12487.56836
6793.126953 -12493.4502 12411.23145
9397.685547 -17977.50195 8604.859375
7985.004883 -16212.11426 12252.86426
6703.51123 -16017.43164 10818.1377
6529.509766 -7430.369141 11635.16602
14692.16016 -12329.14063 10440.61426
6203.416992 -6614.621094 10669.51465
9491.34375 -6283.659668 9182.297852
8420.040039 -12994.24219 13239.51953
10594.8252 -10671.58789 5361.658203
7286.705566 -10204.31348 13502.45508
14567.49414 -12767.5 10810.10449
11004.62402 -6282.462891 9886.561523
6460.157715 -11867.81348 12039.04102
12360.57031 -16823.64258 7085.243652
12250.54785 -7591.874512 9660.769531
6360.275391 -9147.62207 6405.681152
8698.485352 -18129.74609 11489.42383
9952.514648 -9580.569336 13727.08984
14692.15332 -12736.62793 9767.507813
11616.16895 -7439.95459 7445.112793
7278.4375 -10647.62305 13379.74805
14070.29492 -13308.7334 7740.48584
12509.90723 -15223.18945 7242.221191
8323.485352 -7501.345703 6852.229004
9856.647461 -10621.49121 13903.1123
11190.25977 -17841.61328 8083.75
9455.298828 -8087.149902 5827.932617
8305.397461 -18224.46289 11451.74121
10517.06836 -16920.66602 11615.02344
8313.319336 -11487.94336 5297.269531
14105.40332 -10079.38379 10244.75781
13568.50098 -14371.52637 11184.93359
10285.05762 -7123.102539 6905.839844
7229.333008 -17400.02148 9985.473633
9168.253906 -6042.105957 10817.29199
10440.27832 -9165.833008 5997.651367
9840.977539 -17214.18555 8061.210938
5680.375488 -10507.04297 8155.120605
10724.45703 -8580.530273 6346.871582
6409.193848 -7453.805664 7776.071289
6437.470703 -15311.91406 8220.527344
10899.6123 -15436.90527 7073.495117
14494.87109 -12747.62988 8238.305664
12214.0166 -8558.180664 12687.79492
10446.85742 -17544.71094 7423.21875
10711.51367 -16939.37891 7782.177734
6784.623047 -9747.499023 6042.630859
10511.72461 -8004.972168 12840.70215
11720.1748 -16922.12305 11405.27051
10803.53125 -13853.53418 6321.762207
7346.351074 -7638.12793 7060.616211
8539.311523 -6513.441895 8394.370117
9476.585938 -17057.70313 8319.666016
10312.06055 -15502.19043 7065.550781
13375.1582 -16840.29297 10282.59668
12432.37891 -16535.46484 7078.857422
10639.16211 -18480.00195 9840.733398
12448.99414 -11813.00977 12954.17578
8167.202148 -15460.24609 6517.477539
7255.859375 -16429.48242 9650.436523
13626.7041 -9215.894531 8975.504883
7465.918945 -10445.43555 5839.088379
8189.827148 -11693.4502 5340.803711
6543.509277 -11484.19531 12164.37012
14641.64941 -12928.76953 9440.073242
7671.703613 -7671.047852 6530.13623
11514.32715 -9628.745117 6593.30127
6021.081543 -8823.101563 10160.68555
8699.918945 -6752.757324 13003.97266
7744.991699 -15851.28711 7264.126953
14480.42285 -13918.25098 8812.589844
10931.31641 -14798.87402 12377.8877
9952.329102 -6883.698242 12327.96484
12586.1582 -7827.454102 8958.165039
9711.136719 -18479.99805 9153.053711
8129.886719 -13305.0127 5944.469238
6132.706543 -14320.23145 8481.348633
10355.24707 -9344.540039 5863.842773
7420.799316 -7597.825684 7281.288086
11876.95215 -13979.75879 12184.99316
12159.22363 -13367.10156 6676.612305
9461.672852 -17186.97852 11883.29883
9295.091797 -18326.75781 8875.988281
9558.375977 -15167.22852 12467.66406
8755.256836 -15179.46973 12440.38477
5932.340332 -8132.718262 7652.298828
10838.77734 -11335.90332 13717.99219
8050.121582 -15955.19727 7113.411621
11208.8623 -11968.69922 13414.27539
9357.083984 -12229.50781 13651.25781
12835.25195 -10010.57715 7311.094238
13291.59863 -11930.93848 7139.438965
10750.20996 -13183.3916 13190.37305
12285.58496 -7655.255859 8577.160156
8022.614258 -16177.27344 12272.63379
9045.90332 -6285.98877 9016.953125
12939.96484 -15452.23535 7697.782715
11857.5957 -9318.306641 6776.739746
7301.296875 -9466.086914 13339.09277
11097.40918 -18187.41602 9216.391602
7043.924805 -17441.92188 10762.27344
11432.00098 -14333.02344 12321.94043
8252.155273 -6881.483887 13272.35742
7880.481934 -11740.99512 13330.46387
8815.673828 -8688.251953 13608.04883
10940.42383 -16354.37598 8735.905273
13953.46875 -10381.09082 8095.599609
8057.870117 -9256.275391 5623.294922
9487.674805 -18151.27148 8730.326172
9926.881836 -9429.612305 5676.379395
8226.296875 -15159.82031 12411.19727
12139.83594 -7427.212402 9886.420898
10504.24121 -18280.96289 10795.43652
5736.152344 -7476.905273 9333.258789
7165.46582 -7617.861816 7195.720703
8637.304688 -11075.92773 5337.836914
14352.62598 -14499.37695 9807.209961
6678.218262 -7459.688477 7658.656738
9243.353516 -6212.76123 9569.80957
5851.249023 -8338.310547 7431.333008
6500.390137 -11551.23047 12105.75977
13430.14453 -13608.71875 7188.75293
12451.19531 -15889.90332 7557.583984
7680.047852 -12853.33398 6041.957031
10770.65039 -11019.02441 5381.10791
11366.11328 -9740.330078 6306.214844
6091.769531 -13852.36426 10780.79492
13930.32715 -9716.458008 10236.56445
13263.01074 -15628.89453 7921.951172
14000.7207 -15532.89063 10033.53809
9982.664063 -6538.396484 12228.5459
11558.21289 -17885.86133 9415.267578
12383.18652 -15162.47266 7180.277832
10740.24023 -18086.5293 10540.80566
9241.928711 -6886.12207 7097.453125
12677.01758 -16291.22168 7628.258789
13826.8457 -9914.681641 8629.963867
7267.73291 -17301.96094 10084.33789
5997.805664 -6664.106445 9511.147461
12918.89648 -14445.97461 6848.849609
13323.68262 -16988.08789 8132.62793
13839.46973 -11996.04492 7459.578125
5849.128418 -13191.18652 10167.9043
9368.292969 -8147.660645 13154.06055
11529.21875 -11091.13477 5841.626953
7942.958008 -13357.14648 6045.458496
11898.55664 -16283.68848 7228.052734
5924.907715 -14675.66992 9083.587891
9526.256836 -14106.19922 6278.179688
11849.13184 -12421.38379 6389.257813
7231.469238 -15885.25488 7677.220703
14096.12891 -13770.69238 10601.61035
9162.952148 -15659.03418 12345.36426
9570.510742 -17085.24219 8322.166016
9773.40332 -7949.585938 12868.88672
10638.63379 -14047.18262 6310.583496
13417.23145 -13636.33105 7173.36084
8443.533203 -9721.532227 5607.297852
10880.22461 -11031.26953 5415.552734
13466.67773 -14504.32422 11341.46094
12963.39063 -9215.131836 7732.975098
8260.350586 -10033.89258 13733.58008
8944.646484 -16160.53418 7390.563965
13140.33789 -13812.90625 6967.844238
8342.441406 -14499.44434 12567.52344
6856.87207 -8126.53125 5929.46875
11790.05566 -8988.503906 6697.444336
5491.115723 -9521.456055 8814.858398
8897.746094 -9458.398438 13682.52832
7740.377441 -16299.85547 12187.20703
14644.19727 -11000.12988 9046.746094
8550.305664 -11654.33203 5255.399414
7666.123535 -13862.33008 6341.139648
9869.206055 -6870.845215 12342.99219
8837.18457 -16727.0625 8189.983887
9800.930664 -15542.50098 7056.591797
9310.689453 -12163.30762 5340.181641
7510.376465 -10111.53027 5779.689941
11305.31152 -12981.58691 6483.946289
9113.526367 -12472.79883 13619.86523
9006.110352 -12003.81055 5327.063477
11124.79883 -9697.50293 13249.29395
7371.205566 -10100.39551 13552.57617
10771.7627 -8075.743652 12748.50586
12459.375 -7722.995605 10328.68945
7966.378906 -14804.0166 6352.543457
12777.66895 -8048.498047 8433.339844
5601.390137 -8610.125977 9055.461914
6358.57959 -12734.63867 11448.35449
11817.75195 -11155.61328 6031.422852
9696.277344 -12184.65039 5138.305176
7561.973145 -9920.025391 13604.09863
8647.563477 -11373.95215 5273.172363
10456.82129 -8316.569336 13152.54004
6858.959473 -8049.349121 12492.93262
12601.21387 -8207.554688 7572.682129
14389.60254 -13099.92578 8113.350098
8072.26123 -7992.114746 13180.55957
6586.535645 -10338.91504 12665.93652
5773.466309 -8878.612305 7188.016113
9587.384766 -17118.67773 11899.62012
12618.37695 -9583.727539 7260.745117
6531.353027 -11162.80762 6444.718262
8350.335938 -6098.397949 11807.5459
6417.840332 -10067.38574 6376.269043
12012.34277 -11057.58105 6209.216797
14346.72559 -15209.93848 8164.602051
6488.168457 -11435.87012 12096.4043
11339.99414 -6971.914063 10600.05469
7820.478027 -6198.311523 12469.25391
11958.15039 -7848.915527 7090.643066
7115.329102 -8554.867188 12812.51172
13727.09082 -9455.171875 11114.30078
7239.181152 -11103.54004 13204.15234
10697.81348 -14183.67383 12812.83789
11737.08594 -8874.708008 6671.431641
14303.8125 -11205.00879 7779.251465
6186.952148 -8880.78125 10604.37598
7002.271973 -16039.34668 8207.273438
8508.719727 -12535.7207 13346.17773
10545.88965 -11263.52246 5286.843262
5809.430664 -7301.061035 9848.958008
6885.701172 -6333.856934 9783.013672
8768.986328 -7314.631836 6747.904785
8259.779297 -6183.849121 9781.75293
13146.76758 -12630.40039 12313.74609
14568.59082 -13508.2041 8454.597656
8740.908203 -11158.7998 13721.14063
8890.194336 -13951.50586 6081.266113
14052.62988 -9942.595703 10369.10938
8296.677734 -18480.00195 9537.350586
10270.17578 -6214.911621 9804.923828
12408.60547 -12202.58984 6624.252441
9676.655273 -7994.077637 12913.10547
6107.074707 -13875.56641 7774.980957
7410.079102 -15884.60156 7574.766602
10626.23633 -12120.31543 13560.62793
9357.741211 -16045.61035 7177.904785
8261.90918 -13201.75488 5853.037598
7050.229492 -15290.95801 6847.577637
12869.2207 -14185.49023 12315.54102
5608.494141 -9212.4375 7982.503418
12774.82227 -8005.562012 10212.04297
7324.123047 -10615.68359 13424.17676
10810.97461 -17307.48242 7241.724121
7017.115723 -11984.82715 6210.880371
12885.99609 -12273.65918 12611.13867
5933.42334 -15036.44824 10118.65234
7674.593262 -12888.06348 12931.14063
12587.84375 -11490.94727 6618.718262
7616.570313 -7728.797363 6147.066406
10533.64063 -12558.85645 13440.06348
8268.989258 -8774.665039 13575.70605
10958.35352 -17648.01367 7530.473145
9939.12207 -6153.938477 10175.51563
7112.737305 -16456.69727 10729.77344
12286.44434 -7628.830566 11026.31348
6871.05957 -14419.77637 12053.39844
11935.20215 -13665.90527 6586.022949
8041.864258 -12868.05469 5863.717285
10718.62988 -11696.375 13665.87988
9501.297852 -15719.74805 12410.60352
10919.52832 -17806.45508 7780.388184
13086.8457 -10417.60547 12507.86719
6721.841797 -14467.8623 7074.487305
13852.48438 -10150.54004 8310.480469
14196.20313 -12632.66504 11557.65625
12150.27246 -8844.304688 12856.08887
9145.048828 -17991.34375 11516.58105
14107.01074 -10410.23145 8632.786133
14637.87207 -12006.03711 10695.28516
12426.92969 -9940.834961 12848.6543
10931.5293 -16872.44531 11561.00195
8150.489746 -6847.20166 13317.56055
7706.304688 -7701.591309 6259.66748
14541.89063 -15258.10059 8333.474609
6720.97168 -7838.761719 12251.8584
13712.00293 -9812.24707 11464.70117
9985.696289 -7841.425781 5943.848633
6449.127441 -14716.41309 11205.55957
5657.594238 -8423.553711 9334.65332
12537.53613 -7778.981445 8806.032227
13627.11426 -10499.72754 12254.9209
14110.57422 -11171.63672 7569.132324
8243.316406 -10956.88867 13632.70996
8708.043945 -10805.79102 13721.9248
11274.28418 -11340.96484 13586.68945
13922.88379 -10520 11686.60059
7016.902832 -6441.501465 8604.541992
13750.34863 -14258.28906 10864.44727
14152.70117 -12928.35059 11363.81543
12177.38086 -8393.735352 6902.713379
13086.58203 -17388.60742 9508.385742
8734.71875 -7852.066406 12991.17773
11218.76758 -6921.783203 10636.16113
13640.83008 -9670.169922 8525.549805
8220.869141 -8854.169922 13579.03516
14577.33594 -10940.43457 9005.638672
11522.31152 -7751.865234 11822.26953
9567.379883 -17937.12305 11484.64355
11324.52344 -9710.545898 6236.349609
9716.606445 -8411.844727 13222.44727
7495.473145 -7953.612305 5774.347168
8130.257324 -6560.283691 8184.75293
6851.14209 -15949.5332 8293.619141
6769.23291 -11169.31445 12556.82813
12887.91895 -8081.283691 8606.160156
5673.349121 -10354.44629 10027.375
11494.9043 -15560.46191 7343.660156
11291.375 -17386.5957 7409.919434
6953.291504 -11340.79102 12790.88965
11121.83203 -9682.806641 5938.209473
13419.16406 -14060.75195 7023.077148
10725.67285 -6420.320313 9083.527344
7343.129883 -10527.37598 5890.370605
6742.066406 -6331.610352 9945.464844
8262.498047 -13580.0459 5999.348633
13162.07715 -17248.24023 10303.76172
9962.322266 -11345.16992 5173.626953
7892.328613 -7392.347656 7401.850586
11762.59863 -10704.3623 13341.28809
13372.875 -9362.798828 11671.04297
9210.838867 -16076.20117 7224.71875
8318.185547 -8947.553711 13595.33691
11866.83887 -14439.98828 6618.117676
10338.03027 -6626.609863 8163.34082
6291.850098 -15709.68164 10242.94824
13880.77246 -9732.201172 9517.47168
11156.29492 -16278.04297 11809.64746
10797.19727 -14205.36523 12763.02246
12537.49121 -16890.35938 7020.197754
10092.91504 -9211.009766 13638.79004
9137.145508 -13265.56738 5568.253418
10114.38574 -13603.4541 13285.35938
7175.901855 -14690.98242 12030.89648
7604.903809 -8248.750977 13251.79199
11080.78809 -7772.923828 6865.311523
14563.53809 -10734.88184 9898.302734
9431.692383 -16626.69336 8101.675781
10915.10254 -15137.28906 6672.749023
5646.198242 -8078.228516 8598.091797
7498.411621 -7618.441895 6739.813477
10542.06055 -8123.808105 6329.891602
14631.4707 -12814.59473 10264.75293
8441.469727 -7851.643555 13013.75586
12469.38574 -9340.577148 12819.18164
10969.52246 -17302.75977 8312.285156
13716.15527 -16819.41016 9411.84668
8584.443359 -6662.750488 13155.98145
11534.49316 -17789.9082 8141.873047
6056.368652 -15457.03613 9769.341797
6238.708496 -15718.60645 9874.609375
11000.39941 -15530.06836 12048.89063
13550.03125 -9124.731445 8784.256836
12199.03809 -8754.487305 12815.31641
7201.086914 -10596.2793 13335.04785
6627.594727 -7825.432617 11430.58105
11190.95117 -9514.670898 13107.2041
11506.61719 -9386.080078 12820.45605
8933.539063 -6565.819824 12588.59668
6650.514648 -6978.333496 11665.11328
11388.81836 -11249.25781 13545.97754
7130.529785 -17869.42578 10207.80957
11583.11035 -9991.146484 13168.88477
8328.949219 -14709.72852 12499.06738
7155.324219 -17856.25 10933.91797
13173.57813 -8352.547852 8751.827148
6524.477051 -6462.201172 9254.003906
6712.96875 -14247.68164 11929.41016
10524.19531 -12313.67188 5363.977539
6866.490723 -8685.852539 11758.29785
6132.849121 -14028.94434 8168.380859
7463.838379 -17754.94922 9669.532227
14588.16211 -13168.49414 9462.795898
12999.13574 -9664.993164 7561.987305
13981.9248 -14188.33398 7539.943359
13690.74121 -9121.328125 10529.41504
11288.01074 -14231.58203 12448.33887
9334.195313 -6922.916992 6956.141113
14666.62598 -12225.01465 8306.072266
14663.3457 -12115.81934 8250.121094
10848.63281 -11467.08594 13686.65918
6389.681152 -15635.51074 10661.99707
7757.184082 -10197.58496 5725.984863
6067.510254 -8771.724609 10313.09863
14752.08105 -12227.8916 8446.137695
8053.577637 -12244.03027 5650.245605
7023.604492 -6632.980957 7827.086426
6505.733398 -6629.744629 8533.345703
12925.08887 -16021.12988 8067.178223
7858.949219 -6134.410156 11616.2168
9722.283203 -14456.28809 6619.015137
7945.103027 -7614.995605 7040.67627
9777.048828 -6412.225098 8665.091797
9695.787109 -18152.92969 11366.6123
6054.335938 -7780.345703 8095.525391
6997.592773 -14554.94727 12043.42773
7292.192871 -14691.94434 12120.26074
6499.989258 -8083.893066 6267.486328
10575.50391 -15792.87109 12101.32324
11069.4541 -15924.99512 7930.85791
9249.176758 -12364.16992 13649.90918
12777.06934 -12392.64844 6919.321777
13044.25391 -15972.55762 8084.021973
11185.98145 -12609.83398 13254.8252
9986.589844 -9456.606445 5679.63916
14167.75 -10413.62305 11169.17578
11013.37598 -10046.98242 5488.800293
11767.6377 -15993.57227 7226.278809
14650.89063 -11476.14258 10513.33496
7496.073242 -18087.36914 9896.378906
10387.32031 -8636.80957 6141.894043
6116.712891 -13770.3584 7727.841797
11337.57129 -10591.47168 5613.154785
6307.97998 -8899.749023 10946.42188
7386.475586 -17272.91797 9884.035156
7064.506348 -12583.23242 12663.56543
12745.84473 -9186.807617 12474.34668
12122.94824 -9205.282227 6862.338379
10543.32617 -16537.60156 8281.086914
6041.224121 -8618.586914 10341.68652
13474.11621 -8757.65918 10951.32129
6120.277832 -13778.625 8082.296387
8040.54541 -17786.75977 8759.549805
7593.216797 -11884.41211 13211.37109
14556.27344 -11803.04492 8013.560547
14582.1709 -13229.94824 9714.992188
9678.369141 -8490.818359 5860.188965
9406.705078 -8994.449219 5728.823242
10356.11035 -18480.00391 10296.80469
8002.039063 -10014.27441 5677.862305
14073.69824 -13769.45215 10645.3584
7131.224609 -16366.40918 9867.438477
11074.00195 -16794.73047 7319.197266
8059.828613 -8705.52832 5529.869629
7107.893066 -12098.27441 12870.31836
6562.885742 -15871.99414 8691.584961
7172.467285 -14871.29785 11906.15723
10840.90137 -13347.9541 13078.99023
11802.27246 -12146.76172 6139.240234
9805.147461 -15590.40527 12551.08398
6869.569824 -15640.78906 7907.717773
6602.169922 -7319.736816 7805.918945
12581.78027 -17561.57422 9527.537109
9090.339844 -13269.83496 13376.79883
13921.82813 -14128.13184 7455.851074
7374.762207 -15842.35547 7512.258301
9744.615234 -12827.2832 13592.8877
5856.197754 -6992.483398 9673.291016
8283.895508 -13484.15723 13079.85352
14568.10938 -10838.06641 10229.15918
7020.907227 -15728.25293 7695.299805
6427.865723 -7793.265625 11010.34961
6961.919434 -9021.708008 12364.19629
9336.600586 -17331.29883 11825.21094
9018.169922 -16002.625 7162.474609
6117.463379 -8450.916992 6623.721191
13707.77148 -16312.54785 10126.84082
7976.38623 -16415.40625 8004.782227
13302.03125 -16872.52539 8005.262207
12167.27344 -8533.257813 6863.811035
13773.28125 -11692.47266 12164.88281
8242.417969 -8856.72168 5558.407227
12716.29688 -14157.83301 12310.64258
9701.334961 -6223.836914 11992.86523
13681.58398 -16767.94336 8800.661133
14076.33691 -9976.34668 10428.52637
7900.312988 -12906.98047 5938.321289
11937.91309 -13008.00977 12605.84668
6199.256836 -8790.493164 10639.03613
6029.528809 -8785.669922 10208.74316
13983.3916 -11795.02051 11809.05176
10642.97754 -18275.80469 8948.611328
13951.24316 -11624.11328 7459.744141
8209.326172 -16557.64453 8113.449219
8860.305664 -6277.279297 9055.844727
5623.157715 -8978.851563 7626.751953
14602.20117 -12190.18652 10980.47266
13394.47559 -14331.7666 7003.188477
11231.58105 -11764.12793 13451.0957
5972.925293 -13782.41602 10324.24512
7524.847168 -10434.54688 5818.391113
10463.18652 -11353.81641 13782.68652
12377.85254 -7647.95166 9002.029297
13504.26074 -13389.9873 11723.33691
5532.429199 -9358.358398 8399.260742
11475.14941 -16940.8125 7793.576172
14409.23145 -11387.89844 7855.608887
7506.96582 -8378.705078 5533.399902
10903.3877 -9276.103516 6261.583008
12437.95898 -9351.87207 7071.490234
6131.023438 -9142.952148 6714.298828
6999.179688 -8518.992188 12473.55957
8973.77832 -13640.36328 5767.366211
6130.678711 -12808.92578 7774.398926
6161.668945 -12797.7998 7671.772461
6306.67041 -13566.67285 7369.183594
6181.960449 -13434.71289 7518.091797
6274.241699 -13457.01563 7393.987793
6332.444336 -11080.41602 11562.28809
6426.720703 -10784.03125 12070.14063
6282.474121 -10458.2627 11716.36328
6334.793945 -10849.0127 11593.13672
6373.891113 -11593.52441 6936.16748
6091.782715 -11845.75586 7541.747559
6340.227051 -11645.8125 7186.753906
6380.074219 -11641.44824 6828.705078
6369.500488 -11736.92188 6799.029297
5982.410645 -13869.56445 9002.532227
5989.685547 -13389.75195 8573.751953
6025.142578 -13442.25586 8855.253906
5941.586914 -13884.86523 9311.844727
5891.705078 -13213.28223 9098.422852
5689.232422 -10246.22754 9290.485352
9629.652344 -7475.23584 11624.91309
11651.54688 -9242.235352 8193.544922
14643.85547 -12045.21777 9331.084961
11212.68066 -9132.832031 7863.287109
14499.03418 -12116.51367 9410.56543
11044.80664 -8311.633789 8736.300781
12785.72168 -11119.93457 10529.76758
14698.84473 -11959.44336 9281.362305
11404.97754 -8866.820313 8690.803711
11258.21191 -8951.042969 8685.490234
10144.83008 -8838.755859 8502.00293
12081.72461 -8434.629883 8519.474609
14458.64355 -11563.64551 9716.116211
8000.170898 -8670.166992 11822.01074
11578.02539 -8227.950195 8609.088867
11671.69043 -7796.288086 8326.114258
11144.63184 -9212.320313 8523.326172
7423.095215 -9646.338867 9034.379883
12214.40039 -13273.64746 7608.873047
14653.85254 -11737.13379 8840.946289
13274.83105 -11110.96973 10571.79492
12302.14746 -8108.27002 8083.703125
12358.69141 -13269.16992 7194.299316
12083.7334 -9032.639648 8171.079102
12957.00293 -11258.47363 10539.78711
8002.902832 -8431.307617 12197.01953
11338.39063 -8967.951172 8672.501953
7369.637207 -9466.678711 9175.754883
14727.33105 -11791.36914 8974.535156
12926.1748 -10666.64453 10555.96094
7418.658203 -9611.056641 9096.938477
8229.8125 -8204.802734 12121.20801
10217.36621 -9009.677734 8402.852539
7468.60498 -9358.917969 8725.275391
10441.02148 -8585.34082 8635.786133
7495.215332 -9641.197266 9000.973633
8195.111328 -8702.581055 12127.88184
11832.00879 -8700.421875 7674.120117
12778.1875 -10693.66309 10446.04004
11823.08691 -8882.720703 8576.364258
11244.47168 -8635.654297 8743.445313
14393.77539 -11872.6084 8709.678711
12849.58691 -11059.4082 10616.06934
11037.81543 -8197.751953 7732.064941
11514.73535 -8156.278809 7618.224609
12482.38574 -13208.50391 7257.733398
12121.57617 -8689.229492 8509.775391
10476.44043 -7896.884766 8099.320313
14407.28809 -12086.14648 9089.893555
7825.090332 -8831.960938 12121.39355
10743.65625 -9063.34082 7831.145996
14522.01953 -11550.32227 9663.004883
9830.614258 -7424.973633 11248.58594
9914.90625 -7375.962402 11295.52832
12112.45996 -8312.65918 7768.445313
10340.04395 -9089.422852 8035.459961
13214.34961 -11137.25879 10606.32715
10032.14648 -7773.669434 11474.71973
7622.963867 -9167.649414 9122.806641
9763.609375 -7722.267578 11228.52637
11476.75977 -7724.21582 8176.131836
10660.55859 -7777.533203 8236.484375
10011.625 -8464.641602 8137.939941
11513.52344 -9133.910156 7897.926758
12157.16895 -8869.633789 8415.65918
10733.42969 -8643.641602 7733.008789
11048.4375 -7728.111328 8047.062988
11089.85449 -7970.544434 7803.169922
8096.688965 -8803.923828 12009.31836
10686.05078 -7974.765137 8599.851563
11772.07324 -8453.791992 7614.310547
12482.27637 -13187.57715 7597.530273
12156.26465 -8277.387695 7807.320313
9958.669922 -8253.236328 8329.005859
12900.06641 -10944.11816 10659.82227
12423.49121 -13124.10547 7493.409668
12020.38184 -7887.23584 8293.475586
12321.40918 -13113.5752 7373.605469
11211.05273 -8444.128906 8744.234375
12186.19141 -13199.27637 7455.419922
11624.9043 -8493.962891 8632.360352
11138.48535 -8883.119141 8709.577148
12113.85059 -7912.614746 8174.130859
11643.29492 -8248.265625 7605.22998
12682.29785 -10836.09863 10332.61035
12245.03711 -8877.241211 8258.249023
10686.15332 -9293.751953 8368.550781
9965.422852 -7626.691895 11664.40918
14452.79297 -12114.48535 9365.294922
14726.03906 -11654.43066 9050.911133
11214.16406 -7774.004395 8506.389648
13319.89551 -11084.80078 10440.39551
10986.70605 -7688.887695 8327.50293
14511.87598 -12100.40039 9487.00293
10815.09668 -9348.711914 8136.296387
11724.69434 -8432.242188 8594.742188
7020.917969 -9181.654297 9047.011719
13340.17969 -10988.20215 10545.99805
11973.0918 -8085.143066 7798.443359
10888.24902 -9097.432617 7834.421875
11241.45215 -8278.679688 8720.289063
9938.325195 -7593.253906 11245.87793
7645.544434 -8671.930664 12178.0752
10256.49707 -7922.92627 8460.855469
14290.53906 -11245.07031 9338.009766
14514.21094 -11663.40039 8709.335938
12360.66504 -13812.51758 7480.439453
10507.76465 -8323.466797 7842.301758
11385.99121 -8390.837891 8705.351563
12282.01855 -8766.416992 8041.712402
12664.02832 -13591.50391 7479.474609
10068.42188 -8147.895996 8218.322266
7592.119629 -8439.875 12150.11523
11325.76172 -9271.092773 8156.666504
11602.04199 -8058.508789 7683.876465
11031.0459 -7896.758301 8604
14212.02832 -11926.79297 8889.708008
11729.92188 -9209.157227 8308.473633
10082.5332 -8066.356445 8435.725586
12326.55762 -13220.06934 7209.980957
14590.40332 -12007.68164 8938.176758
7604.51123 -8225.904297 12051.17578
12734.55566 -11097.37012 10243.35156
11784.81543 -8743.679688 8596.358398
12617.53613 -13257.07422 7439.151367
11501.70996 -8203.571289 7600.288574
7753.698242 -8441.831055 12212.59961
10976.1748 -8262.358398 7725.825195
13084.97168 -11180.75684 10228.81055
10483.53223 -7876.503418 8515.49707
7085.858887 -9366.137695 8916.804688
10705.83301 -9246.098633 8011.114746
11607.4375 -8597.411133 7597.927246
10726.00391 -8257.386719 7770.445801
11100.3584 -8670.746094 8745.927734
11198.69727 -7678.166504 8289.171875
11849.3877 -8730.453125 8580.211914
10922.04199 -7810.561523 7970.544434
11023.08008 -8049.333496 8676.246094
12648.45605 -13312.84277 7401.605957
11638.73438 -8165.824707 8568.637695
11211.24316 -8143.518555 7701.490723
14653.47852 -11543.15332 8923.816406
11280.60938 -7871.168945 7818.866211
11763.00977 -8354.160156 7615.577637
10903.08789 -8011.317871 7827.640137
13044.97168 -10595.15332 10467.5293
13317.20703 -11062.31836 10544.41504
7674.863281 -9394.771484 9072.766602
11883.7832 -8507.432617 7650.745117
7612.566895 -9396.697266 8714.208008
12215.70508 -8309.362305 7843.367676
10917.64063 -9200.390625 8515.102539
12004.46191 -8987.308594 7957.502441
14149.11914 -11343.55859 9214.366211
8013.525391 -8614.283203 11796.80176
12191.0166 -8599.374023 8484.600586
12596.00781 -13281.82617 7285.453125
11156.5332 -8019.970703 8662.789063
12334.5166 -13165.63281 7586.532715
11453.75098 -7934.829102 7756.101563
11435.21973 -8191.843262 8657.447266
10155.51563 -8679.980469 7997.592773
11208.01172 -7702.691406 8386.933594
12378.15137 -8394.076172 8067.898438
9945.488281 -7763.160645 11649.87695
12840.66406 -11249.82129 10367.20898
14490.38672 -11574.27148 8723.197266
7595.256836 -8622.607422 11985.78125
11478.13477 -8487.140625 7574.183594
9853.992188 -7346.310059 11612.37793
9786.710938 -7317.753906 11591.10547
11991.1582 -8951.332031 7906.15332
10311.02344 -7863.632324 8383.983398
11109.88281 -8846.795898 7709.909668
12732.71484 -10998.82813 10521.83887
11383.07227 -9247.073242 8083.509277
10202.67871 -8380.217773 8624.076172
12186.16504 -8724.962891 7879.050293
9993.711914 -7373.415527 11517.22949
9933.029297 -7501.780273 11255.16797
10061.0625 -7536.185059 11491.65039
13112.10547 -10978.35742 10691.18652
7788.821777 -8075.626465 12012.49121
12377.06348 -8509.162109 8253.962891
14465.12402 -11798.12598 9779.267578
11906.55566 -8975.15332 8514.124023
10412.85352 -8175.865234 8628.024414
10845.30664 -9124.125 7858.709961
11153.83984 -9325.15332 8218.914063
10329.2627 -7917.370117 8509.260742
10857.95313 -8285.768555 7741.682617
12755.7998 -10995.13086 10185.58594
7534.183594 -9530.325195 8752.227539
9913.577148 -7889.397461 11485.43555
7694.580566 -8192.525391 11956.30469
9860.677734 -7768.124512 11689.70605
13285.00684 -10881.30078 10299.15723
11812.13184 -8822.000977 7723.257324
14289.5957 -11296.62402 9514.480469
11055.66211 -9345.121094 8263.77832
10069.53711 -8679.791992 8068.594238
10148.7998 -8984.776367 8148.745605
7176.557617 -9370.219727 8854.993164
12313.27441 -8552.520508 7952.283203
13347.69238 -11012.67773 10500.51172
10458.13184 -9161.387695 8389.181641
11242.7207 -9284.014648 8134.53418
11735.59375 -9018.950195 8561.855469
13175.86133 -10796.70801 10651.03223
12130.55273 -13468.20801 7263.026367
10884.14941 -8332.942383 8721.626953
7844.652832 -8474.274414 12225.58594
11877.0625 -7859.151367 8356.954102
9621.524414 -7796.834961 11578.51367
11062.29199 -7892.593262 7847.477051
11793.98828 -8223.952148 8538.801758
9962.047852 -7388.805664 11329.30859
10572.06738 -8860.476563 7803.936523
9989.351563 -8762.464844 8204.932617
11226.37109 -9263.388672 8084.095703
12239.17773 -8801.303711 8374.493164
12259.08594 -8451.707031 8441.793945
12027.86816 -9046.142578 8347.422852
9911.359375 -7784.84668 11287.15625
10575.06445 -8483.96582 7781.249512
9789.207031 -7276.569336 11387.52832
11373.97754 -8434.938477 7589.560059
10431.81738 -8097.477539 7976.225586
11552.54102 -7737.850586 8194.198242
11270.32715 -9251.514648 8447.606445
14293.26758 -11720.85645 9803.355469
14211.77832 -11313.30371 9087.669922
10720.24023 -8638.696289 8682.583984
12583.45117 -13516.87793 7265.873535
10593.67773 -9138.995117 7924.379395
11128.43457 -7678.654785 8223.402344
14453.37793 -12037.12793 8855.128906
11317.10645 -8333.72168 7611.622559
9920.717773 -8388.868164 8333.910156
11098.83594 -9113.819336 8609.179688
11692.36035 -9163.707031 8452.966797
9785.654297 -7896.96582 11515.34277
9743.847656 -7458.91748 11674.13574
12276.77832 -13244.7998 7201.120117
11049.64551 -8535.373047 7677.924805
12972.21777 -10801.54102 10166.52246
13021.19434 -10904.4834 10154.02344
12244.41602 -8118.502441 7972.418457
12197.77441 -13656.54199 7517.984375
14486.96582 -11901.0752 9750.161133
10057.5332 -7667.059082 11460.43457
6617.616211 -10102.19336 6540.368164
7057.621094 -9719.521484 8786.819336
6219.735352 -11392.20508 7556.156738
7232.514648 -14626.13184 6889.251953
8314.087891 -11825.8291 11904.89844
7493.199707 -13006.16309 10525.7998
7591.638672 -10331.50293 11770.03125
6755.471191 -11090.45703 9635.068359
6401.461426 -12803.63965 7545.507813
6125.619141 -9541.242188 7106.480469
6080.76123 -14319.77637 9372.504883
6266.538086 -9890.647461 8509.198242
6998.51123 -9748.543945 12461.75977
6715.923828 -11643.39648 7460.537598
6907.586914 -11267.55371 11872.67773
6729.714844 -11041.80762 9987.132813
6579.425293 -12299.31055 7609.646973
7519.067871 -13955.54102 6855.117188
8947.908203 -11674.46289 5346.751953
7123.484863 -15458.8125 7803.019043
5913.054199 -12529.58008 9250.890625
7449.791992 -11841.28418 8235.172852
7437.75 -11470.79102 9944.700195
5855.796875 -9848.061523 9894.804688
6618.402832 -11225.88184 11729.89648
6624 -10847.51855 10127.57324
7072.757813 -9837.046875 11625.63379
7180.820801 -10397.56152 6946.44043
6373.528809 -13210.9375 7510.305176
8472.320313 -10995.11328 10224.78809
7137.597656 -13146.46289 8161.503906
6519.661133 -14658.87305 9035.62207
7200.436035 -12560.12891 7908.01416
6527.248535 -15122.77441 9707.897461
6078.896484 -13263.72949 10543.71191
8315.051758 -11309.18164 6283.273438
7101.709473 -14225.68848 9709.788086
6725.230469 -12407.53613 10987.79395
7812.397461 -10940.54492 10315.13867
7513.710449 -12397.46484 8932.628906
5999.818848 -10125.94434 7283.419434
6373.208496 -13993.30664 10554.50586
7175.866699 -14675.88574 9731.610352
6689.77832 -10124.77637 8122.907715
6382.706543 -13081.23535 9385.777344
6758.795898 -11908.80273 8709.004883
6307.736816 -12858.55664 7992.425293
6948.393066 -14477.28516 10144.9834
7394.305664 -12479.82129 7358.617676
6817.574707 -11089.87598 7174.96875
7697.364258 -11279.21582 7736.247559
6744.956543 -12738.32715 7175.294922
5959.380371 -12540.69629 8875.864258
7073.101074 -13641.49316 8305.399414
7598.59375 -14020.35059 9526.398438
5861.476563 -10545.7627 10057.4873
6558.09375 -10486.74707 9524.552734
6618.193848 -9894.177734 7949.450195
6863.834473 -9166.035156 9451.125977
7890.88623 -11218.55957 7023.051758
6920.060547 -11256.97461 8342.518555
7355.049805 -13980.8916 6587.250488
7474.086914 -13727.93555 7711.68457
8263.833008 -10954.17383 10989.31738
5960.086426 -9311.900391 8424.782227
6694.100098 -12929.33789 8287.353516
6486.236328 -14950.92285 8547.219727
6374.423828 -11758.81055 8294.641602
6899.052246 -11765.35449 7104.749512
7881.836914 -10283.41797 11624.9082
6864.125 -13298.9082 8270.967773
8225.886719 -11828.10645 7241.390137
7625.275391 -13276.73828 8291.674805
7592.15332 -11353.55664 12532.52148
6391.40625 -11792.82617 10086.90625
6656.797852 -10267.18262 9699.1875
6699.702637 -11647.06641 6839.16748
7184.143555 -11025.58594 9075.31543
7436.518066 -10681.15137 8302.962891
7083.651367 -13924.31738 9353.391602
6478.617188 -12415.12305 7964.23291
6602.227539 -13178.29199 10207.95605
7736.006836 -14430.8584 9598.010742
6577.092773 -13982.21875 9651.981445
7474.237793 -13716.54297 7333.408691
7265.641602 -10983.50684 12972.8623
6253.883789 -14197.37891 9894.744141
6514.392578 -14649.51563 8677.154297
7570.765137 -11488.95313 10223.69727
6059.193359 -14230.95703 9225.560547
7260.970215 -10358.4668 7905.035645
7172.439453 -13804.78027 11069.60059
6646.963379 -9480.739258 9774.37793
6872.660645 -11873.39453 7365.975098
6578.27832 -13288.53809 7461.220703
7199.000977 -12509.67383 10817.45703
7142.626953 -11282.18262 11174.59277
6509.888672 -14204.36719 8618.494141
7442.108398 -13407.40137 8673.191406
6234.548828 -13762.29785 9672.019531
6880.421875 -14200.9668 8731.166016
7396.705078 -13381.92578 7627.297852
7706.475098 -13083.91602 7773.241211
5998.362793 -14024.99023 9358.193359
7343.465332 -13130.34863 8738.745117
6075.608398 -11761.1709 10535.43457
6101.143555 -12205.63086 8184.097168
9396.789063 -10852.85547 11687.99121
6908.790039 -13010.75293 9888.885742
8435.119141 -9661.143555 9965.912109
6571.979004 -12515.90527 11624.59473
7007.894531 -13939.77441 8497.608398
6616.505371 -11395.16113 7605.342773
6528.356445 -10603.64063 11526.31738
8273.848633 -8055.078613 10768.4375
6282.198242 -9543.860352 11067.9502
6710.441406 -10744.72949 7391.239746
7124.634766 -12780.05957 8641.264648
6944.76416 -12935.76855 7888.932129
7142.727051 -11576.65039 7996.443359
6660.400879 -11360.60742 11432.75879
7149.765137 -10920.03418 6408.633789
5954.219238 -12804.98535 8392.300781
6629.107422 -9052.935547 8957.618164
7748.085449 -12313.75781 6468.194336
8608.703125 -13518.32129 8481.850586
6444.905273 -10222.98828 6447.992676
6463.092285 -13224.625 7647.626953
6794.223633 -8837.449219 8724.174805
6606.435059 -10426.80859 11120.44043
8178.858398 -12090.2998 8343.611328
5974.73584 -9925.892578 8277.373047
6542.272461 -14809.84473 9073.547852
6693.114258 -11526.12305 7768.050781
6200.086914 -12898.81152 8496.033203
6293.549805 -11256.72656 9172.351563
6497.784668 -13355.05469 7343.192871
6952.808594 -13119.7832 9734.994141
6370.414063 -14111.32031 9682.44043
6700.245117 -10617.26367 8171.497559
6304.689941 -9640.083984 8582.520508
7928.494629 -11628.51465 9484.394531
6793.725098 -13742.75 9197.056641
7958.34668 -11278.42773 10716.89746
6775.466309 -10292.17285 12151.97754
7838.166016 -13519.46777 10101.06055
7605.325195 -15289.11719 7927.155273
7836.833496 -13808.69336 7340.021973
5834.791504 -7865.112793 9078.426758
6596.952637 -11273.04102 11253.97461
7023.873535 -12434.22852 6495.104492
7083.960449 -13768.45703 9575.526367
7702.666016 -11631.39063 7100.760742
5988.94873 -10117.81543 9915.556641
5908.591309 -9690.365234 7930.48291
6783.765137 -15532.4834 9322.30957
6497.978027 -9840.382813 10577.86328
6847.155762 -12871.35645 8053.506348
6661.623535 -8681.683594 8677.332031
6519.293457 -15293.0293 9425.833008
6453.266113 -12605.23828 7308.481445
7100.612793 -10945.99219 8893.789063
6901.664063 -10597.83008 8340.30957
9054.380859 -13121.1084 8078.858398
7314.041992 -11258.21777 12101.28516
6703.888184 -12375.17188 7968.848145
7116.837402 -12114.40137 9701.123047
6625.21582 -11199.64941 8814.302734
7212.72998 -12269.77246 6877.347168
6527.802734 -13009.46387 10106.87207
8796.030273 -14999.79199 11096.41113
7587.318359 -12371.93848 6610.417969
6366.730469 -13029.00879 8341.548828
6769.080078 -14559.2832 8578.347656
7975.972168 -13041.90625 9814.256836
6267.251465 -8492.277344 10135.03711
7290.94043 -14473.47559 7193.063965
8343.59082 -13721.28223 8568.303711
7464.45166 -13336.52148 8378.240234
6275.327148 -10982.36035 8115.487305
7048.458496 -11835.6582 11726.18164
7536.154785 -11121.96094 12548.9375
6594.131836 -10307.49121 6696.168457
7657.670898 -11999.24512 7811.621582
6325.379883 -8200.972656 8932.076172
8393.660156 -12785.93066 7619.452637
7516.077637 -10721.74023 9345.53125
6097.966309 -12168.03125 8094.174316
7697.381836 -12409.61328 7497.096191
6412.541992 -15709.5498 9618.762695
6559.65918 -14102.35547 9459.62793
6510.505859 -11177.94629 9314.599609
8402.699219 -11192.53711 6953.025391
6102.230469 -13690.21582 9316.888672
8211.0625 -13548.55176 8825.452148
7603.505371 -12013.23535 12259.89453
6064.880371 -11447.34082 10054.08887
5715.824707 -8790.100586 9270.742188
6969.662109 -10866.72461 12481.71191
6752.466797 -14171.66504 9413.890625
8488.5 -12034.83887 7785.735352
7144.671875 -13548.92773 7422.379395
7237.587891 -10225.08398 8521.120117
7196.682129 -13505.15332 8570.972656
7060.546875 -14096.36328 9183.334961
6714.641113 -14599.18066 7736.411133
6020.484375 -10974.33496 9529.000977
8695.158203 -12220.7666 7801.331543
6876.097656 -10233.05566 10261.03809
6383.577148 -11249.68262 9600.327148
7015.906738 -14675.09473 8856.87207
6956.799805 -11774.04785 7506.441406
6070.958496 -10368.61914 9636.59082
7329.992188 -11848.53711 9788.962891
7472.42334 -15418.01367 8110.6875
6354.11084 -15340.31152 8669.862305
6230.480469 -8934.055664 9597.926758
6605.716797 -12414.90039 7479.206055
7179.291016 -14898.60742 9377.974609
5689.789063 -10419.50879 8721.249023
7348.419922 -12967.93066 11547.68945
6846.400879 -11608.65918 6870.212891
7572.584473 -14509.74414 7459.317383
6900.381348 -11434.88184 8812.72168
7557.748535 -9699.651367 12694.53906
6856.972656 -9400.787109 8370.615234
8433.255859 -11146.28418 8270.452148
8274.416992 -12887.32129 8386.758789
6899.584961 -10314.83984 10194.4873
6557.009277 -12695.17188 8466.75293
7557.070801 -10542.97461 7595.292969
6539.989746 -10143.75586 9444.09668
7076.352539 -11557.12988 7621.509277
7388.916992 -11576.36719 5813.165527
6868.244141 -13335.72754 8825.677734
6384.225586 -13822.01367 9371.897461
6289.987793 -9298.770508 7818.166992
6206.508301 -10204.56348 8919.367188
7517.472656 -11352.28516 8961.873047
6395.83252 -10298.25391 7967.591309
7519.133789 -10488.29492 10216.99219
6786.437988 -10486.85449 8918.761719
6420.407227 -14003.20313 8567.206055
6599.19873 -12059.99609 6770.064453
5962.749023 -11418.08789 10076.40918
6394.872559 -10976.19727 9481.269531
6596.34668 -11210.47559 7084.230469
6312.483887 -14077.66211 9522.663086
6209.425781 -11115.93359 9535.598633
6699.063965 -13515.33105 9870.382813
6003.411621 -11794.17383 9163.929688
6752.148438 -11754.35254 7125.970703
6194 -13343.9375 8258.663086
6984.089844 -13057.9873 7624.074219
7996.989746 -11737.75293 7277.515625
6596.871582 -12741.8916 11703.57031
6975.145996 -11657.50391 10906.9834
6784.421875 -10855.21875 7151.61377
6555.231445 -10577.46777 7576.158203
8841.849609 -10993.03809 8675.664063
6809.446289 -14860.79785 10363.67383
7825.206055 -11733.62109 9216.553711
8055.541992 -12218.39844 6275.041992
7217.426758 -12293.35156 6757.60791
6683.612305 -13951.37598 9884.400391
6129.702148 -10466.77051 8349.222656
8125.116699 -9308.71875 12704.6748
6991.026367 -13058.58984 7682.955566
6785.30957 -9485.692383 11208.41992
7001.64502 -10636.49512 11706.39648
7775.437988 -11332.82715 10790.39258
7612.224121 -11319.99609 7031.154297
6503.661621 -13938.28027 8999.126953
6252.693359 -10618.55371 9949.329102
6871.956055 -11187.9248 6910.89209
6887.568848 -10430.90234 9095.275391
7973.793945 -11307.91016 8874.84375
6839.279785 -14330.11523 7070.263672
7145.97168 -9659.974609 12198.76855
6657.969238 -11326.28516 6945.822754
6150.216797 -9473.462891 10655.35547
7364.675781 -8758.820313 11002.22363
6424.145996 -13757.20117 7961.123047
6412.803711 -10191.55664 8108.230469
7395.150391 -13212.17969 7447.847168
6339.965332 -11442.25098 11496.60938
6973.328125 -12036.75098 9245.991211
5960.749023 -10360.9541 9634.603516
6965.20166 -9997.061523 11643.05957
5753.246582 -10104.5752 10509.91602
6803.238281 -11279.14941 9893.023438
6775.421875 -10386.48926 10760.36914
6634.606445 -11999.625 7420.569336
8259.445313 -10296.04199 10207.76563
7897.275879 -14242.48633 6781.894043
5960.895508 -12873.08887 9213.803711
8329.128906 -14348.82617 8454.030273
7436.328125 -12694.63574 8931.854492
6832.614746 -12804.93066 12010.5791
6385.626465 -11391.29102 11800.23535
7514.893066 -15562.97461 8033.122559
7116.794434 -14079.90332 7883.614746
6784.381836 -14553.97656 8019.094238
6390.92627 -10946.53613 7832.702637
6611.740723 -10362.37305 11373.0498
6113.481445 -15502.5332 9660.260742
6569.369141 -10156.55469 6358.27832
7185.097656 -14531.27441 10186.53906
7102.503906 -10631.73047 11603.21484
7486.399414 -9618.003906 9522.03418
6106.906738 -9618.830078 9194.792969
6811.936523 -9335.795898 10384.24219
7659.029785 -10281.43555 12167.56543
7945.128418 -11926.91797 5806.387207
6437.436523 -15001.07324 8306.660156
6716.759277 -11716.40918 11112.84766
6252.692383 -14258.47461 8086.237305
6058.294922 -11155.16602 9362.69043
6943.208008 -12688.68359 7294.164551
7093.555176 -9211.235352 11923.31445
6286.051758 -12170.82227 9751.594727
7784.936523 -14225.82129 7339.354492
8433.351563 -11506.20703 7431.509277
7354.121094 -11586.21973 6880.516113
6572.897461 -11898.53613 7307.32666
6754.748535 -10503.56934 11092.41211
7123.692383 -10744.54297 8606.4375
6457.471191 -11577.76855 9230.571289
6846.062012 -11282.9668 7180.8125
6213.688965 -13877.67578 8710.249023
6374.054199 -13714.00586 10162.44043
6489.148438 -14430.16406 9750.822266
7113.955566 -13592.79297 10451.27148
7670.333496 -10278.25781 9273.84668
6982.181641 -13938.11035 9512.101563
7824.282227 -10625.52148 10082.48926
6439.795898 -10518.35254 11410.87598
7883.750488 -11120.32031 8850.172852
6735.681152 -12740.39648 8970.083984
7381.224609 -11746.56055 9360.300781
6034.121094 -13420.28027 9332.204102
8011.217773 -11751.54102 12103.9834
6062.587402 -10768.30176 9531.112305
6395.02002 -12873.32129 7483.755371
6551.530273 -11884.38965 7523.915527
7299.620117 -13963.27734 9392.15625
7578.305176 -9912.064453 9441.751953
6714.518555 -10178.3252 7459.572754
6062.47168 -11692.23438 9689.798828
7882.949707 -11086.85156 7961.060059
7149.600586 -13896.68066 7689.367188
6788.769531 -15454.10352 8398.448242
6010.040039 -8665.273438 9912.462891
7506.350586 -12790.10352 8334.461914
7966.470703 -14740.79785 6406.185059
6222.031738 -9675.834961 10303.50391
5961.397949 -12486.81934 10764.48828
6168.111816 -10432.28711 7475.503418
6754.586426 -9812.746094 7057.415039
6883.989258 -12750.56738 7659.946289
6793.896973 -10928.68164 6747.570801
7290.146973 -11575.68652 11281.91016
6733.15332 -12733.43555 8089.477051
7728.962402 -11417.11133 10022.82617
7440.19873 -10913.99316 8732.652344
6769.603516 -11225.88965 7505.241211
6516.585938 -10868.20313 11661.35547
6691.686035 -10556.62305 6546.243164
6385.962891 -10372.39551 8203.171875
7377.771973 -13793.40625 9404.681641
5957.269043 -8595.219727 8981.771484
6685.526855 -12174.19727 10845.49805
7409.625488 -13207.05078 7139.62207
6631.12793 -13037.91016 7153.20752
7367.191895 -12854.62305 12482.45898
7321.041992 -11422.24316 7025.415527
5871.271484 -10476.6582 9006.792969
8613.40918 -14015.35156 7253.197754
7128.055176 -13701.38672 8004.48584
7513.787598 -14276.31641 6534.532715
6530.670898 -12751.81348 8195.541992
6447.836914 -10663.31348 8093.064941
6448.857422 -13143.86621 8636.915039
5712.200195 -10556.14648 8838.455078
9069.316406 -11852.43652 7132.947754
6630.480469 -11731.93555 7695.475098
6719.992188 -13473.73438 10300.97168
8333.935547 -11292.06055 11334.4834
6648.124512 -11428.08008 12005.37109
6789.681152 -9500.894531 11031.80566
6736.382324 -14306.43555 7833.270996
7138.399902 -11900.81836 9972.146484
8758.582031 -12386.38477 6972.57959
7052.516113 -12251.49219 8517.494141
6068.030273 -12942.25879 8563.574219
6112.360352 -12562.77051 7833.788086
6309.728027 -10711.64551 9638.578125
7508.551758 -10671.75195 12207.78516
6134.739258 -9202.847656 8087.414551
6503.333008 -11903.91895 7833.818359
7241.418457 -12039.79199 8081.628418
7754.28125 -11068.52051 10377.53711
6693.523438 -11740.59082 6900.940918
6625.89209 -12804.30176 8413.227539
6410.713867 -12321.72754 8545.37207
7636.518066 -11437.82422 8274.100586
6682.696289 -9144.749023 9008.746094
6215.131348 -14736.17969 8721.217773
7213.04248 -10700.60449 6672.23584
7486.883301 -10399.85059 10188.91992
6676.915527 -13725.17676 8491.760742
6650.496094 -10308.72656 7842.531738
6182.858398 -9397.798828 7181.915039
7353.143555 -10270.91992 8271.402344
6949.722656 -13143.67188 7942.826172
6997.97998 -10875.94336 12683.43262
6418.992676 -13411.5752 9886.495117
6847.995605 -10741.82324 12425.38379
7624.222168 -11602.61816 7792.865234
7736.797852 -11767.10645 12336.17285
6257.330566 -12558.48047 7693.149902
6965.253418 -11694.44336 6404.836914
6920.230957 -13892.84766 10174.34961
5693.485352 -9528.416992 8610.109375
6593.22168 -13947.8457 7627.566406
7190.809082 -14198.99414 8006.64502
7438.622559 -9407.753906 12699.49316
8273.832031 -12070.59863 8363.77832
6250.642578 -9615.960938 11132.33691
6493.121582 -10294.49023 7555.87207
7079.345215 -12457.8252 8389.787109
6850.816406 -10610.47559 7265.058105
6810.341797 -13290.98242 8862.297852
7313.552246 -10607.06152 9783.460938
7050.805176 -10596.58887 10479.22852
6009.388672 -9177.94043 7536.922363
6479.100586 -13628.28711 8853.483398
7194.453125 -10462.04688 7149.021484
7685.914551 -9753.387695 9517.767578
6996.389648 -11522.6543 10737.68945
7497.966309 -13250.73047 7557.616699
6993.417969 -12133.0166 7323.399902
6668.509766 -13164.37207 9380.954102
6011.883301 -11648.48242 8155.902344
8408.879883 -13179.85938 5881.889648
8251.699219 -12532.55566 10507.27637
6173.373535 -13071.82324 8998.835938
7737.597656 -9611.609375 10283.06738
7410.974121 -13460.5166 12254.02246
6243.66748 -15300.50977 10112.86133
6697.475098 -12280.44336 8014.020996
6415.49707 -11872.1377 7659.967285
6534.529297 -11575.83496 11886.4541
6988.110352 -15262.00391 7223.946777
8293.107422 -12086.15723 9860.358398
7596.846191 -11877.80859 8479.927734
5864.732422 -9915.984375 9812.294922
6977.824707 -11482.54883 6584.510254
6577.143066 -12481.30859 9084.954102
7289.671875 -14697.12012 8495.443359
6838.516113 -9902.902344 12184.43848
7582.264648 -13572.80078 7233.834473
6226.517578 -12450.0752 8541.050781
7282.771484 -12495.9375 7700.653809
7030.28125 -12369.91602 6399.705078
7494.02002 -10400.49316 12205.58887
7087.148438 -11714.27832 7552.681641
6354.661133 -9716.152344 11403.23047
7310.400879 -12263.22949 7064.980469
6979.595703 -11606.91504 8572.640625
7544.56543 -11344.23828 7745.767578
5898.88916 -10357.10938 8939.316406
8583.112305 -12733.78125 8712.24707
6139.223633 -9659.367188 7042.707031
5817.71875 -8504.823242 9515.496094
6391.257324 -12180.17578 8161.660645
7265.399414 -14398.3291 8678.095703
7022.09082 -12650.33008 8728.894531
6596.834961 -15043.69922 8661.47168
6923.208984 -13978.76074 8981.201172
7193.641602 -10688.44727 8588.303711
7389.793457 -10592.33105 6454.993652
6370.314453 -9850.868164 9137.705078
6318.416016 -14486.7168 8416.873047
6308.689453 -12962.09082 7731.040039
7571.391602 -12434.61914 8831.720703
6337.171387 -14737.59473 7995.741211
7175.763672 -11599.7627 7621.704102
6338.050781 -14307.85742 9289.694336
6546.790527 -12201.22363 9204.19043
6626.758301 -9926.342773 12299.00781
7701.197754 -12371.10059 7365.652344
7909.137207 -14372.56348 9031.111328
5948.543457 -10384.12988 9753.767578
8027.387695 -10551.62891 6442.519043
6931.14502 -10682.125 12293.35156
7168.063965 -10616.58691 12135.64648
7195.40918 -12202.63574 7054.34375
6020.304688 -14002.63086 9415.123047
6675.128906 -10483.87793 9063.505859
7294.549805 -10593.94434 11793.11523
7203.945801 -14163.3916 9715.530273
8128.933105 -12563.40039 7119.250488
6949.822754 -12699.90918 7673.253418
8243.248047 -11960.5166 6809.67334
7669.863281 -13739.91699 7251.272461
6980.209473 -11403.66504 11137.45215
6721.933594 -10640.30762 6533.92334
6932.673828 -10608.89453 7379.23584
6654.287598 -14531.96191 9044.311523
6384.018555 -9975.432617 9280.635742
8441.004883 -11071.30664 6329.40918
6563.450684 -13286.31543 8378.608398
6642.449219 -11487.11035 7668.953125
6515.928223 -10479.63477 6558.8125
7335.324219 -13115.67676 6708.770996
7404.520508 -12394.95605 7111.332031
7596.299316 -9486.924805 12408.3291
8322.824219 -12027.73242 8055.958008
7315.783203 -9551.508789 9637.807617
8081.865723 -11096.70605 5666.198242
7529.922852 -10189.91602 9245.555664
6275.241699 -10618.53711 11131.61719
6182.579102 -13245.65625 9141.582031
6568.074219 -12805.64648 8621.616211
6900.498535 -10135.16504 7232.078125
5903.523438 -11788.83789 9860.220703
7247.964844 -13171.57031 6804.513672
6922.276855 -11211.94336 10401.05859
6800.671387 -12355.50098 7476.9375
6003.636719 -13545.30176 9908.899414
6440.618164 -13144.92871 7502.14502
7385.159668 -13139.89258 9053.988281
6492.013672 -11843.44336 9333.726563
6940.582031 -11100.0625 12591.47949
7962.635742 -11096.03223 6015.891113
6915.140625 -13690.8584 10302.53809
5997.230469 -10986.99023 10558.85938
7467.280762 -14495.90918 6720.562988
6315.966309 -10985.1084 7851.945313
5773.461426 -9704.496094 9450.047852
6934.858398 -11798.43066 11096.90527
6841.302246 -11983.54297 7570.608887
5816.648438 -9205.024414 7364.384766
6397.493652 -10897.38086 7185.873047
6536.963379 -12900.77539 8446.647461
6879.28418 -13259.7168 8149.955566
6621.70166 -13296.21777 11190.76172
7904.362305 -12169.33301 5881.039063
6194.18457 -12439.16602 9675.118164
6117.564453 -12257.89453 8267.4375
7389.368164 -13294.00977 8045.462891
7212.140625 -13730.31641 7195.983398
6552.908203 -11403.65918 8831.473633
6161.817871 -12182.27246 10767.23926
7669.489746 -10537.08984 8395.125977
7137.854492 -10495.03418 9974.307617
7026.747559 -10638.0459 9767.15918
7046.423828 -9908.830078 10615.58398
7789.999512 -12390.56152 10627.88379
7408.160645 -9593.712891 7394.918457
7102.910645 -12633.49707 7321.598145
8303.489258 -12630.68652 12022.71289
7252.290039 -12664.36621 7823.855469
7069.812012 -9729.177734 11140.57715
6419.907227 -14947.31348 10117.93457
6512.185059 -13066.08594 7804.068359
7053.875 -13352.51953 8450.097656
6287.350586 -11582.95508 7933.036133
6121.574219 -13106.00098 8436.491211
8862.119141 -9755.076172 8535.699219
7633.742676 -11841.17773 6299.516602
