7477.116211 -11862.30566 6616.353027
6306.92334 -7004.983887 10566.67871
7390.845703 -16190.24121 11884.82324
7598.549316 -10146.87402 8169.433594
11832.03711 -11801.52734 12257.3418
7475.890137 -13807.41406 11811.51367
9937.063477 -13641.55664 8059.860352
11599.01367 -7553.024902 9064.426758
7204.285156 -12164.46191 9051.447266
8434.246094 -9726.40625 11798.9834
6517.220703 -13911.45898 8694.219727
7762.396973 -16546.33203 9343.198242
9750.141602 -11747.52832 10456.66504
13429.27344 -11218.96777 10589.98535
6961.205566 -8434.626953 10600.08301
9035.837891 -11638.53809 13032.2334
7812.764648 -9356.796875 10792.9082
8921.049805 -11112.39063 6155.434082
9874.424805 -11552.99902 10934.02051
11223.20508 -9556.150391 8255.830078
8587.161133 -8179.323242 11281.49219
10319.7207 -8281.762695 7088.303223
7126.098633 -6708.653809 11860.75488
7706.495117 -13360.68164 7570.29834
7419.418457 -8673.272461 10678.83789
10925.00586 -9412.633789 10925.48047
6745.621094 -13206.42871 10748.49609
9674.567383 -9488.918945 12946.21387
8448.782227 -8095.849121 11632.51172
10221.84082 -10433.14844 12840.59961
10367.19141 -11301.84668 11214.77637
8049.450195 -7354.536621 9212.785156
6844.13916 -9213.107422 10664.3125
7113.391113 -10900.7041 10589.05859
10264.94238 -7842.297363 10850.38672
8189.024414 -6861.982422 9613.994141
8894.772461 -7335.164551 10082.6416
6697.651855 -10180.45117 10587.33984
6614.387207 -10498.15234 11413.70117
8731.84082 -10638.86816 8984.988281
8093.236328 -14591.12988 7882.631348
8000.393555 -11647.05664 11498.46191
10461.38672 -8881.266602 11500.27051
6966.348145 -10337.68945 8512.595703
7495.594238 -13811.40137 8579.177734
9332.470703 -7719.98877 11433.27637
6965.694824 -11480.80078 9867.231445
10867.71973 -9708.753906 9492.40625
10685.83008 -12438.24219 10376.57227
7797.542969 -16489.13477 9127.003906
9836.310547 -7673.968262 10936.41211
7777.896973 -9179.78125 7646.782227
7748.194336 -13513.80957 7595.516113
7480.233887 -7033.077148 12615.49414
8269.068359 -8520.554688 10427.20996
8013.651367 -15278.41602 11885.94531
8423.782227 -13733.4541 8939.97168
7115.97168 -14034.17773 11519.01465
7805.616699 -7214.890137 8564.399414
9262.669922 -15634.19043 10080.60742
11764.25293 -14316.30762 11024.9502
10804.49707 -12846.49707 12289.04492
9392.206055 -15745.04102 11592.1875
11132.77344 -12367.37207 10035.74805
8635.324219 -16547.56055 11629.61914
6757.600586 -14793.58008 7299.148438
7010.983887 -12272.11914 6837.506348
7412.452148 -12455.2002 8376.083008
6464.57666 -11629.9873 7382.382324
7028.34082 -15068.41895 8924.381836
7609.963867 -11938.4541 5833.996582
6720.075195 -12603.83887 6783.901855
7982.783691 -13218.44043 6597.021973
6731.872559 -11716.54785 12048.64063
6326.057129 -15279.56055 9307.34375
6401.255859 -15770.80762 9039.489258
6774.310547 -11349.37207 9468.279297
6670.179199 -8911.515625 7192.668945
5949.590332 -11563.59961 8796.402344
7244.703613 -10858.72754 12729.98047
7301.788574 -14257.62012 8799.896484
5925.578125 -11386.25781 9378.15918
6208.758301 -13595.42871 8533.349609
6060.849121 -12597.68555 8501.003906
7225.731934 -14760.09766 9006.954102
6454.391113 -12158.09473 8537.936523
7215.20459 -10300.2959 11804.20703
7559.215332 -14465.81152 7073.950684
6586.363281 -12484.77051 7864.547363
7333.368164 -11130.29395 10885.95605
6606.091309 -10817 11634.31934
7540.730957 -10957.28613 13385.37793
7035.132813 -13643.62598 9217.553711
