9795.90918 -9065.383789 12758.4082
8131.413574 -10127.71875 9186.43457
9860.118164 -13530.36426 9895.073242
9087.974609 -6672.063477 8358.317383
10463.05762 -8944.079102 10451.19238
12666.74707 -8654.869141 11255.96191
7695.509766 -16579.87109 10512.50586
8428.580078 -12349.22852 11600.54492
10425.89941 -15320.35449 9433.867188
11156.9834 -11773.13477 7687.881348
9170.163086 -14149.24707 7282.427246
11441.99512 -12733.12988 8683.824219
8347.907227 -11929.98145 13245.66211
7491.240723 -7259.521973 7671.411621
8535.770508 -8693.890625 9360.583984
8557.896484 -8423.899414 9180.635742
9510.792969 -14914.03711 11450.95996
7174.444824 -15515.8623 9481.716797
8862.75 -12985.7041 12270.08691
7348.476074 -12951.04395 8718.147461
8140.42334 -13101.93164 10617.46484
8837.541992 -11949.93848 7118.282715
9349.814453 -15638.16309 11312.73535
10435.41895 -14613.78516 10841.03516
11115.30566 -13944.625 11658.07617
10246.37012 -7933.200195 7949.415527
9325.326172 -7979.608887 9424.547852
9153.603516 -11498.00391 8291.827148
11309.8877 -11042.61328 13307.58398
8175.85791 -13015.33789 8816.132813
8038.280762 -15972.4502 10148.39648
6905.078125 -13342.75391 11415.93164
10939.04199 -8929.108398 9565.570313
10396.40723 -11197.26367 9043.317383
11459.8916 -10879.11523 13037.19434
7709.022461 -11868.44629 10212.58105
10490.33887 -9726.063477 12714.9668
8152.963867 -8052.000977 11747.34863
11854.70898 -10448.60254 12340.35156
13271.5918 -11144.41113 11088.91992
10007.09473 -13583.86816 7628.041504
9613.901367 -9965.881836 10794.15039
7955.359375 -14024.03809 7913.726563
7566.15332 -7381.972168 10986.12988
10637.13379 -15868.23535 8011.030762
7331.160645 -7885.92041 9071.521484
7360.664063 -7846.959473 9232.356445
10654.61914 -8948.118164 7084.866211
11832.8418 -11182.5918 10144.49609
7968.911133 -8590.952148 10442.35449
9392.44043 -7918.900391 6976.567871
8716.652344 -16350.26758 9477.443359
10499.36426 -11884.7998 6951.700684
9356.855469 -13937.97266 11126.17676
9499.90332 -13121.22754 6860.94043
8083.394043 -6891.034668 12085.53027
11450.62598 -13144.5166 10096.16016
10095.59961 -7573.10791 10790.75488
10031.71289 -16096.20215 8743.660156
10321.95215 -6656.126465 9075.394531
10721.71387 -13939.29688 11573.47266
10055.3584 -12090.23633 11882.54492
11216.85254 -11064.28516 13511.43066
10532.81738 -8439.601563 10780.30176
8894.186523 -8027.171387 12011.63672
7801.343262 -8252.40625 12914.27734
9942.930664 -15064.61816 8935.322266
10216.00098 -9844.667969 9131.257813
11152.28418 -12976.20898 8808.829102
9739.558594 -14524.81641 9900.573242
9695.28418 -12545.78809 10252.27539
9345.518555 -8646.945313 10708.42871
9735.90918 -7373.083984 10215.79883
10715.86328 -14522.5918 8107.019531
11288.44434 -13604.48633 11124.54199
8633.072266 -16401.72266 11408.16602
9452.59082 -15672.51465 9615.162109
7220.980469 -10418.6875 7026.671387
8003.280762 -13912.41797 12008.64355
10615.84668 -8280.697266 12108.78125
11252.49805 -10579.80469 12853.01758
7592.162598 -12607.34668 10702.26367
10498.45117 -11105.11523 11595.34961
9964.976563 -8198.886719 11501.96973
9611.984375 -14237.62793 7997.334473
6046.545898 -11663.81055 7683.330078
10657.11719 -7375.27002 10821.98438
10222.7666 -8683.069336 12449.72754
9661.512695 -10702.03223 13314.45605
10370.15039 -12459.32227 8424.400391
10538.48535 -9687.459961 10662.79102
8584.388672 -14391.91406 11278.4502
8286.772461 -11464.81152 10582.81641
8703.998047 -11001.32324 10019.01563
11085.24609 -7956.27002 11774.2666
12267.75781 -13713.31152 8625.736328
10282.9541 -10065.0752 12342.96387
7125.606445 -12825.5957 7106.378418
8325.774414 -10099.67871 11784.01172
10254.65332 -8739.957031 11126.78809
7821.780273 -8238.818359 10322.10645
10797.0918 -11326.2002 10463.53027
12060.42773 -12137.47266 8956.694336
7451.194336 -13045.125 10978.94434
10931.72168 -11842.77148 12909.73242
11349.00586 -8662.228516 10911.55664
9132.263672 -10800.22168 10695.70605
8073.399902 -16166.80078 9626.060547
9483.294922 -12456.19922 13011.66504
10238.25684 -13823.35938 7797.398438
10055.14453 -10688.33008 12349.51074
11855.09473 -10607.0166 10276.93262
9399.128906 -10190.20508 12106.7998
9628.094727 -8942.772461 7538.900391
8135.487793 -11809.1084 13159.44922
8657.486328 -8777.708984 8877.264648
7434.859863 -8101.480469 6908.72998
11271.23047 -11346.66504 12172.16992
7321.495605 -11912.47266 12296.38965
7419.035645 -8206.536133 7731.753906
12958.59668 -11307.70313 10954.16211
8298.852539 -10281.0498 9867.916992
8339.105469 -8816.05957 9739.951172
8302.746094 -8845.130859 8186.222168
9319.606445 -10895.45898 13480.78906
8701.898438 -9996.693359 9804.819336
10426.80762 -10890.89844 10302.37988
7665.200195 -8480.455078 5835.969727
9568.114258 -11973.74121 12059.31738
8950.288086 -13050.21875 6939.053223
9338.109375 -13974.56348 10580.83984
7842 -10907.94043 10789.12695
7056.700195 -9369.402344 12341.57324
7311.890137 -7023.829102 10828.13379
6914.848633 -14831.25586 9002.867188
7060.86084 -8278.306641 10946.91699
11230.44629 -11346.26953 12863.39551
10836.73145 -11969.90625 9336.295898
8557.929688 -15524.84863 8288.347656
11834.40137 -9781.105469 8121.244629
12156.36133 -14218.0127 9282.488281
11941.27051 -11700.99805 11855.16113
11112.31836 -11185.49805 11206.30078
11104.04395 -14801.60938 11943.24121
9369.103516 -8133.460938 6486.553223
9328.224609 -14018.84473 10995.98145
9721.378906 -6946.394043 7403.770996
11021.22754 -14331.20508 10111.02246
8670.239258 -15384.58691 8036.666992
10731.1748 -14501.99512 12367.07324
9029.763672 -9265.088867 13161.00488
10619.11035 -10708.59863 13103.08691
11462.69043 -14910.2959 11656.58984
10614.56738 -9966.246094 10067.88477
11108.00586 -7748.109375 9046.84668
9255.301758 -7197.273438 9988.351563
7530.331543 -9187.259766 11078.38574
8440.993164 -8213.951172 6578.279297
8617.480469 -9831.128906 11327.01855
12127.9082 -9092.394531 9564.873047
6298.664063 -7011.63916 8733.447266
9519.428711 -11246.17188 13135.96875
8904.046875 -13009.84863 11780.78027
9917.858398 -15283.70605 11061.02637
10745.44434 -12585.69238 10487.76855
7980.239258 -12633.43457 9618.441406
6644.900879 -8382.59082 6334.682617
10836.62012 -14842.33496 10202.9707
9714.523438 -13796.69336 7631.984863
8945.392578 -8177.515137 9525.416016
6477.118652 -7997.833496 8671.735352
10347.04199 -17880.04102 8431.655273
13433.90918 -11975.64258 11230.63477
8818.897461 -13899.41113 11081.08984
8344.376953 -10475.05371 8549.599609
9188.973633 -9182.676758 12074.75391
8860.823242 -16110.93555 7775.755859
9186.780273 -11510.48242 10507.66504
9678.073242 -14442.24023 10278.91016
12060.59473 -13100.67285 9294.487305
8729.331055 -15621.14551 11268.46289
7898.05957 -14641.58691 11074.84766
8693.133789 -12316.22754 6719.039551
7891.988281 -16454.38086 9458.661133
10815.375 -12250.33887 10575.66211
6100.436035 -8796.43457 7568.211426
12117.84668 -13751.5752 10137.85156
8900.625977 -13038.16504 6679.608398
7558.250488 -9856.503906 12562.59863
7586.093262 -15354.19531 10989.49512
11922.32617 -7968.855469 9737.714844
8581.554688 -12161.31836 10610.30859
11760.94238 -8028.367676 10589.39551
11087.98633 -9543.743164 8387.925781
8768.279297 -6845.300781 9264.763672
6953.402832 -14680.55273 10737.48438
9384.631836 -14855.71191 8036.776855
9621.458984 -9789.486328 13067.58398
12633.84082 -10673.59082 11249.11719
7425.176758 -7862.558594 7210.444824
10468.59277 -8775.238281 10373.63672
10366.78223 -9004.9375 9535.885742
11060.6875 -11554.18066 12831.76172
11417.19531 -12352.61328 12041.27832
9667.861328 -8021.578125 11167.58887
11384.76172 -13560.40918 11942.9541
12057.32813 -11465.9082 12820.07617
8387.62793 -8077.479492 9813.107422
10086.32324 -9455.702148 11643.68066
12069.71484 -11752.04785 9967.201172
9078.852539 -8921.842773 10321.6416
8890.489258 -14254.50488 7482.157227
9801.835938 -8771.640625 12021.70508
11371.43555 -13064.39746 9403.978516
9639.145508 -13014.16797 6942.602051
8770.229492 -7967.148926 10364.64063
11985.29883 -14623.25195 11823.36621
8636.713867 -8179.547852 11793.7334
9182.019531 -7497.618164 10842.4834
9030.291016 -14021.80566 9930.544922
10002.45117 -11055.93262 12697.61523
10987.39453 -10789.35938 9550.422852
11047.75 -8682.738281 10955.9873
10068.16992 -12141.39453 8224.40625
9246.202148 -10545.12109 11940.80762
7494.447754 -7624.290039 8544.483398
10162.74805 -12545.47266 7388.619629
11343.61133 -7206.192871 9771.205078
13610.45313 -11182.54395 10777.10547
11693.50586 -9861.970703 11998.71289
10379.03613 -9186.303711 10588.81348
8212.157227 -8087.706543 8690.369141
7537.260742 -14400.92773 11676.63086
8233.017578 -10044.4502 9849.019531
8184.303711 -9031.15332 10171.99707
8307.600586 -10303.38379 12460.53125
9336.810547 -12055.18457 11312.87402
13115.14844 -11498.66113 12035.92383
10159.44629 -13248.72168 10775.02637
9606.819336 -8308.995117 11695.43262
8725.723633 -11352.61035 10892.63672
7400.931152 -7930.424316 8148.432617
8553.501953 -15397.58105 9392.490234
8613.803711 -9909.962891 12809.70313
9055.967773 -10097.79395 10315.91602
10462.09863 -13306.26855 9774.955078
9998.21875 -11314.64063 11856.52148
10326.89551 -7999.707031 10867.82422
12800.3457 -12404.34473 11811.37793
9355 -17216.84375 8969.495117
10567.36621 -14992.70996 8200.131836
8034.220703 -9785.863281 7427.95459
10483.62305 -14403.54199 12187.17676
7017.859863 -7892.053223 7667.904785
10252.70605 -14215.0459 10131.04102
7056.793945 -14521.52832 8804.74707
9194.890625 -12726.78906 9537.43457
11415.23047 -8863.074219 11433.69824
10210.72168 -11400.44727 9361.942383
11034.39844 -11166.63184 11002.18359
6559.479492 -7331.478516 9710.224609
9033.389648 -7639.091797 10827.13281
11189.44824 -9464.322266 8695.201172
9018.499023 -8761.94043 9117.12793
10756.30371 -10176.49512 10574.99316
8884.964844 -11265.1748 9698.901367
11261.17676 -9265.751953 11335.75781
11903.11035 -15421.22754 7721.374512
11737.81152 -9295.833984 12622.35547
10757.00098 -11150.72754 10771.42676
12716.31348 -8910.620117 10313.07617
8262.31543 -10283.95996 13057.14551
10377.4668 -16837.73633 8884.405273
10321.93945 -16349.58496 9177.764648
10798.18066 -9412.205078 11354.23535
11321.10254 -10572.55371 11117.83887
7960.594727 -8119.074219 10175.38281
5994.991699 -9822.685547 9942.196289
9602.186523 -14545.95605 8705.980469
11987.90137 -13814.93848 9205.948242
10276.38379 -15706.05078 8034.76123
9039.964844 -12683.79785 13025.19043
9512.964844 -12972.94922 8206.976563
8973.791992 -8877.569336 8300.511719
7816.443848 -15386.51172 10141.91504
6978.393066 -7103.859863 9961.568359
9033.637695 -14713.59961 8794.438477
8620.439453 -8104.777832 12682.07227
10244.29785 -8710.873047 11369.33496
11447.32324 -10505.04688 11958.82227
11364.67676 -13300.63281 9791.211914
10764.28516 -8636.262695 9288.959961
7026.133789 -12769.62598 8472.318359
9304.120117 -14095.20898 10817.72363
11535.11426 -15804.80176 10963.36621
7953.019531 -12265.34277 8773.082031
6988.031738 -7360.159668 7821.700684
9815.046875 -8428.654297 12588.10449
12384.42969 -12993.45605 9903.209961
7311.672852 -13536.29688 10195.75098
9479.235352 -6934.084961 8559.236328
7367.947754 -15150.24316 11408.40918
9994.624023 -12461.42676 5792.229004
10272.73633 -14558.59473 11102.15918
10482.42676 -8155.953125 9378.271484
7600.200684 -7133.443848 8750.505859
7285.750488 -10649.99805 6271.118164
10244.23145 -11459.78906 11722.69043
10595.82324 -8331.556641 10345.68848
10467.32031 -12081.94336 11689.31836
11146.14746 -10872.39551 9483.935547
12610.53711 -8186.885254 9767.301758
10930.28027 -11849.09473 8285.040039
13294.28613 -10368.9502 11081.21387
10355.86133 -15151.30957 12139.54004
11901.85352 -9017.21582 9205.56543
10798.49316 -12111.60254 9106.869141
12915.7168 -9325.271484 11614.68457
7928.980469 -10019.24414 8014.603027
12911.74805 -11905.44629 12196.5625
11841.4043 -8031.942383 9935.720703
9510.522461 -12407.92969 11147.07715
8769.193359 -13374.87402 11617.84766
8845.676758 -13259.95313 9797.875977
9676.34082 -14805.99707 11993.26465
11390.71289 -10704.88672 11240.06348
9234.233398 -7341.818848 7192.548828
10915.65234 -12897.68945 10423.62012
12099.52637 -15760.3252 8070.314453
11297.5957 -11040.25195 13182.10742
11243.12695 -8478.770508 9065.433594
9272.301758 -9159.583008 8605.720703
8659.744141 -7774.799805 10271.77539
10899.97461 -10196.71973 11895.96094
7785.108887 -16323.70508 11426.96875
10989.90918 -9844.442383 11611.58984
10807.60156 -10506.41797 12140.5625
10733.37891 -11839.43164 11042.3916
8548.229492 -7293.936035 8803.679688
8369.323242 -14059.28906 8794.603516
9509.59082 -8679.119141 10387.8457
10040.49902 -8772.237305 11274.9541
9871.478516 -15445.30957 11643.38672
8092.035156 -12858.46191 11722.00879
10356.46484 -11942.33008 10966.29199
8071.229004 -13404.84766 8826.540039
9226.860352 -6978.656738 8844.819336
10897.4043 -9308.980469 8641.756836
10706.59473 -8090.212891 6843.423828
11967.16504 -13548.19141 10164.19629
11423.50879 -12291.30078 8839.419922
9242.945313 -13796.05176 10878.79492
7702.905762 -7056.181641 12845.77637
10159.14551 -9768.123047 7684.285645
8086.758789 -10204.55957 11353.80371
7283.928223 -16456.44141 10435.95605
9168.162109 -11616.61719 6946.023926
9434.924805 -12508.01563 11443.26953
9787.692383 -9655.501953 10518.87207
6899.227539 -8943.738281 8792.364258
10974.10449 -12594.16309 6624.26123
9136.645508 -7504.992676 10719.08984
9988.671875 -9307.522461 11365.43262
9209.506836 -14311.7168 9385.119141
11125.36914 -9666.129883 10202.04297
9990.00293 -14095.13965 12660.33496
12481.18262 -11481.68945 11380.66211
9593.96582 -12259.59277 6534.43457
10614.21387 -12357.18555 12088.36426
7565.481934 -8500.212891 9815.722656
10021.58008 -8816.446289 12339.38379
6132.558594 -11032.84961 10842.47656
9068.439453 -10015.00293 8510.757813
10946.17285 -11396.13965 12037.66016
9446.783203 -7486.620117 6442.272949
7390.475586 -14112.54883 7849.702637
11684.03711 -8675.958984 10764.20801
10457.25586 -14287.65625 11447.14063
8609.017578 -6884.427734 11929.78418
11989.49902 -10065.48535 10425.33301
13409.79004 -11725.1709 10728.93848
9604.59082 -12677.21484 6331.720215
10160.03711 -8074.025879 10147.5791
11365.76074 -6950.886719 10189.71777
9786.430664 -12484.62598 10311.81152
11128.20605 -15024.98926 11595.83398
10000.98047 -7940.26123 9043.270508
10264.3418 -10298.63965 13082.90918
10717.92578 -16234.5957 11453.42969
11495.74805 -14145.07031 8505.243164
8590.40625 -12510.6084 11947.60938
10621.7998 -12123.47656 12936.14844
8212.55957 -15179.02539 10085.58203
8963.323242 -17846.35742 11261.69922
11072.28418 -13264.75879 10148.75586
8676.291992 -12802.74023 10974.60449
9154.399414 -10058.69922 10443.07715
9776.771484 -12315.33301 6069.120605
12578.02148 -11261.19336 11939.58691
8117.956055 -7915.103027 8047.135742
6805.753906 -8891.532227 7956.229492
8950.473633 -12385.31738 10610.61816
12586.48047 -13429.98828 8139.713379
10498.38379 -7009.109375 10555.1543
9986.791016 -12362.79688 10493.13379
10818.80664 -11304.76172 9452.728516
10321.06738 -14173.96387 12478.4668
9964.233398 -10262.76465 10948.73828
8057.495605 -11650.25 8158.900391
9773.305664 -10090.64258 10827.55566
11086.31836 -10504.34375 11212.94336
7270.086914 -14798.75195 8069.765137
7693.633789 -10640.81934 7797.409668
9415.777344 -7627.344238 7187.147949
9406.490234 -12340.27637 7311.42334
9139.0625 -12884.78125 7413.65918
9452.689453 -11238.1416 8745.271484
10976.58789 -10615.62695 11286.43652
9794.124023 -13541.24609 6987.341309
11637.79004 -13013.22363 8637.222656
9673.708984 -15317.6582 9889.578125
10578.41016 -11285.0332 12981.01465
10449.88086 -12419.86035 13043.90332
9318.12207 -12439.18066 12552.02539
10758.38965 -14523.48926 9980.963867
9298.825195 -10573.25879 10422.27344
10513.42188 -12586.96289 11715.16113
10058.92188 -10692.83887 13035.39453
9574.308594 -6603.210938 8584.12793
8618.355469 -13264.99902 8855.412109
6734.527344 -10894.76172 9731.710938
9580.477539 -8114.297363 10218.49219
11081.12305 -14884.24609 8020.73877
6054.337402 -7916.040039 9036.079102
11508.34473 -8715.081055 9489.737305
8087.056152 -7030.405762 8487.817383
8528.029297 -8328.563477 6751.910645
9496.21582 -6875.160156 9599.15918
8362.317383 -13611.36816 7564.881836
9088.583984 -10111.96191 9896.300781
8565.428711 -13230.94141 12245.66211
8712.411133 -12876.5166 11216.05957
12746.37988 -8825.629883 10554.93066
9875.362305 -11036.92773 10330.66895
7419.367676 -7425.216309 9908.589844
12368.0957 -13284.72656 9996.379883
9022.746094 -14940.29199 10320.13086
6188.081055 -7223.182617 9074.509766
9385.142578 -11017.19141 8670.092773
10184.09668 -13720.64258 9588.65918
10022.90527 -14402.41406 9134.62793
6824.11377 -10879.93945 6898.928711
8422.637695 -11551.40234 8404.567383
10308.35449 -13584.68945 11201.4043
8505.928711 -14529.83789 7974.305664
8128.471191 -12079.00391 12762.78223
9522.03125 -9443.18457 8938.681641
10305.52637 -11291.73242 8971.90332
8260.65625 -8914.167969 13400.99219
12867.21973 -9687.800781 11553.20703
10064.69238 -10711.84375 12804.70313
7518.61377 -8191.581543 12200.58496
8381.207031 -16215.74121 9373.972656
9392.038086 -14502.19727 7152.36084
12911.11426 -8622.689453 8208.306641
13581.25391 -11802.72559 10498.2334
8844.260742 -14416.56836 12492.94238
9104.982422 -14984.44434 12269.14844
10026.8623 -7070.985352 11711.02344
13969.94336 -12432.85938 11156.68555
10255.02246 -15253.625 7823.180176
12864.68262 -14086.83008 10773.83691
8066.379883 -7824.249023 6374.962891
12067.25781 -9050.237305 9052.911133
7968.773438 -6845.012695 12863.74707
12361.90332 -8964.44043 8725.333008
10297.3916 -15042.54492 7363.707031
12944.80859 -11099.63379 11688.01855
10934.55176 -17527.23242 8238.427734
13708.0127 -10108.54297 8614.685547
8406.261719 -11493.90039 6296.436523
12574.38379 -8469.506836 8177.939453
12940.9082 -14448.47461 11300.1582
10558.25781 -13853.79395 6530.861816
12303.30762 -17010.22656 8558.708008
12976.71484 -10405.28906 7407.335938
12086.94531 -13547.87207 10925.04883
10335.7793 -13033.48926 6681.198242
9355.131836 -6519.213867 10721.09961
11360.90039 -8515.630859 10481.87891
7369.813477 -13488.08301 12141.37305
9900.911133 -7509.949707 10137.79297
12626.42285 -16542.70117 7660.181641
12220.48438 -15890.00195 11544.08496
10447.4668 -7138.478516 10049.25
12899.26855 -8998.539063 10390.26953
10867.92676 -10853.08789 12798.77246
12052.5625 -16004.10254 11140.70508
10745.34375 -10309.22559 6731.508789
8857.263672 -11535.35059 13424.24023
10674.16016 -14396.46191 12587.5166
8325.109375 -6850.549805 12060.30273
11448.66699 -14135.98145 7427.727539
12520.20898 -16829.95508 8154.691895
13486.44043 -9610.149414 8838.931641
6846.929688 -7263.325195 11938.33887
8219.111328 -6461.553711 10525.53809
12830.73145 -14212.06738 11250.83984
9421.276367 -7325.789551 6987.036621
10153.70898 -7536.891113 7531.328613
10107.0459 -16956.25781 11444.55176
10599.69336 -8833.072266 12443.29785
7933.414063 -8501.182617 6283.843262
11476.30176 -12824.58301 7205.983398
8824.943359 -6695.513672 11947.40625
9513.142578 -8204.655273 5943.722168
8035.967285 -11650.36133 6376.819824
14007.29102 -11008.34863 11052.64063
13572.05078 -14367.3623 7675.568359
10666.57422 -12579.70996 6433.845703
12146.69336 -16596.78906 8212.074219
11863.99512 -13613.46484 11987.54004
8096.848633 -16957.5918 8868.107422
9583.613281 -6601.5625 9061.851563
8089.982422 -9957.455078 13610.65234
11531.38379 -7569.491699 8644.701172
11870.13477 -8572.717773 9896.480469
10224.67773 -8261.953125 12447.74512
9227.49707 -7007.670898 7560.276367
13299.22461 -10616.26172 12114.72949
10739.35156 -14935.23438 7029.036133
9584.919922 -16776.46094 11618.12793
10125.89941 -7638.55127 6340.338379
11213.57422 -15241.38672 11495.26367
10348.69531 -8687.449219 12480.94434
13083.37988 -13639.24805 7405.537109
10449.44043 -14308.63086 6672.706055
12833.11816 -12556.27734 10914.33105
10370.20703 -13308.95703 12213.90723
11092.00293 -12583.31934 13067.79102
11399.47949 -10564.11133 6261.31543
13002.65039 -8609.953125 9710.332031
7740.109375 -14714.60938 7762.513672
11506.69434 -9354.71875 9221.426758
7888.54834 -8576.838867 6784.737793
8801.963867 -14766.06445 11677.03223
12874.18164 -12362.36035 7151.405762
12811.43066 -8438.519531 11251.34473
11690.07227 -6854.338867 9575.581055
13698.31055 -10888.8623 7833.802734
12832.05957 -12112.59473 12335.81836
9310.075195 -14017.53125 7006.810059
8700.602539 -10533.45117 13550.45605
13833.20703 -11017.96289 11135.7168
13802.43066 -14409.16895 9663.412109
12913.3877 -16726.43945 8439.845703
6531.131348 -7699.749512 7780.374023
13014.51953 -9031.886719 8978.733398
12493.67676 -10044.30566 12183.27441
9174.667969 -15652.62988 11760.79102
11080.41992 -17967.33398 9396.541992
14177.73145 -11952.47852 10707.30078
8527.883789 -12983.93164 6735.659668
12452.98926 -15808.92871 8164.504395
10726.84473 -14889.54688 7455.083496
7321.753906 -6776.344727 8083.354492
8857.341797 -7045.521484 7697.986328
9477.610352 -12604.41699 6224.225098
10460.74121 -14264.60645 7188.675781
11485.26563 -12490.1748 12242.5498
8861.230469 -12067.83789 5980.489258
9775.515625 -15491.11426 7277.171875
10354.94141 -13201.25293 6442.889648
10584.29297 -12132.17578 5752.376953
7553.976563 -6593.450684 12984.64941
13402.99219 -11034.82324 9483.189453
10971.22363 -11838.28125 6565.543457
10065.90625 -7514.688477 7687.219238
10737.91406 -10808.70508 12934.125
9176.904297 -13184.77539 12348.44434
8173.174805 -12959.42969 12863.62598
12888.1377 -12920.82324 11695.0498
10929.86133 -15162.82813 7743.958984
13796.1123 -10098.94629 10869.87891
12352.75391 -16307.50977 8149.150879
10565.60938 -7172.13916 9963.538086
8466.349609 -6656.51416 9337.251953
12825.11719 -10787.6123 11784.68848
10912.18359 -12417.3418 6540.303223
9420.611328 -9828.076172 13360.49219
12519.22949 -9003.731445 8853.62793
9863.133789 -13364.9248 6594.543457
8996.082031 -13044.71582 7109.611816
13772.13672 -9813.870117 10024.26855
10612.00684 -7183.087891 10896.3623
11887.86621 -17785.33398 7660.755859
11809.63086 -13834.14844 6801.567383
7034.039063 -7819.714844 6602.469727
10416.32324 -17018.25195 8169.405273
10600.7168 -13181.72754 12519.43066
10004.3125 -17689.78125 8222.739258
10788.41602 -12955.20117 12905.43555
8865.473633 -18219.37891 9049.344727
11077.41406 -11841.44922 5914.869629
9069.149414 -15749.49609 7306.217285
9837.895508 -13690.70996 12345.24023
10116.69043 -14100.93066 12792.25879
13448.2959 -9558.544922 10503.33887
12968.75879 -9254.683594 10788.08301
7349.23584 -6983.86084 11828.73535
13001.88867 -11179.05078 7174.369141
6980.44043 -14933.44629 7240.884277
11455.35352 -15664.29395 8403.976563
7329.102539 -7876.180176 6697.01709
11956.38379 -7954.027832 7208.849609
14220.98438 -11966.60449 8446.587891
12722.64941 -14027.4707 11284.11523
9000.052734 -15720.85059 11473.60059
10046.33008 -11340.93848 13475.33594
8434.529297 -6425.015137 9289.589844
11244.32617 -11735.65918 13275.29785
12178.875 -14078.11133 11935.72559
10877.0459 -13775.5332 12527.85742
7605.803223 -8916.046875 5676.552246
11199.79004 -9284.710938 12760.21387
10019.24121 -12783.18262 6161.504395
7086.530273 -9997.478516 13112.83789
10075.91699 -16004.08105 11899.4668
10153.40527 -15018.5127 12369.74902
12578.62305 -10186.79297 12436.82813
8947.274414 -6299.941406 11448.26074
9855.663086 -9071.921875 13227.74609
7938.795898 -6401.157227 12860.9834
9798.493164 -8883.685547 13363.31934
6796.765137 -15077.6416 11059.12012
8172.815918 -13137.23633 12845.31543
8471.255859 -14048.93457 6632.350098
8439.140625 -16972.99023 8501.395508
6282.618164 -14686.73926 10719.58984
10272.99512 -15455.38965 12025.25098
8992.474609 -6484.5 11692.84375
8071.937988 -8373.677734 6026.400391
7436.943359 -6467.013672 10197.43066
9892.598633 -6266.541504 10795.01758
9457.508789 -16741.23633 8332.779297
10879.4668 -12639.68457 6334.089844
8694.058594 -6693.074219 9611.62793
11813.35547 -9871.298828 6941.38623
12103.87012 -13440.11816 11843.73047
9855.711914 -16260.34863 7963.147949
6059.508301 -15089.88086 10251.5332
8894.824219 -6527.19043 9993.703125
10222.03516 -16540.76953 7818.258301
9472.436523 -6396.695801 12032.0957
8559.436523 -10481.55664 5796.78418
8033.650391 -17430.72656 8690.770508
7691.036621 -8631.18457 5638.240234
7560.027832 -6556.043945 12616.46582
11690.8125 -14239.72852 11833.38281
8499.75 -17120.51563 11583.48047
9846.431641 -9545.375 13122.96387
10890.12598 -10075.02148 13491.3457
7148.131836 -6487.800781 10070.80957
8122.439941 -9640.212891 13371.125
10769.45508 -13504.52441 12804.66113
10398.15137 -14431.53809 12575.19434
6663.905273 -12533.19238 6875.540527
9001.59668 -10044.41016 13498.97754
8251.1875 -14682.34277 6758.01416
10774.0918 -12822.38477 6316.000488
10707.27441 -15509.32227 12005.13086
8435.537109 -14313.02051 6639.705078
7539.901855 -11582.63281 13137.99219
11612.14063 -9490.6875 6914.594727
8763.790039 -6442.59668 9322.961914
10884.125 -13285.11914 12470.76367
5932.3125 -7147.872559 9761.209961
11875.19922 -9711.12207 12641.00293
10725.96973 -15965.49609 11705.21973
11467.21094 -9700.887695 12863.75293
5741.089844 -9635.665039 7284.229492
7899.696289 -11334.44043 5574.90918
11039.69922 -10300.46973 13394.80176
9647.467773 -13013.58008 6035.233887
8844.0625 -17506.48828 11485.05664
7393.20459 -14089.79492 12032.16406
8765.987305 -11120.35742 5485.65625
7110.199219 -13766.20703 11862.1377
11383.78125 -15040.05273 6894.172363
10593.70508 -13201.17383 12971.33789
9752.317383 -6413.032227 11810.74902
9149.307617 -9403.990234 13602.35254
10045.37598 -15506.56738 7261.96582
7647.458984 -11685.42383 5663.378906
8557.673828 -10643.58887 5612.38916
8495.607422 -6906.311523 8980.932617
10478.53418 -15707.89355 11884.31445
6044.877441 -9456.401367 7192.939941
10796.63477 -13631.3877 12640.69824
8642.795898 -6161.60791 11166.65723
9842.660156 -6365.945801 9538.746094
11347.66895 -13423.94727 12093.04492
6766.898926 -9926.211914 6227.149902
9144.522461 -13021.6709 13194.625
8217.211914 -15455.88965 6822.198242
7328.731934 -13888.6875 12097.3418
9264.349609 -9661.626953 13532.69727
10781.71582 -13133.69141 12982.59082
9122.049805 -8955.986328 13304.87109
9949.386719 -17402.27734 8455.481445
12547.5127 -10342.24512 12502.68848
10088.57813 -9091.359375 12976.72852
10020.71973 -15019.83398 6992.451172
11569.0166 -8270.913086 12397.80762
12784.59082 -12817.68555 12093.75
10027.95801 -12578.66797 5804.576172
6135.36377 -14560.78516 10009.19434
10473.34961 -9518.366211 6247.36084
7521.501465 -9899.643555 5959.96875
11221.3252 -9420.070313 12541.91016
7056.015137 -14652.14648 11076.56055
10778.29102 -13006.33984 6382.360352
11170.77051 -13343.13379 12599.08691
8412.896484 -6239.651855 10222.22656
12355.04688 -8759.467773 12436.44043
8283.955078 -9115.427734 13482.3877
9208.767578 -9544.751953 13541.13184
9100.201172 -13547.95703 6142.938965
8004.480469 -9368.760742 13403.85352
12438.4668 -13119.45508 12018.74902
10988.96289 -9654.018555 6173.888672
8665.760742 -10729.6416 5862.861816
9584.755859 -8307.125 12967.49121
9431.222656 -6359.782715 9384.804688
8066.419434 -8491.478516 5802.300781
8568.001953 -14607.92383 6852.601074
7631.938965 -10092.24609 5900.743164
8040.680176 -15665.98438 7107.974609
8721.859375 -11268.20605 5585.618652
10152.77344 -15548.81055 12164.625
7725.456543 -13124.0957 12561.65918
9516.185547 -10635.41406 13809.40039
9917.832031 -15370.2666 7246.553711
10882.22559 -9541.382813 6383.977051
10860.78027 -8668.755859 12638.50488
11028.33691 -9171.087891 12826.43848
7950.719727 -6552.146484 12549.76172
9782.558594 -6424.858887 9810.495117
9064.270508 -11916.11621 5659.819824
5807.737305 -9697.887695 7706.240723
12708.98047 -11392.99707 12687.74219
9781.356445 -9288.035156 13454.8584
8758.363281 -16708.19727 8553.613281
10180.61719 -16594.99023 11668.48535
12008.29297 -14033.17773 11947.8252
8679.851563 -6193.287109 11375.57031
9574.836914 -16557.05859 11904.92773
10748.18066 -8577.875 12639.78516
7767.743652 -8145.161133 5880.57373
13217.45605 -11700.3623 12178.44238
12717.24316 -11989.56348 12644.40332
11865.70703 -13358.86816 12224.51172
7910.404297 -14271.79199 12309.4834
10472.49219 -15799.5459 11944.70996
7934.432129 -13332.87793 12711.07129
11493.90723 -12237.0918 12919.47266
7703.641113 -6460.123535 11624.34766
7754.977051 -13304.56152 12558.74023
8165.178223 -12035.37402 13003.20508
6862.035156 -16064.7334 9128.773438
7554.188477 -12223.44336 10566.62598
6757.727539 -11268.94727 9973.235352
7518.961914 -10093.34766 11141.79199
7351.376953 -11517.00488 9863.382813
5907.32373 -11250.84082 9085.383789
6043.192871 -12529.9375 10621.0625
7585.773926 -11712.74512 9968.373047
5904.230957 -12256.29785 10238.08594
6829 -11373.47559 8870.886719
7325.452637 -11695.52637 11445.83203
6210.998047 -12753.20703 8801.104492
6894.606934 -11734.81543 9735.609375
7241.40625 -12273.68164 10402.81934
5943.513672 -11629.56543 9562.990234
7271.038086 -10685.51855 10232.00586
6417.910156 -12243.22754 9309.108398
7712.03125 -10407.37793 10882.69141
6240.796387 -9839.895508 11056.78418
5848.322266 -10372.33008 10509.91211
6838.875977 -12116.45313 9713.800781
6426.06543 -9920.40625 11829.55762
6333.819336 -10578.95215 11382.01758
7179.588867 -12144.48047 10662.09082
7749.865723 -11472.02734 9333.755859
6723.028809 -13008.05176 9429.857422
6381.129395 -9784.234375 10542.6416
6522.520996 -12159.9541 8786.030273
6997.421875 -10807.15039 11220.32227
7097.719238 -12096.75293 11224.48535
6981.375488 -11867.37305 9682.557617
6886.660156 -12265.70605 11083.93945
7437.558594 -11918.02441 8328.871094
5986.541992 -12126.43848 9616.574219
6106.529785 -11635.73438 10467.28809
6874.682617 -12269.41797 10958.32324
6087.817383 -12744.98145 10529.31641
6448.234863 -11985.26953 11309.37988
6496.979492 -11536.31738 9318.362305
5831.655273 -10311.84863 10281.85352
6304.512207 -10332.82129 11560.2002
7021.357422 -10201.38086 10014.94434
6212.981934 -12776.17676 10398.22656
7207.709473 -10563.74219 10236.94824
6856.210938 -10210.375 11644.02832
7823.561523 -11309.58398 8651.919922
6853.411621 -11492.62305 10654.52637
6246.012695 -12460.15625 9359.337891
5928.915527 -11998.04785 9273.966797
6995.077148 -10623.07617 11318.51563
6360.530762 -11914.73047 9394.358398
6879.29834 -11205.24609 8806.580078
7272.932617 -12109.40137 10423.08691
5923.860352 -12143.38477 9149.834961
6977.799316 -10941.39844 10705.17969
6203.508301 -11947.87207 9450.238281
6180.012695 -12604.77734 7888.341797
6892.654785 -12859.95801 10110.56152
6360.611328 -10912.61328 10110.24023
6883.397461 -9716.130859 11017.91895
6038.891602 -12931.98926 9415.700195
6492.575195 -11835.80957 9168.4375
6520.650879 -11885.24316 8703.144531
5744.529785 -10259.33105 10112.80664
7566.722656 -13071.44238 9963.696289
5725.399902 -10156.80371 10299.48438
7167.663086 -13112.85059 9626.71582
6107.150391 -9738.253906 10548.92871
5903.394043 -11484.14551 9504.359375
6620.353516 -12950.31152 10168.36816
7504.793457 -9872.358398 10887.42188
5963.931641 -12251.27637 10375.40918
6281.647461 -11963.51563 7700.729492
5982.024414 -11825.87207 9704.304688
7035.882813 -11999.76855 11460.86816
5989.788574 -11947.95996 9114.693359
5942.708496 -11087.24023 9860.484375
5952.984375 -11876.61133 8989.732422
7336.608398 -10694.62012 9804.452148
5909.873047 -13037.40723 9637.456055
6514.808594 -11174.96289 10470.84473
5781.828125 -10428.31055 10337.74414
5997.530273 -13008.26758 9534.710938
7601.790039 -11395.95801 9279.083984
7222.22168 -11768.85059 9407.602539
7570.64209 -11434.52148 9089.493164
6767.123047 -10440.87012 10411.27441
7662.867676 -12148.26563 9106.138672
7003.73291 -11678.32227 9673.694336
7292.181152 -11785.95313 10288.39746
6322.564453 -11095.88184 11211.8877
6498.199219 -11669.78809 8977.037109
6873.962891 -11564.93066 11620.83398
6537.762695 -11250.83203 8818.96582
7096.817871 -11180.84277 9568.327148
7572.589355 -9960.649414 11057.93945
6627.397949 -10536.43945 10198.2832
6027.289063 -11040.12109 10028.27051
6873.29248 -9473.568359 10882.55957
6504.70459 -12031.02148 11891.43066
6753.455566 -12348.74707 9115.71582
6049.044434 -11373.33789 10285.41895
6487.521484 -11961.05664 7914.438477
6848.400879 -12045.39453 8180.956543
6610.5 -12289.25684 9167.595703
7500.716309 -12031.27832 8677.898438
6101.327148 -11487.3252 9097.678711
6287.133301 -12283.3252 7813.40332
6606.722656 -11180.2041 10164.61133
6211.801758 -12377.87305 9887.178711
7633.479492 -12070.49219 9883.012695
7336.67627 -12263.39941 10516.59473
5909.133789 -10414.08691 10282.93359
6215.08252 -12740.16602 10158.25098
6438.849121 -11269.37305 9795.698242
6471.242188 -11253.40527 11256.87793
7086.827637 -11572.29199 8375.476563
6013.231445 -12551.76465 10430.03027
5953.478027 -11921.08496 9605.765625
7097.20752 -11494.56738 10140.63184
6076.058594 -12551.5459 8185.870117
6429.651855 -11445.48438 8746.027344
5995.709961 -11976.45801 10212.01465
7439.46875 -10064.86621 11477.69531
6886.950684 -11892.25488 11230.03027
7146.038574 -11970.91504 8254.296875
6391.771484 -11327.14746 11485.84473
7313.580566 -10442.94336 10092.40234
6099.651855 -11682.49316 8716.924805
7127.648926 -11370.77246 10794.31738
6728.104492 -12046.63672 9210.499023
7573.021973 -11615.19531 9262.973633
5995.88623 -12429.25195 9610.995117
6430.049316 -12445.92969 7856.892578
6898.535156 -10476.70996 10312.62109
7445.041504 -11452.19727 10603.44434
6094.625488 -12641.41113 10060.46777
5898.677246 -11713.57715 9425.270508
6063.454102 -12855.01074 10614.54785
6851.512207 -12260.86621 11220.69629
7612.585449 -11563.875 11445.04785
6645.381348 -11678.49902 8803.389648
6120.787598 -10989.82813 10027.15527
7555.968262 -12842.55273 9350.148438
5888.178223 -12387.68848 9939.969727
7141.051758 -11420.88184 9050.584961
6048.876465 -12157.04199 8946.415039
6854.513184 -11712.17773 10704.12891
6019.296875 -12419.58203 8501.543945
6380.34082 -10436.61328 11405.82813
6035.359375 -10766.92578 10359.91211
7229.271973 -11922.01172 9941.289063
6487.353027 -11418.11914 9551.876953
6605.585938 -12926.55469 9034.899414
6094.905762 -11277.75684 10617.82031
7135.653809 -9905.719727 11319.1875
6550.147461 -11214.73438 10282.45996
6363.20166 -12148.97461 8982.363281
7368.733398 -11444.81738 9157.296875
6025.602539 -11587.50977 9863.618164
6178.108887 -12550.38379 9477.540039
5893.628906 -12110.17383 9519.811523
6748.352539 -12796.99414 9398.040039
6912.794922 -9550.566406 11267.82813
6196.950684 -12493.82129 10929.62793
6018.072266 -12196.05566 8025.937988
7353.560547 -11778.84082 9966.021484
6545.981934 -12678.29004 9359.087891
6501.990234 -12417.16504 11689.22461
7722.750977 -9944.030273 10954.76953
6152.154297 -9798.985352 10230.23828
6173.15918 -12953.70215 10397.31836
6206.329102 -11256.58496 10701.54297
6586.550781 -12250.02148 11618.82813
6563.022461 -11862.94434 11728.94238
7073.719238 -11684.32715 9551.801758
7186.863281 -10010.69727 11330.26563
7763.539551 -10482.4248 9961.455078
6435.835938 -11529.30176 11766.79492
5917.431152 -12549.7334 10190.1875
6433.086426 -9516.450195 11545.39551
7288.925293 -12018.09375 8504.442383
6152.897949 -11593.3291 10318.2666
6285.340332 -10821.77441 11241.52148
6475.784668 -12743.91113 10363.42578
6525.310059 -10433.74512 11381.08105
6626.01416 -12374.90527 8940.620117
7176.490234 -12433.96191 8784.639648
6985 -12155.5293 9598.926758
5962.912598 -11361.18652 9019.165039
6256.251953 -11289.53516 11069.33105
7070.690918 -11838.64063 9509.150391
6415.397949 -12058.15625 7620.830078
7443.537598 -10836.12402 10040.49902
6834.075195 -9712.875977 10671.29883
7018.844727 -11690.0498 10443.41699
5867.670898 -10628.66895 10397.07324
7382.579102 -12777.59473 8708.609375
6646.013184 -10830.44238 10014.08105
6008.845703 -12590.28711 10787.39063
7007.36084 -12463.73438 8457.106445
5996.869629 -11372.98926 8859.387695
6654.435547 -11638.51563 9513.6875
7178.094238 -9997.212891 11472.13672
6329.083008 -11788.51172 9166.27832
7667.597168 -10925.49121 10323.26855
6150.72168 -13035.84082 9938.579102
7603.734863 -10088.37305 9814.664063
5948.151367 -10922.58594 10110.99512
6103.645996 -11159.89648 10688.49902
6057.258789 -12414.94043 7961.693359
6050.648926 -10956.99805 10511.4248
7400.620117 -9999.175781 11109.96289
7135.939941 -11628.28125 8136.424316
6846.416504 -11838.02344 11048.79883
6996.203125 -11551.43652 10032.96094
6831.906738 -11657.34473 8505.882813
6413.956543 -12853.01855 9151.947266
7158.43457 -10604.32617 11264.40527
6828.267578 -11191.53418 9928.40332
6259.210938 -10389.38965 11308.35742
7837.968262 -12868.43262 9589.382813
7051.285645 -10368.89258 10117.89746
6477.602051 -11763.57813 11831.37305
6448.819824 -10677.98242 10117.32227
6302.087402 -12854.19727 7827.776855
6569.224609 -13095.62109 9135.563477
7087.225098 -10172.47168 11509.18164
6901.343262 -12213.86133 9806.305664
6171.780273 -11568.23047 10761.67578
6576.360352 -12363.81934 9557.632813
6169.562988 -12237.85938 7744.417969
5865.98291 -10566.14746 10255.61816
7534.228516 -10325.51953 10708.58984
6006.883789 -11528.36328 9716.511719
6503.973145 -10898.76172 11183.44824
7553.136719 -12127.58105 9404.047852
7876.168457 -11932.05371 8397.15625
6532.559082 -12010.82422 8504.439453
6173.959473 -12258.48438 8856.162109
6597.346191 -11494.32422 8884.983398
7227.87793 -10206.00391 11676.31152
6007.34375 -11721.65039 9750.916016
7103.455078 -10497.90527 10184.00488
6027.237305 -12150.37012 10018.95117
6664.613281 -12251.78223 9506.928711
5889.851074 -10629.40723 10162.80078
6803.794922 -10584.4502 9904.586914
7481.262695 -12296.40625 9020.564453
6033.30127 -11177.80957 9922.181641
6693.138672 -13379.41797 10044.13965
6864.523926 -10298.75488 11278.35449
6963.802246 -12237.55078 10793.19043
7108.227539 -11563.52051 9637.958984
6151.869629 -12690.04297 8203.432617
6844.543457 -10710.62695 10597.62598
6672.370605 -12180.74902 9100.177734
7134.304688 -11954.48047 10067.76074
6957.709961 -12132.05176 11152.5293
6313.930176 -11070.19824 11043.99023
7326.718262 -11968.78613 9965.876953
7452.109863 -11798.46973 10170.40918
7327.452148 -11389.7002 11537.92773
6808.334961 -11660.61621 10880.00977
7253.388672 -11158.43262 10820.95605
6631.970215 -11489.54883 9464.042969
6692.276855 -12012.41504 9633.349609
7099.182617 -10701.17871 10444.06152
6842.934082 -11872.5293 8514.650391
7822.931152 -12790.11328 10334.33301
7420.176758 -11508.6377 9552.986328
7795.003418 -11098.7207 9828.454102
6770.54834 -11914.29688 9616.404297
7054.482422 -10098.22949 11621.75977
7131.028809 -11870.08398 8300.686523
6776.144043 -9666.907227 10920.02441
6499.553711 -12363.73047 9686.519531
7488.067383 -12361.24512 10421.27051
7400.829102 -12012.02734 8769.110352
6063.32373 -11706.5127 10279.84863
6933.772461 -11187.15723 9853.413086
7665.651367 -11391.95117 11433.06641
6326.045898 -11265.43555 11293.30664
7891.688477 -10003.46387 11045.21582
7087.370117 -11525.875 8559.460938
6832.754883 -11804.63281 8035.672363
6672.996582 -11993.52246 9106.902344
7207.240723 -11798.69629 8327.592773
7153.601074 -9877.046875 11145.41895
7123.176758 -11260.65039 11289.34668
5974.466309 -12376.59473 9391.948242
6484.36377 -12256.27539 9011.711914
5942.146973 -12647.11816 8467.344727
7496.148926 -12059.35742 9933.314453
6855.015625 -11221.17676 10566.42676
7228.692383 -12149.11816 9931.267578
6623.399902 -12333.82422 10991.46387
7834.362793 -12093.51855 9472.639648
6793.902832 -11979.23633 8578.355469
7330.946777 -12354.44824 10163.71191
6064.55957 -11798.59668 7869.152344
6834.228516 -10539.86133 10570.61035
6536.464355 -11259.80664 9632.737305
5982.77002 -12386.06934 10590.77246
6534.456543 -11864.5625 9664.585938
6708.039063 -11403.1377 9809.950195
6720.110352 -12684.35254 8571.925781
6923.761719 -10236.66211 10126.76758
6658.193848 -11364.66602 8738.225586
6513.945801 -9782.308594 11735.07813
6857.67627 -12163.08301 9113.202148
5954.350098 -12668.50684 10085.01855
6856.004395 -11793.86133 9346.560547
7741.605957 -11844.66504 8685.222656
6487.709473 -13230.60742 10108.51953
5937.719238 -12602.44727 9993.491211
6166.912109 -11438.94922 10675.90723
6043.847168 -12000.46387 10096.13477
6799.115234 -12146.6084 10923.32129
5955.598633 -12832.56934 10309.81934
6432.022461 -13027.90332 9218.288086
6972.061035 -11629.10742 9524.580078
6178.296387 -12103.38672 10269.6416
7020.439453 -11363.32031 9267.206055
6348.526855 -11685.39063 8819.25
7764.545898 -11770.9502 10092.16113
5952.497559 -11513.71582 9060.936523
6476.865234 -11544.65723 8721.012695
6072.329102 -12333.7334 8334.868164
6997.723145 -12207.85156 11020.59766
5975.223145 -13401.42969 10284.92773
7000.208496 -12310.4082 11119.20215
7048.194824 -11411.09766 10365.0166
7445.230469 -11808.40918 9649.644531
7512.068359 -11247.39063 10842.10059
6745.067871 -12314.42578 8935.694336
7806.185059 -10733.77148 10242.46289
6353.019531 -10244.70215 11633.93066
6416.535156 -11971.13672 9586.540039
6358.34668 -12328.81641 9055.736328
7776.51123 -11564.44238 10900.80859
7339.454102 -12066.04492 9915.838867
6845.333008 -10622.65137 11156.52441
7313.345215 -12255.80371 8359.475586
6638.418945 -12870.06055 9366.835938
6613.739746 -11572.51758 9048.063477
7359.992188 -12474.23047 8563.216797
7706.380371 -12229.53418 10593.8291
6632.947266 -12299.01367 11221.88672
5907.240234 -11854.24316 9109.956055
5972.678223 -12444.69043 8612.136719
6005.913086 -11846.52441 10068.61914
6752.338867 -9623.380859 11158.25684
6824.946777 -11757.32813 9482.217773
7292.30127 -11640.50684 10178.62988
5833.147949 -10479.32031 10130.91504
6737.741211 -11889.50195 9390.182617
6753.633301 -11960.60059 8989.776367
7170.118164 -12220.08105 8483.106445
6561.888672 -11264.04199 10065.61914
6501.235352 -12054.87793 8756.266602
6127.699219 -11257.83203 10797.5918
6965.586426 -11104.08984 9774.376953
7224.06543 -12800.42773 8169.489746
6820.741699 -12023.01855 10609.16504
7750.512695 -10210.65625 11044.26563
7508.558594 -11645.83301 10052.53223
7872.412109 -10093.7959 11502.66406
6456.925293 -10068.32324 11691.97461
6683.514648 -9679.68457 10759.97754
6648.410645 -12012.35938 8252.925781
6350.262207 -12229.79199 7711.119141
5900.212891 -12158.97461 9871.46582
6325.777344 -11629.29492 11186.06738
5987.123535 -12973.18457 8823.822266
6162.172852 -10698.91699 10256.44238
6039.606445 -12259.3623 10526.25391
6826.327637 -10153.1123 9937.103516
5982.291504 -12357.60742 9168.797852
6822.805176 -10502.66895 10128.12207
5987.691895 -11439.68164 8754.980469
7454.415039 -10634.7627 10233.52246
6868.987305 -11847.87109 8379.995117
6690.187988 -12483.02051 9248.53125
6681.951172 -12042.19531 9493.339844
6014.265137 -9689.571289 10599.37695
6984.532715 -11517.55664 9736.135742
6494.122559 -12908.53223 10292.75586
8145.813965 -11062.63672 10671.99902
6408.143066 -10835.84473 10002.7666
7735.875 -11425.47852 9694.710938
6952.641113 -10459.49707 10122.60645
6945.772461 -12173.60059 10595.18164
6495.487793 -12010.53418 8021.508301
6924.287598 -10882.96484 9914.887695
6476.727539 -12521.57617 9329.298828
5928.639648 -12248.54785 10101.78809
7592.023926 -10995.46387 11380.25098
6924.938477 -11795.11328 10385.625
6020.419922 -11456.70801 9885.630859
6491.058105 -11984.88379 9447.447266
6189.929199 -9632.383789 10643.68164
6286.688477 -12503.28809 8610.595703
6791.116211 -11782.45215 8572.671875
5994.891113 -12594.91309 8297.410156
5996.30957 -11691.38965 8057.214355
6090.629883 -11676.10938 9462.688477
6121.981445 -11477.66992 9559.112305
6747.376953 -11609.29004 9716.945313
5937.759277 -11622.00488 8881.301758
6470.351563 -10983.9834 9876.602539
6151.692383 -11648.95117 8566.810547
6453.458984 -12110.80078 9099.363281
6248.016602 -10014.79199 11303.86719
6511.399902 -10672.43652 10376.85547
6491.515625 -9451.107422 11488.41309
7014.673828 -9579.608398 10852.66113
6010.066895 -12555.08594 9166.74707
6367.222656 -13004.94141 10219.97559
6605.97168 -10877.37402 9756.499023
5979.641113 -11529.39355 10026.15332
7159.330078 -11760.53711 9612.200195
6353.351563 -10983.52734 11304.79199
6308.078125 -12302.80371 10906.69434
5910.32959 -12722.81152 9638.671875
6548.317383 -10655.72852 9884.530273
5992.311035 -13170.47656 9429.171875
5894.204102 -10777.5918 10078.32715
7198.311523 -10396.83008 10342.69531
6504.693359 -10811.72656 9922.21875
6183.847656 -11502.99512 7650.319336
6727.030762 -12180.05859 9581.413086
7243.469727 -11395.43164 8514.892578
7284.72168 -11278.91113 8988.879883
6230.328125 -12324.85742 7940.240234
7029.6875 -12351.13574 8803.798828
5860.539063 -11557.29297 9198.326172
6265.11084 -9710.453125 10851.61719
6278.217773 -11459.28711 10884.08496
7727.134277 -11547.34863 10985.21387
6234.826172 -11717.44043 7870.938965
6059.315918 -12370.1416 9876.125977
7215.89209 -11327.1875 9078.675781
6811.535156 -10615.73242 10475.2832
6937.164551 -11493.58691 8622.884766
7107.347656 -12300.125 10202.70898
6161.780762 -10400.54297 11045.52637
5947.23291 -12498.44824 9331.507813
6796.279297 -12164.3916 11585.07715
5905.151855 -12298.54785 9476.091797
6101.141113 -11925.45996 8436.708984
7196.487793 -11410.35449 10939.42578
7231.897949 -13121.26465 9484.328125
6708.783691 -11469.81934 9062.361328
6205.221191 -11073.19336 10171.75977
7041.719727 -12391.33887 10548.2334
6310.644531 -12480.3877 8140.751953
6569.456543 -10062.68457 11690.07031
6973.848145 -13123.15332 9199.124023
7368.82373 -10234.43555 11544.55078
7550.66748 -12733.90137 9495.742188
6887.080566 -10587.93652 10355.82813
6487.739746 -12535.2334 11448.58203
7647.782227 -10433.83984 10755.97754
7122.852539 -10246.36133 9988.631836
7045.83252 -9678.611328 11235.50293
11532.04492 -12313.94238 11225.76172
12981.5791 -12486.51172 7129.685059
12470.43457 -12014.75879 10802.04492
9369.126953 -14698.125 8425.858398
10443.81543 -13529.875 12811.06152
11510.35938 -14157.95313 6775.272461
9118.376953 -8457.521484 7729.785645
12561.52832 -10973.00586 6877.799805
7320.696289 -15390.43652 7125.525391
9901.598633 -15431.19336 11077.31445
13769.95898 -11263.04395 9463.767578
9469.71582 -7199.966797 6883.764648
12042.78809 -12189.65625 6570.299805
12967.77148 -12783.69141 10149.22656
11371.18848 -10549.94531 9229.24707
12764.18164 -12654.70801 10585.12402
10562.39453 -7065.214355 11301.46582
14041.65039 -11108.90039 9345.765625
9062.107422 -6358.609863 9299.28418
11723.21973 -9883.639648 12742.71191
12674.27832 -12165.78613 10142.0625
11490.19336 -9906.661133 10161.46191
13499.5918 -10846.68164 8295.349609
12375.81445 -11258.64551 11705.29688
11966.46582 -9365.15625 9734.952148
9347.597656 -6760.42627 9446.568359
12082.70996 -15022.86914 11705.0918
12527.84863 -12796.92676 9187.717773
11246.5166 -14864.3877 9093.296875
14259.96777 -11270.10547 8415.104492
6545.620117 -8932.393555 6342.82959
12189.40234 -12505.97754 8283.130859
9375.107422 -11860.14551 7658.297363
12977.45215 -14106.76367 7126.791504
11068.11523 -7044.175781 9133.245117
9182.043945 -8658.186523 6537.786133
12625.47949 -16410.84766 7971.956055
11918.5127 -14889.0459 10531.28809
11587.21582 -11559.85547 10444.30078
10818.98145 -7121.920898 11381.06836
9457.148438 -7029.194824 9059.373047
12831.06445 -14768.01855 11217.6416
13054.6416 -10573.48438 9704.69043
11832.55469 -16100.55273 10931.65039
14477.1123 -11661.44727 8277.849609
9967.666016 -17788.54688 10743.22754
10222.04102 -8813.023438 9108.348633
14322.04199 -11258.87207 8578.670898
9828.339844 -8115.390625 8079.442871
12315.11914 -9522.947266 7194.179199
9836.921875 -6935.165039 12177.03613
12716.49805 -10775.45605 8978.722656
9319.863281 -15965.12793 9594.695313
10110.26953 -16281.52051 11878.62207
12405.07715 -13236.44141 11607.36523
12175.09766 -13955.69824 10745.19727
11947.51758 -12314.45215 7147.493164
11460.18555 -12084.29102 12521.83594
13464.47852 -12280.48926 10262.27441
13002.05469 -11737.69043 12198.87793
8456.470703 -10852.14355 9616.692383
9334.727539 -9654.142578 5555.236328
9152.37793 -15481.06348 9973.313477
11200.11523 -12043.12891 11697.32617
7715.94873 -8855.198242 6103.275879
10977.88379 -7688.717285 8682.244141
13999.95996 -11460.79102 11445.68164
13510.68066 -10251.9502 8136.705078
10715.74805 -9380.34375 7908.38916
10948.47656 -13204.24805 6625.617676
13285.49805 -14514.50195 10836.47559
10241.68945 -10294.8623 10001.23145
12306.76367 -15045.80859 11147.14648
10199.92285 -15528.81738 11981.21094
9721.762695 -15589.51953 11270.13574
12050.15918 -9348.330078 9368.931641
12955.70313 -13350.80762 11798.32227
12718.4873 -13732.81543 7894.31543
12673.81738 -11971.76465 12440.86523
8875.986328 -15833.52246 8397.640625
10090.7627 -9960.957031 7438.804199
12800.10059 -10861.37891 8090.978027
11771.4375 -11576.56934 11235.51953
13118.58008 -13818.31543 10202.65039
11843.29395 -10426.89258 7493.615234
9982.93457 -15686.45215 8979.932617
7739.62207 -8106.836426 6551.11084
8451.982422 -9164.134766 7506.668457
11319.29297 -13050.53516 7038.428223
9865.397461 -15008.99707 8738.99707
9267.702148 -15483.97363 8476.467773
11891.37695 -9508.981445 12602.84668
10372.28906 -12036.78418 5267.138672
11049.78516 -15271.60547 7521.166992
7634.953125 -17669.68555 11238.63379
9261.436523 -9808.083984 7830.049316
10935.35352 -10202.83789 6834.649902
11929.4043 -10129.2373 8151.078125
10726.46875 -13370.29785 6714.515625
10048.22949 -13848.78125 6321.890137
11396.33301 -12238.47266 8263.085938
11858.01074 -10082.65234 8304.200195
8468.620117 -6666.620117 13012.02637
9883.456055 -12702.4502 12902.1084
10408.48828 -10239.0752 8694.043945
12266.90332 -12216.66406 9588.416992
10000.85645 -14062.29297 9891.09082
9634.121094 -13394.4375 12790.94336
11182.25391 -12767.11133 12249.86426
12900.28027 -14906.55957 10940.26074
8712.336914 -11515.11719 7834.766113
14660.48145 -11634.32227 10057.95801
12788.75977 -11718.72266 11215.54004
11961.85645 -17151.83789 8485.755859
11671.3252 -12974.125 8194.225586
9595.334961 -15795.60645 7292.789063
10731.64648 -10133.85547 7041.000977
11465.26953 -14238.79785 8142.501465
12033.99609 -15314.12988 8219.773438
13301.05957 -12103.93848 11350.39355
10272.26563 -10273.20313 13645.82715
10055.78711 -17114.86133 11232.6416
8515.074219 -16837.5957 8660.555664
10500.65234 -9899.357422 8185.111328
10427.25781 -17739.45117 8102.156738
11868.19043 -15620.14648 10873.66309
8835.295898 -15623.30762 9842.561523
10909.53223 -13913.42383 12633.13184
12706.08887 -13864.79102 11035.57031
9139.253906 -8236.30957 6521.171387
13314.31152 -12880.93262 10255.92969
10715.7832 -9045.549805 9241.381836
8945.414063 -10340.77832 8127.980469
12291.87207 -9030.456055 7410.759277
12069.63184 -13693.5498 7105.025879
12057.09277 -9353.760742 8426.628906
10579.5 -9156.904297 7068.911621
11773.5791 -13699.58984 12205.64551
11665.81152 -13818.1875 12107.37207
8795.862305 -12486.54883 5745.330566
12416.36035 -14073.58301 7134.620117
13084.55566 -9189.621094 10358.43262
7857.916992 -7967.664063 6799.629395
10948.96289 -14705.4375 6576.054688
9793.630859 -13749.00293 7141.661621
7029.459961 -14911.17383 6885.219727
10898.51074 -10787.23242 9439.436523
12633.13379 -12828.85352 7222.576172
13146.7998 -12791.71777 10287.58398
12664.99805 -15038.72754 11186.35449
11261.18652 -11519.83203 6131.864746
10265.2373 -14913.92871 9651.62793
8476.513672 -11665.33887 7890.844238
12154.66602 -8156.658203 8797.584961
12553.91504 -9991.180664 8617.330078
11842.51172 -10780.75879 9488.254883
10829.83203 -12868.10742 13013.54297
10796.35938 -12483.58691 11105.39746
9925.526367 -9699.854492 8248.109375
12978.49219 -9836.261719 9355.349609
13291.43555 -12631.77344 11104.26953
11459.59961 -7048.983398 9583.961914
11556.22168 -11314.62891 6264.922363
12572.05664 -9369.461914 10115.29395
10090.0498 -16281.06934 11612.99219
9739.371094 -7117.993652 7395.589355
12106.42969 -11620.68164 10971.4502
12980.21289 -10470.40723 10939.37891
8276.233398 -7182.126953 9173.196289
11834.42871 -10819.03223 6544.815918
11813.80957 -15148.1416 8400.942383
12698.87695 -10736.93848 9104.567383
7632.214844 -17576.93945 11126.87793
9534.926758 -16836.8457 9076.813477
12317.76367 -11993.65039 9464.837891
10637.3291 -11996.35547 5492.793945
7786.669922 -7839.513184 6460.458496
13341.6748 -11117.57715 8354.508789
8040.634766 -15707.99609 6894.233398
13904.38086 -13929.19531 10064.125
9842.418945 -13613.11133 6115.481445
13890.93164 -9939.032227 10708.80664
10920.51074 -11696.44922 11159.02734
10763.99414 -15280.14648 11462.03809
9812.748047 -15717.7959 9569.226563
10638.17773 -16487.5293 11250.90918
9745.042969 -8958.339844 12978.48535
11486.60156 -14730.13379 7767.834473
11307.3418 -14825.74707 8529.000977
9088.828125 -7242.765625 11169.49805
10666.01367 -10406.0293 6580.863281
11524.50195 -16311.68359 11367.93652
8731.538086 -16126.75879 9973.033203
8684.875977 -9861.322266 7951.16748
13134.78223 -14709.08887 7679.49707
8406.141602 -9365.147461 5805.765137
13444.60645 -14299.87891 10671.49707
13251.59277 -10752.78125 10051.3623
11264.7959 -12102.11621 11005.94824
10480.7627 -11078.77734 9021.673828
10321.32031 -12639.53027 6860.527832
12198.26172 -13823.50684 11900.60352
13678.82813 -9827.016602 10758.21387
12592.54688 -9542.240234 8615.969727
12893.78906 -16879.2793 8108.058105
12428.18066 -12422.125 11616.39453
13347.16406 -9857.848633 9938.25293
11364.15234 -6715.08252 10022.75098
7513.904297 -6432.087402 8165.874512
14264.60742 -11109.64648 9165.209961
13441.4502 -14017.2666 10114.02344
11264.38574 -9736.797852 7600.848145
11594.36719 -14575.03906 8064.800293
8963.124023 -11528.89648 8304.875
12894.41602 -13296.93164 9890.546875
11760.81152 -12055.58203 9951.74707
12861.1543 -10456.19043 9850.670898
12200.45703 -10368.84473 9432.693359
9711.851563 -15408.22754 11418.84668
11794.91504 -9701.719727 8376.470703
13101.73828 -8823.43457 8454.280273
11054.10742 -12540.02539 6870.090332
12503.71875 -14206.37109 9801.996094
12399.95996 -10219.41602 7707.206055
13622.38379 -13125.83398 10126.73926
8052.165527 -11063.79492 8182.70752
11362.70898 -12283.09375 6463.062988
13534.4873 -11242.02539 8845.026367
8617.450195 -7921.285645 6139.640137
12963.05273 -14181.58496 7052.293457
10728.5625 -7694.142578 7276.172363
9287.841797 -11852.64063 5296.885742
12020.20215 -13766.47266 8327.380859
12909.32227 -13047.5166 9861.892578
11267.93457 -13953.82129 11824.58594
12950.74316 -10858.89551 7119.679688
11615.07227 -13654.09668 7817.818848
11500.84277 -13799.89941 10927.86426
9571.495117 -14897.5957 8054.606445
12413.88184 -13513.66406 8271.765625
10090.93164 -14517.26563 8563.94043
12817.59766 -8768.089844 9804.067383
11587.27441 -10005.66504 9013.838867
10324.22363 -6676.541504 11328.65039
10235.48438 -10139.13672 9287.651367
8371.797852 -10487.47266 6189.458984
12828.90332 -10681.82324 8453.352539
9448.259766 -13239.39063 6742.608398
9832.859375 -15454.74512 9407.691406
9855.15332 -18066.85938 11043.89746
7652.052246 -14807.69141 6766.966797
10438.06641 -6417.818359 9889.228516
11803.52637 -8338.188477 9069.616211
12392.15918 -10651.01074 12651.03516
9619.689453 -15905.2666 12120.28613
9947.010742 -11632.84277 5630.941406
12584.88574 -14361.52734 7470.744141
12928.00586 -12616.07031 11689.47656
11225.33691 -12109.93164 6446.987793
8672.964844 -6883.970703 11813.40234
12101.56836 -12410.71387 8045.554199
10218.50098 -11830.60449 6110.654297
13584.42578 -13500.50781 10886.03516
11417.61133 -8292.763672 6955.199707
9211.967773 -9092.566406 5833.536133
12326.6709 -12120.96387 10662.97949
8971.959961 -6480.67334 8655.896484
13138.55469 -14147.66016 11312.70117
10507.61719 -14489.24805 7604.547852
13388.83887 -11359.28027 10864.40918
8331.704102 -8153.096191 6235.367188
12575.41504 -8492.523438 8946.952148
13141.30273 -13108.23633 11161.49023
12558.1123 -14323.19531 9620.082031
10477.55078 -14729 7499.952637
11220.13281 -12295.20801 11525.16504
13182.30371 -11439.98145 10381.51465
10785.66895 -13543.93359 6534.441406
11408.24023 -12932.75195 6750.052246
11958.90625 -15296.69922 8078.285645
11514.45898 -8940.304688 7520.009766
10060.78125 -12052.39551 5722.057617
8137.395508 -15674.2041 10228.14258
9233.347656 -14877.97363 7392.404785
9402.270508 -13423.59375 7096.274902
10591.50391 -9878.189453 7156.983398
12802.32422 -13920.18262 7777.647949
7189.240234 -6567.162598 8293.009766
12900.23047 -13525.7373 11252.18066
13613.90625 -10150.82715 10117.24121
12163.86914 -12772.46387 10975.7832
11498.96582 -9449.374023 7763.448242
12506.51953 -10221.46094 9876.217773
12518.55469 -10936.35742 11214.16406
10818.25 -15734.89355 10832.4707
8238.967773 -17827.19922 11135.83594
12223.93164 -14445.46094 8527.901367
9599.176758 -7732.650879 6688.418945
9895.432617 -12231.54688 5750.136719
8649.532227 -6279.89502 10977.83105
10566.97754 -10452.08789 10059.69141
10083.4707 -8952.97168 8671.129883
11978.85742 -11491.21387 11278.7334
11534.83887 -10384.68652 8534.307617
10702.89551 -9675.674805 8423.369141
13008.13086 -15975 10564.64063
10800.71289 -15450.90137 8939.100586
8777.933594 -18075.60547 9262.836914
12739.49023 -13208.83789 9347.839844
