13972.13965 -12731.48242 11201.35449
8095.609375 -16924.11719 11421.81543
8234.145508 -12367.07129 5808.447754
7201.889648 -13155.68848 12133.41309
6650.715332 -8993.532227 9077.633789
7184.209961 -6918.22998 8384.030273
8353.448242 -8526.09082 8450.3125
7857.679199 -8720.168945 6775.80957
10051.60254 -11141.74512 12515.13281
8821.744141 -14728.14355 9137.188477
10683.63281 -14288.7666 7805.323242
7223.776855 -15207.13574 9926.574219
11847.65039 -11749.7627 9664.911133
10804.54395 -9769.022461 13292.79883
7621.833984 -7236.094727 9084.386719
9079.579102 -10402.02148 10411.14844
8068.670898 -13465.23926 10436.80469
8549.660156 -16350.26953 8449.984375
12393.5625 -8843.62793 9718.90918
7236.124023 -12139.29492 11344.24316
7881.011719 -10014.86914 9882.633789
9296.867188 -16160.29883 8845.030273
8924.048828 -8700.326172 10765.21484
6832.550781 -7800.791504 9279.493164
8875.87207 -15635.19043 11409.2998
7837.103027 -14528.48047 11986.41406
8484.402344 -7339.365234 12281.70508
10007.0459 -14154.25684 9679.779297
7652.080566 -7923.740234 6435.665527
10170.75586 -6971.197754 11584.46387
12564.94629 -8434.800781 11653.89453
7717.759277 -16947.70313 10266.50684
8315.253906 -11839.35938 7864.951172
9755.839844 -9726.561523 11190.70898
8369.526367 -13441.85254 11846.46875
8792.099609 -9024.577148 8681.841797
6415.175781 -15630.11133 9485.041992
7107.697266 -7370.332031 10428.69922
9659.267578 -8874.838867 10326.46094
8519.425781 -10580.16992 12360.19043
8327.363281 -9703.160156 8526.859375
7422.938477 -8783.999023 12632.85254
6583.864746 -12873.09277 7281.583496
6756.382813 -12875.83887 8284.421875
11632.70703 -14923.62695 10977.60742
6804.103027 -14501.75293 9576.258789
9741.658203 -8636.864258 12033.77441
7221.564941 -15427.375 9132.833984
6792.335449 -10706.1709 10216.46875
9520.474609 -12529.83984 11898.25391
7136.721191 -7079.560547 8616.910156
8837.726563 -9390.356445 11588.43262
7315.512695 -9972.286133 9949.116211
9992.070313 -13254.56445 7314.056152
6709.63916 -8769.667969 9524.350586
8806.032227 -7228.693359 12011.01563
8031.174805 -16247.81055 9814.3125
12321.0752 -8878.831055 9903.083984
6664.806641 -7875.145996 9477.111328
10295.30859 -13622.77148 9649.474609
9949.706055 -15174.16113 9669.077148
12718.72656 -9228.256836 10783.60645
7493.952637 -11307.62207 10084.84766
8715.324219 -10238.53418 12924.24609
7922.212891 -12416.11035 12611.13477
11849.96875 -7834.359375 9826.625
7510.859863 -7812.805176 11855.0332
8477.685547 -14843.99316 9920.307617
7994.706055 -8162.049805 10875.38086
9677.541992 -15272.75 8891.620117
10844.19727 -7059.669922 8915.228516
11523.28711 -9125.230469 10480.00195
8493.831055 -9531.900391 10588.43652
8027.316406 -10538.75586 7363.572266
8582.176758 -8620.854492 11604.49805
10559.61621 -13216.82324 7994.890625
6693.006836 -10688.83496 9393.493164
8071.432617 -10085.2793 12876.09277
6742.741699 -14046.20703 9854.387695
6975.281738 -8953.129883 7449.486328
8794.925781 -8773.517578 9712.146484
6905.515625 -9469.739258 9976.157227
10299.97461 -11144.45996 10111.02734
10040.6377 -9683.493164 10827.75391
10342.57813 -13937.25684 8154.941406
11826.11328 -14694.27344 7547.693359
8745.449219 -13169.25879 10210.11133
6918.543945 -9477.131836 8573.558594
10925.63477 -13075.71387 8578.791992
7939.850586 -11458.78516 11132.97168
11653.25781 -12203.76563 12497.73145
8866.201172 -12375.74805 7933.878418
6717.275879 -9300.744141 7878.255371
9373.40625 -7631.591797 9776.060547
8474.005859 -12380.35547 13051.12598
9596.461914 -8707.104492 10131.53906
9541.984375 -14139.37988 12229.80664
10614.39063 -6754.125 10756.50879
11905.84668 -13739.69531 10020.41309
10492.87012 -13496.24414 9720.271484
7989.012695 -15661.20215 11447.83398
10056.18262 -13804.24219 8349.37793
10626.49805 -12107.06738 11959.00391
7830.638672 -14562.28027 9698.262695
10307.43457 -8589.758789 6480.341797
8164.863281 -15745.92871 10437.2168
9726.999023 -12279.35449 9917.737305
9277.688477 -16028.93457 8312.364258
9961.90625 -9117.360352 7386.195313
6409.790527 -8276.670898 9907.645508
7352.452148 -8047.061523 9656.552734
7178.752441 -12298.02832 9080.405273
10815.99512 -12751.18359 10249.39746
8217.935547 -15555.9541 9870.892578
7476.561523 -9404.492188 11340.74316
10956.63574 -8574.557617 10844.45313
6765.063477 -8747.956055 8393.916992
8416.780273 -10545.39551 10132.87109
11091.05859 -8338.208984 10081.07129
8527.564453 -11822.70801 11818.81055
7010.705078 -10424.56055 8092.848633
7150.158203 -11835.79297 10145.73242
7818.29834 -9979.527344 13477.30371
6746.666016 -13895.9375 8679.135742
10770.55957 -7143.072266 10849.7959
9517.710938 -8061.646484 12669.47461
8290.805664 -6472.629395 9677.722656
8582.24707 -8539.808594 7243.978027
7687.283203 -14786.99805 9302.603516
8172.943848 -10338.4082 11648.59277
8753.848633 -13058.92285 7453.896973
8018.678711 -7146.526367 11575.51758
8623.941406 -14492.88574 7476.947266
6841.42334 -6789.647461 9055.59375
7675.245117 -15614.64648 8998.290039
7912.003418 -8175.36084 9435.173828
11308.31836 -11444.41992 6005.828125
11672.74414 -7020.481445 9713.972656
11502.9082 -16623.07227 11239.31934
9259.350586 -7815.654785 7493.841309
9464.426758 -10802.10156 12948.80078
13846.02539 -13151.72949 11079.15723
6889.013184 -12565.2207 11028.1123
12479.65625 -8620.182617 9529.37207
12353.9873 -10514.11328 12785.47559
10736.1084 -7568.503418 7145.125488
8946.533203 -7638.755371 6552.942871
11253.2959 -10311.43457 7165.819824
12057.68164 -9645.320313 11917.84082
9905.665039 -7814.13916 6764.582031
12784.66895 -14558.44434 7374.17334
9651.734375 -7363.642578 7753.311035
10646.41602 -17441.18164 7752.574707
10890.39746 -16535.26172 8242.189453
10043.37891 -7707.982422 7128.10791
13635.97754 -13888.38867 7456.425293
8764.250977 -6693.51416 10675.5
9836.001953 -7618.968262 7924.464844
10954.69336 -6922.907715 9514.887695
9188.145508 -13092.39453 6117.344238
11958.3125 -16064.11328 7548.79541
13484.6377 -10553.0498 10470.5166
11323.51563 -17267.77148 7778.608398
9795.893555 -7046.558105 11343.54688
8526.71582 -6849.573242 12131.95605
13305.23242 -9414.493164 10608.45215
12225.41895 -17126.19336 8500.860352
9088.169922 -8009.979004 12954.72461
7624.242676 -6287.660645 11401.70508
13648.7002 -12365.27734 10852.27539
9431.737305 -15580.98535 8205.376953
11467.83105 -7198.505371 8070.062012
13192.31152 -13030.38477 11702.12695
7938.82373 -6694.84375 10514.2793
9042.480469 -7207.315918 7908.831055
9833.240234 -11799.52734 5717.868652
9957.696289 -10346.61914 13154.64551
10190.20801 -9986.62793 12951.70313
12518.91211 -16499.89258 7576.931152
7194.168945 -8003.779785 6583.366211
12742.61621 -9569.270508 8006.332031
11172.58203 -8378.925781 7231.140625
8004.63916 -13050.98633 12793.68066
9799.599609 -13148.83301 12555.23926
9414.369141 -10443.05762 12972.95898
8243.088867 -18264.94141 11130.99512
9885.80957 -17472.86719 11373.78125
9231.87793 -15381.37402 7815.985352
12974.47363 -14586.62988 11445.54004
9410.503906 -13613.0791 6573.577148
9620.262695 -18019.6543 10834.75879
8050.479492 -16601.71875 9334.177734
12347.25391 -9052.029297 8356.792969
11573.62012 -11750.47363 6497.565918
11319.68555 -10324.44531 5818.817383
11367.98926 -12409.39063 6751.036133
11393.52734 -15239.18359 11360.28809
11200.6582 -12004.8877 5896.316895
9233.397461 -7460.603027 6684.998047
10948.72461 -11761.17285 6731.219727
11121.29004 -9545.304688 12920.55566
10703.96875 -9735.375 7083.168457
12598.29297 -9200.18457 7824.225586
14053.9082 -11297.0957 8162.305176
14238.7373 -11009.53711 11061.20117
7828.711426 -10274.67383 13371.63867
13524.71387 -9772.564453 9259.514648
9316.852539 -7056.364258 8593.643555
12807.57715 -8973.142578 8662.457031
13098.41406 -16700.77148 8601.726563
14024.14746 -13042.86523 10296.45508
13877.8418 -11344.96484 7707.304199
12038.3916 -12927.75781 7260.117676
12661.34473 -14432.23828 11399.5625
8511.18457 -17407.625 9166.289063
8209.71582 -8660.283203 13301.13281
11315.70898 -7368.85791 8241.99707
7824.260742 -6750.423828 13147.96191
7183.270508 -6528.096191 11671.14746
10551.6377 -17363.62695 10776.77734
9037.453125 -14472.26758 6903.23584
10836.81152 -11351.19531 5717.279297
12107 -16405.35938 10944.67285
12936.00391 -11287.69336 11620.66211
7209.692383 -6756.881348 8361.392578
9996.994141 -11749.4082 5560.479492
12582.52051 -17129.27539 8078.991699
10346.02148 -13804.25586 6698.97998
11865.61426 -11823.74121 6612.606934
9538.142578 -7631.625977 11963.06543
12330.46484 -14262.37598 7325.555664
8151.19043 -11234.58203 6019.032227
9917.786133 -10793.72168 12873.98633
10939.4502 -15302.09082 8214.125
12399.02637 -8718.879883 11746.86328
12787.40918 -8241.841797 8441.011719
9057.782227 -10391.10254 5498.759766
11839.94434 -7631.085938 7761.970703
10846.95703 -17579.67578 10469.25
13737.20215 -10772.63867 8586.347656
11602.59375 -7681.318359 7668.325684
13258.31543 -13748.04297 10678.68555
13229.09668 -9962.200195 11657.86133
8012.571289 -17520.27148 9585.269531
9692.748047 -7021.652832 11150.25977
10406.79883 -14752.25879 7682.728027
11901.89746 -16342.07031 8372.396484
12038.10547 -9395.757813 12294.04297
10820.17676 -12108.0957 12424.74414
12880.72656 -16850.67969 7652.019531
10018.69629 -12132.39941 5610.103516
12317.41211 -9879.921875 7245.677246
12250.63086 -10962.24512 6881.040039
13894.44824 -10128.63184 9450.754883
10553.81934 -16799.78906 7585.476074
11755.36133 -16350.89453 8508.375977
11809.72852 -7402.342285 8187.992676
8975.350586 -17884.09375 11073.58789
9203.226563 -14117.19238 12019.73438
10861.83398 -7449.713867 10121.33203
8009.266602 -9426.022461 5996.869141
7694.775391 -8511.101563 6759.521484
9802.532227 -6805.425293 12019.67188
8009.557129 -14943.69238 11747.86621
7771.712402 -8658.006836 6365.267578
11427.88379 -6584.549805 9571.995117
8089.247559 -6619.537109 13030.47266
13720.11914 -11424.16211 8889.427734
12460.09375 -9592.352539 9655.037109
12081.53223 -8511.918945 7450.526367
6928.871582 -13307.57813 8374.807617
7957.260254 -11840.60059 9627.233398
8416.045898 -11874.07813 9107.530273
7916.167969 -13417.79883 8866.277344
6422.053711 -11640.11035 8616.624023
7088.704102 -10841.93945 7555.833008
7268.523438 -10992.76855 12472.06348
6194.384277 -11583.33984 9939.479492
7874.57373 -9734.963867 11777.1709
7118.300293 -9892.554688 8090.158691
7547.66748 -10532.02734 8420.137695
8869.4375 -13568.6875 7596.352539
8513.958008 -12997.82617 8749.274414
7334.489258 -11433.00488 8660.857422
6570.643555 -12137.39648 9322.0625
8706.975586 -12352.11523 8627.892578
6983.381836 -11919.29883 8531.458984
7276.783691 -11080.00586 9201.444336
6976.306152 -9968.395508 9372.257813
8226.210938 -11135.12109 12313.50098
6467.047363 -9986.583984 7473.424316
6639.462402 -13667.27539 8089.89209
7139.927734 -14113.10938 8453.270508
7642.739258 -12800.48242 8468.073242
7764.297852 -11816.83301 9200.908203
8154.77832 -14015.73633 8773.101563
8269.067383 -11453.71777 7959.34082
7676.574219 -14152.16016 6691.494141
7110.12793 -13852.65918 7499.828125
7014.845703 -10604.02051 9124.213867
5938.156738 -11765.42773 9305.533203
6713.340332 -14904.05859 9611.620117
7152.818848 -10285.31348 11583.68848
6969.849609 -11683.85742 7583.678223
6884.541016 -13443.31641 7227.694824
6877.135742 -11975.03418 6868.386719
6999.05127 -10444.00488 8875.745117
7282.840332 -13801.28906 6757.01123
6319.186523 -9710.950195 8726.580078
6520.492676 -14127.76465 7633.3125
6756.6875 -13604.42578 8150.479004
8927.503906 -10612.49609 10649.69629
7206.692383 -12036.50977 10135.64355
8037.985352 -11487.83984 6855.803711
8255.25 -11359.1123 7351.536621
8614.620117 -12681.46973 8571.761719
7831.025879 -12967.50098 9311.829102
8608.018555 -13539.29785 6937.479492
6857.650879 -12466.61426 6983.013672
6720.592285 -11127.72266 12175.43457
6512.103027 -13030.3125 7394.521973
7051.235352 -10486.78613 9885.59082
7503.318359 -10230.84277 6135.078613
7667.179688 -13796.91895 6609.427734
8854.984375 -14139.13574 9834.74707
7612.700684 -9632.639648 13291.56934
6941.85791 -11000.02539 6538.104004
7799.364258 -10826.64551 7973.432129
7151.650879 -10458.62305 8726.091797
7306.735352 -11177.37598 8700.277344
8279.088867 -11470.25488 7631.740723
7992.950684 -11255.22656 9723.550781
8093.174316 -10931.27539 8299.558594
9583.360352 -11977.85547 7892.905762
7786.766113 -12855.86328 8712.665039
8459.078125 -12197.51074 7117.44043
8053.086914 -12110.17578 6812.277344
7430.274902 -14081.95801 8699.174805
8069.405762 -11994.97852 12609.46777
7462.265625 -13245.30176 8080.558594
6499.666016 -14407.8916 10964.47754
6244.944824 -11809.6748 9335.235352
6258.621582 -14093.67285 7779.131836
8312.615234 -10541.87402 13549.05762
6085.282227 -14894.97852 9348.908203
7410.82666 -11807.14355 8696.682617
7468.842285 -12088.11719 8097.989258
6238.764648 -12766.05078 8046.203125
6298.939453 -13587.64551 8489.020508
7777.220703 -8633.764648 8541.176758
6348.874512 -15492.85254 10290.72559
8929.069336 -11207.64063 12028.52148
7171.022461 -11944.79492 6528.556152
7720.922363 -11818.92969 7419.165527
7547.794434 -10595.68652 11530.95313
5882.756836 -8740.930664 9044.637695
7547.575684 -11213.90625 8138.380859
7162.870117 -15386.96191 9343.575195
8003.209961 -11421.43945 7248.509766
8231.712891 -13367.44336 8978.256836
6192.336426 -9898.963867 7440.262207
8618.828125 -12966.60547 7455.144531
6042.923828 -10430.5459 7376.39209
5959.560059 -8947.436523 7646.391602
6933.578125 -14897.2627 9200.711914
5885.789551 -10718.53711 9134.042969
6887.72998 -12553.28711 6597.588867
7124.730469 -13866.26172 8399.455078
7964.711914 -14358.2168 8739.672852
7113.208984 -14275.68555 8503.399414
6548.771973 -14817.5293 10762.8457
6921.608887 -9473.782227 10114.68164
7307.608398 -13552.81641 8228.299805
8750.625977 -11722.0918 9752.779297
8438.149414 -13909.3623 8854.025391
9081.438477 -17121.18555 8843.47168
6909.033691 -10964.69824 9723.024414
7342.59082 -12883.1582 7424.063965
7554.907227 -10869.6875 8484.807617
6777.382324 -10606.43555 9583.612305
7519.797852 -13130.42773 7211.11084
7656.938965 -10744.78711 9303.410156
6864.987305 -14405.41211 8027.574219
8253.53125 -11071.48828 5905.962891
7042.595703 -15353.88086 7624.074707
8686.03125 -11221.42383 11149.25195
7611.029785 -12871.59961 7812.456055
7710.056152 -11299.09668 9150.248047
8282.957031 -12228.54102 12524.34082
7492.331543 -11982.14648 10078.88477
6888.958496 -8596.489258 8605.045898
7989.78418 -10025.4834 8694.322266
7450.574707 -8965.845703 11193.23828
9076.257813 -12005.01172 7692.309082
8464.548828 -12478.39844 7583.989746
7647.397949 -10264.02637 11344.25781
7353.9375 -10690.08105 6474.597656
7556.174316 -13732.43359 7030.666504
7329.282227 -13875.36719 8077.493164
7343.556152 -11671.32617 8507.875977
7260.821289 -12351.89258 6495.803711
7291.839355 -9998.05957 9790.334961
6801.395508 -9970.610352 7587.014648
7067.164063 -14891.52246 7061.621094
7137.679199 -12189.0459 7254.010742
12704.70605 -12823.8252 11695.85059
13043.00781 -10476.72559 8451.788086
12982.37695 -9167.439453 9681.193359
11145.00195 -10291.5918 9834.999023
10346.67871 -6560.478027 10951.1543
10206.55957 -17248.19141 11363.15137
9332.274414 -13190.46973 6282.302734
11146.86621 -6453.993164 10020.91797
13525.45996 -13038.35547 10962
8629.035156 -16565.36328 8874.485352
11382.625 -9149.051758 7000.307617
9236.068359 -7778.414551 6429.222168
9841.99707 -9774.552734 7477.731934
13720.53516 -10484.00098 9819.861328
11348.06152 -14970.4375 11801.24805
13312.41406 -11101.34277 9288.384766
14054.43262 -13234.14941 10036.87891
9881.699219 -15824.33594 11801.49512
9942.123047 -7997.503418 7876.111328
7782.268555 -16494.05469 10452.15332
10935.87891 -13004.4082 10856.64258
14300.87695 -14139.37402 8374.227539
7896.316895 -18223.95117 11042.6543
12165.48535 -16127.74902 11231.54004
13924.14844 -12119.05762 11237.53613
10880.58008 -17362.89258 7615.307129
9051.588867 -8491.891602 5885.522461
13177.23926 -12719.58984 10746.63086
13221 -12981.49609 7362.794434
10620.65234 -8992.416992 9133.213867
8717.484375 -6637.084473 10554.54785
8960.594727 -14578.79395 6875.427246
11159.02832 -14134.98438 8830.136719
12206.31055 -9925.714844 7581.939453
9268.600586 -15030.52637 11018.83594
10631.75977 -12222.77734 5929.048828
10351.77051 -16879.81641 11509.63281
13054.54199 -14260.2959 11348.49121
10336.76855 -12423.04199 6103.531738
11129.68164 -9618.374023 9649.439453
14143.25586 -13915.69141 9480.094727
10146.28418 -12053.09863 5860.394043
12375.17969 -9301.327148 7336.012695
11658.12207 -16221.92383 11340.95605
11289.87891 -12508.53906 7477.573242
13473.97168 -12735.60938 10542.54199
11612.86719 -15182.94531 8676.398438
12285.83203 -14846.23047 11578.78711
9017.013672 -7059.182129 10961.06836
10669.95117 -10047.86523 6706.012695
10852.15625 -11138.9502 8853.652344
12393.79199 -12586.38379 11761.97266
13651.72168 -10691.19824 8137.162598
11773.28516 -11568.78125 6662.919434
12800.6748 -14545.31641 11484.10254
8426.334961 -9211.166016 5850.623047
11276.00586 -15470.84277 8202.834961
11238.8457 -15945.93164 8376.333008
10313.21387 -14413.04492 6893.430176
11259.50488 -9540.651367 8104.291504
11409.9707 -9522.599609 8916.600586
12885.82227 -12888.7041 10058.88379
11153.77051 -12010.16797 8121.621094
12372.46094 -10403.35254 7507.694336
13316.99219 -10316.22852 9620.448242
10828.34863 -13466.16309 8420.452148
9400.84082 -6206.796875 11029.8252
10863.95703 -15130.31055 6945.79541
14021.79199 -12049.21289 7914.045898
10165.75586 -15495.10254 9169.96582
13948.75488 -12649.47949 11085.0127
11517.37207 -10588.99902 8967.472656
11198.93945 -15707.26367 11485.6582
12496.81055 -17069.50391 8715.005859
12047.80371 -8891.774414 7085.879883
12068.85449 -17216.38281 8080.793457
10549.37402 -14879.99512 8646.197266
13101.12695 -12650.7959 10271.61914
12415.36426 -9877.642578 7676.518066
11012.23535 -10311.19727 6567.522461
12486.5752 -8917.391602 8060.550781
9061.014648 -11907.41602 7389.302734
10465.88184 -15529.3584 9030.178711
12970.62402 -9347.193359 7888.132813
13754.02051 -9919.863281 10731.70117
12049.99121 -14289.63965 7007.15332
13223.07715 -10348.22363 8698.015625
13601.25879 -13871.54297 10811.09277
10247.25684 -8976.814453 13020.71582
13293.7334 -8962.083008 10509.72266
12277.13574 -15739.73145 8212.658203
13048.16797 -8629.561523 9035.047852
11943.28516 -17193.11719 10655.19238
11092.75391 -11545.11914 10813.16113
12499.08984 -9126.182617 8822.05957
10390.67578 -10100.60059 8704.226563
10266.32227 -15653.96875 8199.879883
9051.785156 -8663.886719 6301.974121
9688.625977 -9894.319336 9658.113281
13909.95508 -11370.46973 11565.63574
13238.2627 -10616.11133 9967.019531
12163.50977 -9540.59668 12315.07422
11420.8125 -11681.95801 6621.064453
12713.34473 -8583.917969 8709.595703
12385.37402 -12566.24902 7271.204102
13128.79688 -10733.5293 8761.202148
11104.51172 -14650.32715 7152.922852
11021.11523 -12367.82324 7489.607422
9821.236328 -15493.23828 9235.183594
13245.84668 -9627.022461 8962.207031
10712.59668 -17724.15234 10642.27734
11481.80176 -13340.20801 7061.061523
11105.58691 -12230.02734 7054.220215
12787.59277 -13516.66406 9221.917969
9973.704102 -9079.615234 6366.621094
9854.793945 -10007.31152 8684.977539
9550.456055 -10395.82324 9923.699219
10756.93945 -12656.74316 11167.73926
11932.7207 -11995.96777 6755.230469
10302.7002 -13954.18066 7082.904297
10078.9873 -15775.69531 11727.63086
11071.54004 -11785.15723 9972.658203
9141.189453 -16908.57422 8828.214844
10790.88965 -9899.900391 6993.568848
8298.509766 -9662.191406 5981.90332
11948.86914 -9666.118164 8993.631836
9687.642578 -7662.855957 6289.79248
12329.44531 -10658.41113 7274.94873
7951.925293 -6751.335449 8241.707031
13235.12012 -9698.59082 9758.795898
12444.43066 -13919.15039 9079.106445
9793.128906 -13565.11523 6623.890137
13264.16699 -9641.554688 9271.564453
13193.60059 -9008.396484 9995.733398
12101.07227 -14160.60156 10249.54883
9605.255859 -11110.07227 8315.233398
13026.01465 -11067.84668 7121.672852
13159.66309 -13743.85059 11149.12402
11670.85449 -15199.86133 8444.482422
10244.03418 -14747.05273 8991.619141
13227.79297 -13028.23828 11280.68066
13862.27637 -10097.65039 10989.16504
7963.320801 -7049.310059 8000.131348
10118.60449 -17311.37305 8037.374023
12019.33398 -9019.696289 7744.190918
11874.73047 -11825.97754 9098.532227
10926.14941 -11262.85156 5844.111816
13265.45703 -13474.17383 11475.85059
10563.11621 -14383.13379 6584.436035
12701.69629 -10098.30176 8304.200195
9062.289063 -11391.08301 7910.230957
11070.9043 -7888.920898 7412.986816
9058.664063 -7192.52832 10450.08496
13089.30176 -9751.443359 12143.9502
12449.41016 -10519.57227 9261.487305
9468.578125 -9801.24707 8698.912109
7792.227539 -15014.87988 6730.007813
12779.22461 -13503.47852 11728.19043
12018.21582 -14887.38867 10047.6084
9314.456055 -7137.386719 11165.4668
10849.96094 -10049.8877 7449.716309
13231.62402 -11612.45605 10098.72949
12071.30078 -12362.53809 8588.680664
10619.32617 -16337.1543 8764.976563
9810.390625 -15778.82715 9792.90918
8983.499023 -11094.87695 7943.405273
9523.615234 -7973.768066 6256.103516
10825.48242 -6919.463379 8763.486328
13962.40137 -13281.38867 10665.9668
10544.79199 -9835.686523 9988.669922
12487.92969 -12229.2041 11139.95508
14102.26074 -11655.75684 8247.588867
11918.94043 -8109.381836 9162.297852
13750.93066 -11002.2959 9115.282227
9192.661133 -14362.48242 12396.25488
9830.258789 -9725.018555 9283.624023
14201.34668 -11970.38965 10030.83008
12091.93945 -12609.28418 10536.70801
11852.35645 -11169.48535 9926.960938
11090.06836 -7231.589844 7822.20166
10540.44336 -9632.25 7111.130859
11913.5918 -12230.91309 7557.287598
9985.933594 -7721.100098 6959.248535
11640.26367 -9101.647461 8800.875
10103.66602 -9915.881836 9173.532227
11948.92676 -9590.996094 7150.385742
11807.18848 -9808.963867 9464.942383
9914.774414 -7148.226563 11225.30371
13206.15137 -10234.64355 10680.25977
11203.55859 -13215.20898 8882.488281
8889.352539 -10395.55273 5664.847656
10544.11816 -8699.536133 12766.22754
10479.82813 -15494.54785 8583.051758
9932.362305 -9621.53125 7961.630371
11467.41406 -10505.16992 6891.399414
11997.68555 -8753.332031 7379.632813
13737.58496 -10420.77734 11087.29883
13135.3916 -9308.917969 10457.44531
11659.89648 -9237.858398 9045.214844
11087.18652 -13825.53027 7438.624023
9623.492188 -14727.40527 9975.78125
13343.56934 -8897.853516 9955.546875
10028.35254 -13998.3584 6611.140625
14521.77734 -12496.98535 10096.8457
12779.02441 -16804.29102 10341.07422
10939.07129 -8691.59668 6995.662598
12489.56543 -12806.72949 10542.09863
11705.23145 -12140.56348 8145.771973
8886.84375 -14965.00781 7879.252441
10457.58496 -15144.67285 10260.42969
9586.112305 -7043.212402 9335.503906
7333.835938 -6432.231934 11140.4541
13061.59863 -14279.45508 10148.2666
10465.42773 -8191.115234 7300.61377
12931.19043 -12072.08301 11805.16602
12476.45508 -9727.459961 8725.026367
11014.7207 -12133.10742 6427.165039
13278.0918 -10674.46777 8915.777344
13254.75977 -13105.14746 11493.82617
10202.39941 -15883.02148 11958.99902
13119.5498 -11954.67383 10959.0957
7996.220703 -10714.41797 5882.214844
10303.00879 -17283.41992 8294.995117
12021.36719 -16133.7959 11342.00879
11119.4873 -11883.16895 10509.53125
12181.61816 -16116.72266 10960.78613
10008.6377 -15604.33984 7539.702148
11961.03125 -11365.20801 10634.15918
12043.42676 -17486.42578 8751.222656
9499.080078 -15635.51855 8872.496094
11593.39551 -11740.36328 10658.96191
10607.09473 -10494.35547 6326.193848
11183.08594 -7576.66748 7531.309082
11850.47363 -11746.55566 9864.451172
11875.20703 -10132.42676 7089.248535
8979.128906 -15904.3418 7785.316895
11832.03418 -12576.59668 7297.516602
9737.900391 -15600.07422 8075.486328
9278.129883 -14243.05664 12663.69824
13066.53711 -10327.34863 7903.623047
11985.24609 -8832.236328 7210.682617
12784.26855 -14533.41895 7909.21582
13589.67773 -10198.99316 8845.444336
11892.71875 -12215.16602 10628.31543
11545.33105 -15600.64844 11151.82422
13136.38379 -14201.56738 10296.33594
10536.05176 -15445.0498 11212.32324
11424.59082 -10145.89746 9942.899414
13085.73926 -9919.584961 10746.84961
10575.11816 -12926.5791 7493.759766
9959.238281 -7999.869629 8892.59375
11646.03613 -12407.6582 12261.15527
12288.1377 -12239.54395 9408.904297
11623.0918 -11154.61035 9888.432617
12168.60156 -12167.61621 12394.33984
10113.63672 -14737.72656 7536.920898
6140.362793 -7126.889648 8537.700195
14409.91797 -12619.9707 10390.44531
11882.71094 -9819.5 7788.262207
12032.91992 -7521.983887 9131.714844
12810.81934 -11049.40918 11812.98438
9007.775391 -15710.70215 7956.810547
9786.94043 -11237.54297 5314.709473
14125.44531 -12160.7666 8153.791504
10050.89355 -9085.884766 13394.0459
12700.77539 -9890.039063 10510.53711
10852.87012 -6923.73291 10760.61914
11871.61816 -14738.74707 8521.800781
8608.048828 -17265.59961 9181.65625
10546.05371 -15878.47363 7853.881836
9658.670898 -15585.71875 7809.66748
