8714.564453 -14511.89746 11571.48438
10273.64941 -10568.76074 11476.94629
10273.71777 -9462.118164 12093.88184
9823.523438 -7451.282227 8548.305664
8911.075195 -8097.180176 9089.474609
8930.477539 -13655.96777 11939.37695
6827.469238 -7959.319336 6986.489746
9238.112305 -11878.58789 9799.832031
10196.30664 -8499.026367 11381.86914
11110.7627 -9382.316406 12036.66406
9307.594727 -11692.58301 12732.32813
8175.581055 -15154.55762 11314.66309
9161.49707 -9868.743164 13061.14063
9091.225586 -13505.54395 9708.609375
9761.003906 -11437.8916 11646.62793
9062.455078 -12758.91406 9295.261719
9662.533203 -10289.21582 12165.54102
8822.803711 -12098.91504 9509.050781
11892.84277 -11213.25391 11969.32422
11681.78906 -10275.89258 12186.79102
5979.099609 -12890.69727 9568.351563
6237.754395 -12549.93066 11198.31445
6348.984375 -11240.0625 10427.50879
6223.374023 -12263.16211 9884.760742
6650.01416 -12026.28418 11965.3916
6180.935059 -12819.84082 8358.322266
5958.541992 -13116.88965 9561.274414
6614.42627 -11779.32813 11991.5957
6661.85498 -12837.29883 11283.95898
5953.25293 -10657.89258 10058.10645
6505.700684 -10095.48242 11968.64551
6525.695313 -9312.414063 11419.2002
6273.14209 -12399.42383 10597.79297
6516.382324 -9870.100586 11761.31543
6144.810547 -11746.69238 9602.388672
5940.224609 -12480.64453 10108.18555
6209.222656 -11578.79004 9868.828125
6609.825195 -10009.6875 11959.15332
6199.661133 -11114.81836 9456.494141
6154.402344 -12089.06738 8827.558594
6062.55957 -12344.12695 10709.60938
5837.07666 -10188.70996 9911.251953
5976.845215 -13140.41309 10137.88867
6397.390137 -10960.2373 11412.02637
6685.526855 -9763.814453 11956.69727
6454.393555 -12820.16113 7877.679199
6226.93457 -11993.7334 10033.33789
5990.286133 -12764.63281 10375.77246
6328.991699 -12931.93359 8509.352539
6070.186035 -11777.20605 8999.010742
6811.342773 -11700.43457 12091.22363
5899.17334 -11506.21289 9222.208984
6099.182129 -11301.62988 8905.885742
6423.480469 -10274.70605 11391.14453
6497.296387 -13139.62598 8078.234863
6083.667969 -11258.46094 10286.09766
6199.583496 -11497.19434 9250.529297
6127.094727 -12142.92188 10061.15918
6230.764648 -11433.89258 10774.16211
5955.227539 -11560.1123 8675.161133
6067.936523 -11246.80371 9231.220703
6027.477539 -12255.23047 8601.69043
6353.22168 -12200.43164 7759.578613
6049.26123 -13265.95215 10202.92871
6085.202637 -13012.5459 8392.045898
6745.821777 -12036.81738 12134.34277
6359.834961 -13480.14453 8231.224609
6109.764648 -10991.89941 10188.65039
6293.59082 -12734.05664 7922.778809
6312.954102 -12998.84375 8151.224609
6026.814453 -10757.00391 9862.985352
6080.639648 -11910.33984 9991.06543
6627.131836 -10209.17578 11842.67969
6402.354004 -13345.49512 8490.097656
6170.528809 -12151.4375 7724.079102
6018.23291 -11314.59277 8729.733398
6023.844238 -11930.86133 9352.615234
6098.186523 -12209.76855 9525.259766
6023.706543 -11459.22168 9775.428711
6562.185547 -10221.76074 11974.47266
7038.410156 -13419.12305 11763.37891
6739.67041 -14842.06836 10984.03027
6377.279297 -15084.32227 10439.29102
6216.164551 -10589.26074 7076.616211
6182.688477 -15079.21973 9616.397461
6530.471191 -10632.61426 7010.912598
7323.342773 -12178.64258 12646.94727
6395.830078 -8830.976563 10095.12402
6784.787109 -10281.36719 12206.83984
7086.663086 -10893.39648 12692.28711
6393.395996 -14774.09277 10637.93262
7402.067871 -14659.39648 11763.63965
7394.822754 -13335.47266 12192.71875
7116.355957 -12914.27832 12012.33887
7899.739746 -12498.55469 12778.0791
7019.509277 -11657.28418 12347.24805
6042.154297 -7467.533691 9695.198242
6531.538574 -14649.78027 10821.83008
6289.169922 -14330.23828 9768.493164
6217.390137 -10681.88672 7279.050781
