12481.88184 -12908.64551 7964.611816
7420.583496 -6985.304199 9280.489258
8745.770508 -12937.79004 6742.370117
6324.634277 -10406.10352 10502.79395
5982.189941 -8554.575195 8528.404297
9774.789063 -11007.78711 13108.17773
10251.09277 -15014.57422 12290.06836
8991.112305 -11827.72852 13346.21582
8344.477539 -16231.42188 8208.705078
8959.021484 -6972.855957 10287.6084
10700.14453 -13234.60742 11662.28418
9405.59082 -7548.323242 12142.71875
10290.26855 -10922.92188 9365.356445
7848.257324 -10458.93359 6599.532227
10164.58887 -6910.692383 8518.831055
6687.943359 -7326.291016 8383.689453
10471.83984 -14189.55176 9060.420898
9397.759766 -13564.80762 7621.033691
8017.184082 -9165.043945 7594.556641
8054.481934 -9579.470703 7875.848633
10470.57227 -9307.375977 12122.0752
7817.166992 -12085.90332 10178.92578
7412.880859 -6796.237305 11675.81543
10208.25879 -13304.24512 10363.58105
6516.518555 -13122.75195 7670.677734
6527.351074 -12060.38281 10270.7998
6640.755859 -9338.9375 9513.857422
6121.112793 -7933.80957 8440.669922
9338.624023 -10849.16797 11175.2334
10007.83887 -14729.69434 11605.01367
7691.845215 -13753.40039 9380.746094
6704.616699 -14242.08496 10384.97559
10398.73438 -13892.59277 8422.536133
10486.61914 -12467.42578 7721.081055
6988.844238 -6513.459473 11600.17773
7262.744629 -12419.34766 9140.291992
7507.404785 -12213.67383 11350.39648
8946.764648 -13861.43066 10914.37305
6794.698242 -8683.077148 10707.54785
12528.53809 -8291.991211 9306.580078
12413.30566 -9651.672852 11022.68066
8017.631348 -9708.504883 10952.62793
7072.754395 -12103.54102 9112.018555
7424.260742 -10747.41113 6974.44873
8996.766602 -8890.608398 9414.976563
9492.862305 -6695.921387 8397.371094
10275.94141 -15546.33105 8848.319336
10428.45117 -12559.91406 7651.822754
10393.13477 -7715.78125 7970.77002
12125.22949 -8859.254883 11687.08105
8593.958008 -12266.56055 8870.482422
13169.61816 -11557.66113 10573.76855
8550.263672 -13317.25195 8011.783691
6545.312988 -14956.46582 8264.866211
7404.558105 -13444.65625 8219.27832
7728.457031 -13511.74707 8742.621094
6902.474609 -11652.92188 10760.91016
12720.78516 -11025.74316 11035.88867
9397.488281 -15775.69336 11718.48438
8198.405273 -16481.09766 10282.59375
8929.558594 -15176.37988 11784.68066
7819.600586 -10677.90234 12407.18262
8589.926758 -6874.679199 10489.18652
7029.599121 -8062.240723 7875.556641
11904.63379 -15400.07813 7262.202148
9733.000977 -16768.75781 9040.486328
5808.025879 -10077.01563 8321.410156
8543.621094 -7913.040527 11879.69434
8709.707031 -13636.94531 8259.19043
6942.331055 -6895.015137 8599.895508
6199.139648 -8771.116211 8418.540039
11786.45508 -12058.43262 12495.50293
9342.579102 -6938.719238 11788.78613
8923.905273 -15383.79395 7821.089355
12001.51855 -7201.835938 9723.364258
9286.995117 -12126.32031 12571.09961
5912.863281 -10562.87695 8162.385254
9806.219727 -10795.40527 10370.11719
9960.439453 -13551.0918 11861.19824
8342.314453 -8390.524414 6458.349609
6726.457031 -11250.13184 7288.505371
8342.776367 -8821.111328 12864.32813
10702.83594 -8666.918945 8880.905273
9141.490234 -7081.688965 7834.894531
6742.862793 -11444.25781 9991.935547
9179.306641 -12930.84863 12442.85645
8543.304688 -14706.28809 7824.742188
9504.344727 -13836.75195 9997.825195
9187.141602 -9847.700195 9808.644531
10490.4082 -11734.8291 12810.17676
6463.938477 -14715.66309 8885.665039
9937.720703 -8567.802734 12210.93066
6394.226074 -13500.39648 7454.960938
7749.554199 -11808.34277 5924.980469
7221.672852 -13399.38965 9030.974609
8811.402344 -14181.15332 7632.458008
6299.540039 -13778.31641 9257.870117
6056.357422 -10659.66504 9093.694336
7569.445313 -11173.17676 5678.761719
6871.143066 -10893.11426 8696.24707
7313.749512 -8985.961914 12175.56738
7081.25293 -11171.91113 8477.885742
6473.658691 -10628.25098 9589.385742
7768.816406 -10925.53125 8409.571289
8047.730957 -13225.89551 8565.753906
6046.789063 -13527.30078 10132.03516
6598.175293 -9413.203125 10143.34863
7422.989746 -12476.63867 9094.759766
5958.055664 -10644.52539 7671.139648
6994.869629 -12674.67188 8567.626953
6406.34375 -10588.82422 7874.685547
6190.236328 -8093.412109 9504.651367
6646.22998 -13164.52441 9165.813477
7761.23877 -12987.55859 8011.563477
7378.662598 -11359.63477 9044.057617
6978.761719 -13117.36523 6719.241699
6161.684082 -13352.9043 8173.388672
7632.92041 -12775.53906 10265.52051
8071.320313 -13396.62207 9829.474609
6483.100098 -14023.03125 9546.296875
7691.496094 -9496.65332 9637.421875
7765.71875 -10135.31836 11208.49609
7691.30127 -12719.03809 11953.11328
6131.047852 -13218.80859 9052.804688
7473.68457 -12036.04297 9206.614258
7261.143066 -13266.4834 6859.006348
8995.949219 -11967.95898 7000.583496
7573.908203 -12323.36035 6770.091309
7694.187988 -12514.51953 6657.346191
8065.083984 -12665.74316 10704.81738
7309.839355 -9986.429688 11299.02539
7258.360352 -13049.42871 8978.170898
7590.763184 -13148.16406 9553.469727
9405.145508 -9561.117188 9088.452148
6841.251465 -11260.16699 7274.879395
5917.781738 -11232.50391 9854.587891
8384.18457 -12355.17871 9754.666992
7925.314453 -13476.72559 8786.647461
6993.901855 -12263.58496 7503.957031
7070.195801 -12013.0127 9363.703125
7390.46875 -11035.6709 6468.641602
7192.88623 -13156.83203 8726.907227
6147.800781 -13602.41309 10166.80176
6556.964844 -11588.23828 7511.098633
6821.899414 -13323.0293 7254.591309
8324.464844 -10307.1543 11502.46582
7622.430176 -11517.29785 6183.388672
6386.182617 -11192.48242 8913.116211
6654.351563 -10985.30371 10534.09277
6130.766602 -15320.61035 9935.130859
7736.881348 -11528.53027 11300.83984
6579.027344 -12237.98242 9907.892578
7736.520996 -13559.24121 8619.801758
6256.814941 -14163.13281 8201.474609
7336.887207 -13244.0625 7756.046387
6766.993652 -12165.55273 6580.540527
6546.458008 -13218.28027 7559.19043
6519.345703 -11340.96777 6911.190918
6744.885254 -9994.999023 8640.805664
7107.688477 -10704.7998 11533.09473
6243.431152 -14073.03613 7667.249512
7229.90918 -12783.40332 7339.571289
6645.896973 -11068.45703 11940.59082
6569.195313 -9839.931641 8310.674805
6518.568848 -9506.594727 10291.5166
6411.020508 -12269.62891 9383.824219
6891.045898 -12512.16309 7235.392578
6342.376953 -12845.56934 7680.225098
6936.616699 -13854.94141 7309.996582
6028.115723 -9622.138672 8865.09082
6323.398438 -11374.91016 8719.026367
7462.057129 -14049.16504 8320.02832
7486.087402 -11703.37305 6738.390137
7478.26416 -11914.20801 7842.02002
6670.815918 -10468.35059 10424.28223
7325.586914 -11806.00098 8164.51709
8430.023438 -14473.37695 10275.25781
6129.047363 -12120.54492 7874.779785
6545.709961 -11122.19824 11860.29297
7218.392578 -13230.3584 8615.013672
5969.246094 -9000.464844 8292.30957
7463.874512 -13407.20605 7063.836914
8816.769531 -11746.22949 6500.655762
6600.075684 -9737.045898 9681.358398
7177.04248 -10358.38281 13275.03516
8582.291992 -10789.59863 5898.616699
6737.237305 -11597.47461 10885.29102
6815.862793 -11702.56445 8997.432617
8417.754883 -14305.38281 8642.870117
6697.406738 -13814.18848 7720.200684
6498.631836 -11309.75195 8914.382813
6724.064941 -13309.95605 7548.895508
8368.360352 -13343.70605 7351.54541
6925.718262 -9733.498047 9961.50293
6656.296387 -12014.5498 12002.625
6619.457031 -14168.50879 9312.989258
7580.141113 -9514.40625 11104.96191
5912.640625 -12636.1709 8646.288086
5932.056641 -11795.03906 9937.212891
6616.177246 -10500.42383 7798.281738
8120.670898 -11923.84863 6030.165039
6084.009766 -14027.24121 10277.49609
6450.733398 -8790.264648 10657.18066
7120.567871 -12945.64355 7038.253906
6055.921387 -14976.22168 9803.408203
6812.131348 -12199.99805 8487.417969
6840.556152 -11595.7334 7800.65625
6927.611328 -10559.39746 12570.68164
6250.054688 -10394.7334 9110.880859
6622.688965 -10568.82715 12358.29785
7324.523926 -13379.21191 7370.151367
6899.150879 -14109.13867 8518.59082
7976.759766 -12910.43359 9049.361328
6722.159668 -10587.75 10613.83398
6421.257813 -13177.67578 8438.255859
6311.840332 -8761.150391 8464.545898
6706.836426 -11012.32422 7753.894043
7481.769043 -13995.05371 7610.519043
7921.542969 -10933.03418 8330.115234
6014.500977 -12043.21875 8833.785156
6641.621094 -13289.66016 7463.271973
8264.102539 -14024.24121 7943.950684
7273.279785 -12270.57715 7156.859375
6621.023438 -10698.55859 8251.755859
6955.845215 -9944.592773 11596.68164
7519.702148 -11852.57715 12364.7832
6552.783691 -13502.92773 7948.941895
6821.102051 -14308.36621 8146.425293
7646.034668 -10242.25684 13336.31641
6392.04248 -14776.46289 8837.361328
6092.960938 -10896.48535 7883.458984
7404.387207 -13088.65332 7916.522949
8946.112305 -6585.144531 11307.3877
10470.61621 -17491.09766 7990.199707
9780.217773 -15703.85938 7818.737305
11648.25684 -7876.080078 7559.950684
10456.49219 -9353.305664 7091.217773
11495.84668 -9449.128906 9637.098633
12818.62891 -10257.5791 8941.484375
11959.4707 -12542.05371 10055.61133
10526.45996 -9877.777344 8979.941406
13476.98633 -10995.91992 11643.3291
6189.485352 -15270.27637 9037.970703
11881.93066 -14721.55566 11320.86523
12359.36621 -14698.37109 11467.6748
13593.73926 -12547.83691 10675.96777
12754.34277 -9421.411133 9512.756836
6393.087402 -6886.001465 8875.545898
12349.93555 -9304.87793 7499.563477
9822.503906 -9164.365234 6366.358398
10782.21191 -7131.022461 8010.148926
9291.001953 -10451.67285 9672.533203
10229.37891 -9936.860352 7720.999023
10661.55371 -12196.86621 6566.373535
12691.4502 -14808.75879 10875.22461
10678.72168 -13584.30078 10261.60352
14429.56543 -15011.72949 9019.435547
13279.29492 -9794.291992 11167.95605
9215.392578 -10656.89063 9053.432617
8976.762695 -6714.500488 11340.59082
11534.0293 -8185.386719 7359.571777
12264.74219 -16409.25977 8014.935059
13386.49805 -14537.91309 7574.190918
9710.676758 -8652.374023 7512.373047
10869.81543 -7688.816406 7288.674316
10951.29785 -9820.035156 8319.078125
12639.21191 -14195.4707 7101.226563
10653.48145 -6568.791992 9558.757813
11764.51563 -17393.67773 7927.228516
11905.87305 -12835.13867 7147.286621
9458.865234 -18277.6875 8959.320313
10920.07129 -10516.0459 9365.241211
9686.466797 -7041.802734 9116.291016
8324.349609 -15519.01172 10801.27637
8788.985352 -10733.77246 8872.878906
13270.78223 -16089.42578 10483.91211
14017.91992 -14639.25488 9517.032227
8410.378906 -10929.55762 5660.717773
10369.52148 -15169.0459 10228.95801
12102.86133 -16768.55469 11010.23633
7477.23877 -15239.32129 6852.520508
10866.19922 -10247.31055 7932.38916
9157.820313 -6971.102539 7358.035645
9493.197266 -9506.645508 13241.40234
10594.33691 -10689.63574 6323.691895
10557.84277 -16405.21289 11321.53027
13620.17969 -10553.90332 10776.51172
11078.41406 -11758.39258 10132.81152
8761.996094 -15757.8125 10178.77832
12727.86914 -13496.59668 10662.48633
12108.47461 -12321.6123 7662.962891
12007.3916 -8759.303711 6970.500977
11009.42578 -12892.60938 8354.203125
10170.36426 -9659.822266 8290.592773
9929.160156 -8787.573242 9096.414063
11609.08105 -9320.563477 7338.625977
12974.12207 -14201.97559 11230.47852
10420.0752 -9638.210938 6144.98291
10736.14844 -13059.22363 8403.933594
12686.33984 -12240.36133 7191.783691
12587.84277 -12498.25195 6990.202637
8925.378906 -14645.89453 7415.329102
11548.28613 -11358.76758 11263.51563
8930.144531 -8629.641602 13275.20313
10310.03418 -9880.384766 9658.587891
10580.91699 -10027.91699 7168.489746
9139.06543 -12266.36133 7472.085449
9777.535156 -7190.37207 11745.45605
9675.354492 -15770.24902 11300.28809
9633.037109 -14828.62305 7760.29541
10316.03906 -9737.116211 8565.657227
11761.06543 -12212.15137 10942.33496
12971.42383 -14439.26465 10417.56543
10463.58008 -14785.84668 7834.298828
10985.16992 -15261.89648 8961.300781
7997.126953 -17239.54883 9517.009766
5816.293945 -8737.780273 7883.399414
8006.438477 -17108.32227 9104.151367
11719.08301 -11596.46875 6371.120117
10940.73926 -14682.48145 7223.358887
6055.135254 -7744.188965 9960.230469
13385.8252 -9120.644531 10518.01563
11659.38379 -10258.81445 9315.245117
11237.9043 -12320.03418 12073.8125
11957.52344 -12671.98145 11428.43164
