6711.412598 -11447.42285 11618.94238
12609.6377 -8491.224609 10767.44336
10557.27246 -7525.078613 11294.49219
9865.564453 -8993.62793 11832.95508
10230.33984 -11620.19336 13288.09668
6843.266602 -14361.70508 8945.708984
7701.530762 -15349.73926 10359.39258
11255.66016 -15342.90332 11023.83984
10179.17188 -12594.51074 8780.703125
7185.27832 -7431.626953 8803.05957
11707.52148 -8353.74707 9659.205078
7359.745117 -10133.61914 7220.686523
10563.40723 -14785.86914 11715.97949
9237.375 -11939.86133 12209.10156
9448.588867 -10411.31738 11193.14063
12646.70117 -11767.94531 10538.19238
8065.773438 -8315.84668 7223.22168
11121.64063 -12682.53223 8865.760742
10163.5752 -13230.6377 8202.18457
6782.232422 -15834.9873 10240.19043
6239.226074 -9339.125977 9804.844727
10890.27051 -10892.1582 12225.41504
10728.49316 -14110.39746 12162.79785
10783.80371 -13356.42676 11695.94922
7517.350586 -11689.68359 12485.43848
12342.7793 -11665.25 11872.11719
6351.135254 -9198.423828 10840.19434
8402.854492 -9020.423828 10876.94727
9940.772461 -11932.70313 11030.24609
11071.8457 -11112.19336 13583.61621
11258.66895 -7571.491211 10406.1377
6925.435059 -8701.634766 9363.029297
11512.50781 -9928.324219 8398.9375
9818.745117 -13338.59766 9372.884766
8837.013672 -10774.47168 11697.30371
7812.283203 -7277.058594 11713.69629
6357.221191 -10789.21191 8674.47168
8253.237305 -11107.97266 12646.38086
8832.06543 -11627.2002 7283.028809
9835.171875 -11422.64648 12185.88672
7933.526367 -14137.4209 9138.798828
11994.33887 -8738.987305 10301.09863
8269.40625 -13084.17285 7591.709961
6890.359375 -9999.90332 12491.13965
6168.945313 -9242.783203 9164.307617
9995.418945 -11822.4707 6644.757324
7364.900879 -16048.50684 9329.356445
9673.211914 -12344.33594 7623.379883
6304.748535 -11747.3291 10695.46484
8534.894531 -10871.03223 13252.34473
7894.15918 -11555.8457 10275.50977
7842.520996 -17009.83008 9895.152344
10005.41406 -7231.90332 9347.162109
7569.501465 -15232.72363 8761.313477
6549.644531 -10004.3418 10363.60645
11020.19727 -13798.65723 9727.057617
5914.749512 -11875.59668 8435.925781
6928.255371 -10438.34473 6545.486328
9091.446289 -12629.49609 6229.871582
7097.622559 -13403.54004 7945.447754
9833.677734 -13471.7002 7460.280273
7785.285645 -15112.77441 12008.12109
12156.69434 -13433.82031 9615.423828
7958.09375 -7577.07373 11082.83105
6595.761719 -7287.646973 10014.53516
12167.3252 -8407.249023 11111.05371
7250.437988 -12676.03125 6813.448242
10515.62305 -8646.442383 7059.62793
6715.712402 -12503.28613 8112.499512
6518.421875 -11685.00488 8280.708008
9577.650391 -14148.89941 9336.013672
9064.652344 -7656.853027 12045.73438
7629.905273 -14246.35938 7796.908203
12034.35352 -14814.78906 7893.868164
12057.40918 -12336.85449 9643.467773
9298.47168 -15944.69922 11537.63281
11083.07227 -10814.50488 10423.20996
9035.094727 -15807.31738 12049.59473
8252.110352 -7634.368164 7394.253418
7634.547852 -12262.71582 9843.959961
9826.654297 -14020.05859 7414.134766
8156.032715 -12527.70215 6372.122559
8871.137695 -8669.957031 12013.93848
7547.09668 -10867.0166 12282.5459
8008.834473 -15176.83594 8090.835938
10522.45801 -12006.42773 12478.73926
7123.46582 -16031.39258 8627.597656
7532.001953 -9219.353516 11767.28223
7150.330078 -11270.12793 10101.36621
8475.887695 -9001.054688 12308.84375
12350.85938 -9477.384766 11818.22559
6660.125 -13940.39063 8339.612305
6041.057617 -12856.19238 8775.00293
9291.174805 -14919.70703 9715.025391
9126.769531 -10097.90039 11027.21777
6520.817383 -11840.3584 11487.54395
13693.62402 -11971.81934 10875.12207
7141.455566 -14045.41309 10597.92285
7217.714355 -13677.3125 9647.586914
7807.199219 -8605.134766 7526.981445
8843.543945 -9205.329102 11506.25195
11567.70215 -11626.80762 12628.35742
8131.219727 -6478.286133 10082.92676
10862.07324 -9099.000977 10591.29883
9068.922852 -8361.207031 12581.44922
8332.012695 -11852.5459 8415.330078
7330.240723 -14948.36914 7389.994141
11524.29883 -10605.92578 12458.41602
6746.259766 -9541.549805 7280.950684
9986.523438 -8326.271484 12193.44922
9274.475586 -8396.749023 10763.09766
8424.071289 -7901.415527 7873.828125
6427.744629 -10383.7334 8460.227539
9703.618164 -9288.09082 7892.73291
8987.09082 -9399.749023 9826.133789
10838.51465 -9904.727539 10846.03809
5752.89209 -10233.15625 9249.107422
7990.873047 -10162.17773 10710.61035
7559.25 -16042.01563 11646.75293
7355.875488 -16193.49414 10297.39258
8428.103516 -10281.02832 8052.651855
6807.653809 -10318.9375 11012.30859
7115.646973 -7648.908691 11617.47266
9934.898438 -7672.87207 10463.57813
8504.902344 -14944.28223 11911.29883
7787.382324 -16048.08887 8635.975586
8410.163086 -14363.00781 10524.2666
9428.580078 -14402.94238 10932.47461
7145.072754 -8330.057617 7458.666016
8710 -14931.04688 10675.94531
8406.40625 -11652.12012 11209.25488
7235.106934 -7380.588379 8109.985352
6342.64209 -8128.316895 8513.967773
6422.117188 -15207.94727 8901.611328
9992.516602 -8240.958008 10047.33496
7443.900391 -11014.39063 13095.28906
9896.833008 -14252.55957 11416.88086
12409.49609 -8170.566895 9955.825195
6589.239746 -8295.03125 10357.08398
10757.66797 -7647.518066 10787.67383
6863.132324 -9108.511719 10051.04102
10458.00586 -7637.842285 12004.19434
7564.085938 -15775.94824 9796.985352
7040.083496 -12322.93555 12274.48047
8154.191406 -14151.38477 11682.73633
7311.669434 -10727.59082 10788.80078
7270.27832 -8984.777344 7484.629883
8771.219727 -7597.186035 8559.50293
10606.21582 -14377.70508 10946.04883
6102.799805 -7759.900391 8657.373047
7965.365723 -13578.37207 11478.37598
9267.791016 -11257.55273 9324.131836
6937.851074 -7600.704102 10822.98633
7373.174805 -9535.654297 8178.770508
7962.339844 -8467.925781 9958.262695
9213.209961 -13452.94629 8143.183594
8293.229492 -10563.53906 11667.71191
6450.66748 -9138.976563 6931.855469
7995.214355 -9368.010742 10173.74512
9762.020508 -10929.24902 9070.503906
8093.850098 -8706.847656 12924.57617
7086.555176 -12397.9834 9760.708984
7860.074219 -13765.13379 7969.3125
11466.39258 -7539.106445 9848.658203
8798.353516 -14228.87695 8691.332031
6434.807617 -10889.75391 10587.71582
9435.891602 -10912.83008 11463.00195
10440.24121 -11565.62598 11701.86133
6747.167969 -14964.74512 8333.845703
7743.097656 -12001.67188 11227.09473
7888.494629 -14964.77344 10042.4834
6753.512695 -12959.41797 10752.18652
12229.42188 -9837.571289 11460.75977
9952.601563 -12459.57324 11295.3877
7524.545898 -12706.84863 11036.65332
5851.833984 -10070.12109 8651.151367
10688.89063 -10153.80371 12841.92871
9780.981445 -10968.80859 9292.836914
6559.907227 -8424.401367 8288.337891
7209.098633 -7526.125 12293.87598
9340.839844 -14205.58691 7536.900879
6744.747559 -10608.42383 11896.61133
7189.581543 -8279.920898 10009.83691
7624.496582 -12660.97852 12303.21289
9951.849609 -16540.32227 8820.630859
8845.319336 -9213.178711 13100.86914
8732.693359 -8574.758789 12643.72656
9234.328125 -6948.781738 7957.886719
9066.433594 -7801.736816 8978.5
9853.619141 -12562.27344 8048.080566
7066.866211 -12656.88281 11509.33594
5712.353516 -10223.74316 8006.172852
7271.441406 -9233.076172 11490.20996
10528.18555 -7677.763672 8161.532227
10074.20117 -17628.14648 11158.2002
7117.648926 -11667.37012 9157.555664
8439.980469 -13342.98242 10929.13574
8914.260742 -9378.520508 10374.37891
6736.191406 -12518.64844 7854.959473
8695.296875 -12797.23047 12889.83105
7173.19043 -6901.14502 11300.88477
8858.082031 -13242.17773 12933.91992
10011.14844 -7469.680664 10580.4502
9352.532227 -8493.728516 10163.55469
8342.197266 -14057.41504 7649.179688
10028.16992 -14347.85449 10303.81641
6594.90625 -12473.35352 10413.08496
9769.242188 -14296.95801 11795.85547
7845.239258 -8082.029297 12622.09082
10511.39355 -11790.46289 9380.945313
8568.967773 -8916.146484 9934.854492
11011.40332 -14403.08105 7733.790527
7880.443359 -12384.6709 7537.544434
6250.135254 -11190.48828 7472.652344
8253.138672 -7532.6875 11145.56348
10358.65918 -7635.836914 9831.517578
11092.58105 -7531.677734 11364.89648
7176.197266 -7516.823242 9341.546875
7421.714355 -9485.458984 10551.24609
8743.087891 -13456.96289 6427.565918
7651.749023 -7362.745605 10375.57617
8045.800293 -14409.55566 8116.084961
10821.49805 -12095.88184 7814.680176
6515.710938 -11264.73926 8206.547852
9443.695313 -11767.36914 6048.830566
6206.118652 -10712.31738 8566.049805
9792.414063 -6801.629395 8501.479492
6272.347656 -12805.33691 9625.123047
8511.714844 -15576.83887 7539.431641
6642.58252 -13526.14063 9714.582031
9439.760742 -8957.486328 9075.117188
8844.780273 -13526.19238 12515.26953
11195.74512 -14349.67676 11403.53613
8346.691406 -13523.97363 8205.181641
9363.081055 -8581.768555 11135.28809
10917.32617 -7765.743164 9358.479492
7787.51123 -10787.57715 6412.598633
10478.49805 -10895.22559 13519.66602
7370.886719 -14237.37891 11190.84473
8887.351563 -16745.1543 11375.91406
11822.12012 -8554.499023 9570.431641
7007.38623 -8540.603516 6163.763672
8179.741211 -12538.72168 10909.47656
7510.331055 -8390.088867 10453.17773
7597.675293 -14341.91211 10326.37207
7133.035156 -11490.47949 7159.461914
7632.555664 -7263.496582 9347.149414
7753.134277 -6544.793457 12173.04883
12298.28906 -8962.736328 11407.25684
7587.731445 -10045.88867 12557.19824
8590.407227 -15793.1084 9036.496094
11979.66406 -9527.099609 10840.57227
10498.13672 -12659.40332 12407.20117
8837.006836 -13443.86426 10161.70801
8956.443359 -10996.3623 13371.60449
14256.49805 -11009.09082 10395.64355
6828.756836 -7535.126953 7945.583984
9655.111328 -12134.09766 9250.850586
9229.345703 -12581.11328 12144.54004
6482.134277 -10369.44824 10080.25488
8437.229492 -7909.234863 9064.720703
7337.981445 -13285.97363 10056.82813
7317.184082 -9164.586914 13096.71875
8273.921875 -9514.027344 10970.87695
8282.865234 -15950.3125 11965.41797
10522.96875 -10806.27246 12230.52051
8035.294434 -7373.583008 8951.558594
6105.323242 -8156.980469 9126.466797
7361.123047 -8431.80957 11735.4541
8466.273438 -14554.71973 9563.087891
7624.211914 -9875.583984 13145.23242
8221.426758 -12463.34863 9352.226563
10470.10547 -14589.56641 8618.722656
10025.31738 -13429.82227 9210.005859
10093.55469 -11469.97461 9851.53418
6274.173828 -8188.486328 7306.694336
11792.46094 -8918.019531 11064.31055
8578.606445 -13269.69238 9854.407227
6857.23877 -8482.739258 6813.55127
10532.33301 -11840.04102 9996.390625
6539.769531 -11822.8584 10301.68457
7792.019531 -9230.748047 10188.6748
7439.858398 -8402.395508 11011.45996
11746.69727 -15300.77734 7948.431641
7928.477539 -7498.381836 12604.60352
7652.318848 -6971.708984 8918.951172
8207.289063 -14357.83301 9999.352539
7719.120605 -14524.09082 8445.619141
7234.360352 -11844.3291 11927.85449
10635.60156 -16133.27441 8597.160156
8563.46875 -7486.606934 11685.26758
8469.094727 -15933.06152 11531.36035
7866.305176 -10666.80469 7277.761719
11820.05762 -14383.23438 8927.541016
6813.398438 -12570.09863 9107.640625
10135.23633 -11653.72363 8937.104492
8359.051758 -9381.108398 11781.34863
7087.236328 -14534.44336 7372.3125
8167.784668 -15112.44238 8855.055664
10259.80469 -11198.93652 11500.96777
7107.265625 -10958.80176 7017.63623
10418.01074 -8769.164063 9731.34082
7124.642578 -7766.166016 8796.27832
7166.355957 -16089.40723 10597.0752
8051.325684 -8460.663086 11153.96484
10776.37793 -9212.736328 9994.912109
9828.919922 -14165.47754 10654.76172
9069.655273 -8566.363281 8588.188477
6395.903809 -10197.82813 10680.4082
10147.32813 -6560.879883 10217.77832
9368.210938 -12708.43457 8420.746094
10283.36035 -8397.833984 11768.72754
6997.625977 -14441.31836 11336.10547
8542.305664 -7325.499023 10811.26758
10084.65918 -8356.916992 11276.8252
8574.507813 -10073.49121 11304.06348
9092.435547 -7861.251953 6965.960449
8369.775391 -16009.51953 7877.121094
8548.762695 -15200.41406 7243.407715
8597.232422 -11402.17285 12802.16016
11460.24023 -12627.66895 9774.652344
8209.355469 -8963.811523 11537.59668
7198.85498 -12715.13867 8364.743164
8689.133789 -11995.62305 13126.32813
6598.098633 -7336.465332 9006.757813
8559.825195 -7820.460938 12544.14355
7093.131836 -9931.889648 8760.419922
7601.875 -7704.918457 12544.48242
6530.773438 -13707.56738 10891.98145
8568.039063 -15054.80176 8873.68457
6359.117676 -9889.05957 6979.586426
10198.81055 -14508.44727 12277.28223
10456.06348 -9451.454102 12373.02344
6754.179199 -10856.02246 11119.50781
7474.44873 -15673.73633 11319.20215
9513.576172 -17102.01172 8615.797852
10072.25586 -10240.70996 10559.46582
9767.948242 -12679.56152 11059.09668
6411.347168 -10012.16504 11354.24707
7008.318848 -10885.98828 8389.044922
8073.232422 -12602.09863 8297.883789
12665.65625 -10359.1582 11312.60352
6676.146484 -6559.510742 9672.564453
11694.58496 -13628.88086 8405.522461
6940.661621 -7688.70166 10760.55371
8123.977051 -15919.24414 9031.550781
10574.91309 -12748.50488 10763.6123
9330.773438 -8888.686523 10747.73633
7933.5625 -14488.45508 10876.40723
8651.883789 -8141.546387 6992.932129
7245.80957 -8120.113281 11477.39063
6354.439941 -8418.791992 9716.076172
7686.196777 -9128.713867 12097.59277
7167.352051 -13242.93164 10749.81152
9604.18457 -9930.902344 12821.56836
7700.028809 -16051.66309 10805.98828
7980.123047 -7634.712402 9994.171875
10825.28613 -13349.08789 11076.82617
13011.60449 -9089.072266 11332.72656
11628.42969 -10326.21289 10770.80273
10202.90234 -11883.15039 8640.296875
9715.59668 -6772.858398 11553.99316
7333.571777 -9987.697266 12089.68945
9642.449219 -10959.7666 11076.86719
7336.952637 -8292.472656 8264.606445
6394.001953 -9129.188477 8978.394531
6750.771484 -10092.51855 9202.137695
7407.460449 -12675.90723 10233.19141
11051.64941 -8181.166504 10373.19531
7501.006348 -11765.24902 10988.96582
8304.282227 -12739.60254 9772.108398
7156.716797 -9915.480469 10489.74512
7796.754883 -7916.358887 7450.742188
7630.821289 -8049.754883 11422.62695
9634.585938 -9142.068359 10309.82422
11396.0293 -9128.65625 8584.416992
14710.39941 -11629.60254 8998.201172
10223.23145 -9046.460938 8348.273438
11656.97266 -7838.195801 7969.294434
13096.69824 -11284.43945 10421.64453
7871.515625 -8536.896484 11821.72168
10003.93066 -8833.530273 8293.280273
14241.65527 -12002.44336 9003.891602
9541.357422 -7670.159668 11515.27344
11438.80566 -8700.088867 8706.743164
14147.85449 -11882.2627 9557.680664
14382.99805 -11234.45605 9273.28418
13286.41602 -10801.80566 10569.30078
12226.51758 -8636.042969 8453.961914
7577.509277 -8978.34375 8988.441406
14732.88672 -11828.73047 9250.020508
14185.84082 -11957.65625 9092.915039
14409.20996 -12025.38281 9677.067383
9559.921875 -7516.182617 11564.8252
14555.05371 -11915.75684 9685.544922
14354.17578 -12071.94531 9097.246094
9787.538086 -7276.294922 11528.77246
10638.01074 -7981.478027 8597.612305
11525.83008 -9237.733398 8395.865234
14201.03711 -11792.1582 8814.454102
7214.799316 -9241.852539 8820.59668
12125.52344 -13304.01074 7305.248535
11335.74219 -9090.614258 7829.684082
11573.3418 -8282.869141 8621.400391
10884.87109 -8418.138672 7715.60791
10715.10352 -7962.393555 7915.958008
12807.85156 -11222.17578 10331.67871
10795.23828 -8086.675293 7816.441895
8039.599609 -8793.395508 12143.59863
7585.310547 -9208.915039 8690.179688
10790.85645 -8845.24707 7745.208496
11476.47656 -8735.681641 8694.448242
14661.17676 -11769.25977 9529.177734
10320.83008 -9046.822266 8432.240234
11669.27441 -8632.600586 8624.807617
7267.338867 -9333.862305 8807.120117
11929.05957 -8209.426758 8513.751953
7295.92334 -9599.580078 9097.352539
13027.60059 -10867.14453 10161.35645
7035.239746 -9261.53418 9088.297852
10728.91602 -9306.458984 8370.023438
7611.97998 -9027.033203 9041.010742
12029.90039 -8809.766602 8526.366211
7230.793457 -8920.007813 8972.332031
7556.919434 -8463.871094 11970.14648
11561.79688 -7749.243164 8129.570313
10044.77441 -8258.566406 8174.381348
14387.35059 -11495.56738 8754.230469
12221.66504 -8860.709961 8049.878906
12246.30176 -8380.694336 7858.117188
14170.4248 -11366.41992 9452.404297
12563.52246 -13574.06543 7284.070801
11902.96875 -9014.1875 8490.509766
14739.09473 -11783.84375 9214.342773
12651.15137 -13341.10742 7344.979492
12940.56934 -11287.45996 10388.66309
11689.14648 -8774.668945 8625.901367
12473.16699 -13679.14355 7328.23584
12341.32813 -8163.786133 8206.725586
12337.94531 -8151.381348 8150.890625
11117.30273 -8204.376953 7709.598145
12393.81445 -13217.05859 7656.184082
10055.83691 -8560.49707 8550.625
12787.64258 -11050.62891 10180.5293
11737.85156 -8438.353516 7605.03418
12625.89355 -13377.36621 7567.645508
10776.66309 -9360.066406 8208.216797
11375.17871 -8120.503906 8658.875
12397.56152 -13577.28418 7238.519531
11665.14551 -8621.004883 7613.777344
11390.25391 -8670.483398 7612.686523
14507.41016 -11307.81738 9442.067383
10815.95801 -8850.558594 8663.958008
11054.60449 -7781.892578 8514.530273
7356.654785 -9132.451172 9213.46582
10172.99609 -8887.973633 8032.729004
10127.4082 -8341.180664 8593.358398
11912.14063 -8918.976563 7829.199219
12202.39063 -13231.9873 7556.811035
11696.63477 -9055.472656 7855.66748
10736.83887 -8507.474609 8696.317383
14082.32617 -11778.82617 9378.416992
7541.396484 -8497.120117 12064.44336
11511.82715 -8291.97168 8647.070313
12545.27344 -13278.49707 7241.963379
11186.71582 -8884.621094 8708.404297
7640.611328 -8228.55957 11969.69629
11554.77637 -9148.857422 7922.796875
11171.91016 -8987.207031 7764.05127
12512.36426 -13707.81836 7374.104004
13063.49902 -10597.74902 10409.30664
9893.24707 -7566.021973 11226.6416
10523.80566 -7820.96875 8421.517578
13165.13477 -11193.72168 10585.35156
13001.56152 -11134.07031 10646.25781
14540.75879 -12096.94531 9461.386719
7944.107422 -8602.322266 12226.02637
14658.30371 -11517.55371 8964.112305
10599.7373 -8744.949219 8632.447266
7222.84082 -9587.133789 8874.641602
9688.59375 -7883.145996 11460.30859
9890.069336 -7329.107422 11580.65918
10825.25977 -7721.589844 8208.884766
11989.03223 -8003.10498 7873.929688
11875.7832 -7893.78125 7959.971191
14690.10742 -11972.24512 9066.871094
10592.93359 -7797.452148 8370.833984
7149.283203 -8979.146484 8925.679688
8166.700195 -8769.384766 12030.49023
12528.55957 -13347.47363 7657.633789
11343.01074 -8853.450195 8703.74707
11093.72461 -8428.057617 7671.51709
7804.683105 -8594.013672 11851.1709
10553.83691 -7828.951172 8181.879883
12007.04102 -8197.325195 7752.600098
11002.76465 -7879.415527 7873.394043
13207.77637 -11190.59473 10563.01465
12334.23047 -8225.520508 8299.332031
10132.02344 -8029.459961 8462.070313
14229.39844 -11873.3457 8809.443359
10779.08691 -8901.175781 7757.214355
14506.12598 -11777.82617 9749.209961
11977.02051 -8669.560547 8550.492188
10432.67383 -8103.995605 8617.395508
11447.03027 -8295.246094 7583.806641
13192.9209 -10813.98926 10243.98828
12889.85352 -10601.85547 10343.10156
12417.62598 -14448.72949 10624.99707
12607.75293 -13512.31348 9721.820313
6640.872559 -7715.899414 11167.1543
9313.480469 -16839.21875 8929.155273
6230.75293 -13320.08691 10177.14551
8943.47168 -12028.27148 5374.844727
12533.75586 -10347.94824 11839.34082
10235.14551 -13478.23926 11825.20313
7025.397461 -14446.89746 10506.50684
14654.35742 -11780.22852 9922.210938
12034.15137 -12185.31934 11467.54004
9211.604492 -10179.97266 9569.858398
9153.198242 -8409.259766 8977.12793
7824.598145 -12043.16895 10804.10547
11029.19434 -10654.83008 9344.811523
8111.92627 -8952.18457 12152.65625
10176.1875 -7864.361328 11337.52441
10008.14941 -14589.73828 8689.362305
9400.430664 -7976.992188 6640.133301
11637.79883 -9577.30957 10872.52539
9736.680664 -14418.75098 9055.712891
6896.111816 -8427.629883 10892.03809
7734.702637 -15015.49414 9294.214844
6478.297852 -14755.77246 8520.933594
7601.702637 -17809.04883 11141.09277
6736.563477 -13406.0127 8892.994141
12003.89941 -10161.73438 10666.52734
12181.12988 -12033.2998 9904.261719
7300.171875 -8102.75293 9244.75
9916.974609 -9332.154297 12235.68555
9474.834961 -7392.417969 8032.648438
8909.274414 -14991.47559 11021.06055
10694.39355 -9583.396484 11996.8418
9396.993164 -7647.592773 10468.97852
6721.750488 -10846.93164 9928.539063
10646.76465 -9325.140625 6185.630859
9313.123047 -13279.80078 6136.15625
10413.18457 -14621.86133 8953.080078
9178.523438 -7461.296387 11162.80078
8816.228516 -6871.597656 10172.1123
12839.75586 -11185.69434 11158.94531
12727.10547 -11106.5752 12058.23926
10139.98926 -12197.51758 6281.007813
7930.867676 -9189.357422 10170.97559
12136.52832 -7695.442383 10754.72754
12158.39844 -11506.9375 11577.7168
11804.67578 -12956.78711 7339.614746
12560.99609 -13927.50586 9554.742188
9778.103516 -7772.134766 12013.39063
10515.38379 -14355.6543 7979.922363
7122.356445 -6466.049805 10077.22852
7995.694824 -6647.509277 10923.96094
6904.363281 -14812.76953 10680.87695
11042.29883 -13462.7002 7816.016113
13333.00977 -13702.79883 10010.50977
5916.157227 -10703.09375 9613.801758
10538.24219 -12145.67285 13254.4082
10808.97656 -17608.48828 8249.457031
10570.35059 -17173.3457 8123.690918
9992.22168 -8242.674805 9184.21875
12481.44238 -8921.46875 8428.779297
8999.96875 -15614.35449 9082.675781
8319.993164 -10572.64941 5729.381836
11323.66699 -9207.183594 9440.522461
10260.74707 -13894.50879 9434.44043
8283.081055 -17887.11914 9278.28418
8414.374023 -11842.57031 7152.047852
13075.68848 -9708.061523 7845.063965
7509.528809 -11487.07324 6033.081543
10760.50391 -9788.475586 11471.87891
11323.08789 -11853.83008 9846.336914
13250.32129 -14159.32324 10040.6709
8166.622559 -11332.90527 8534.633789
7392.265625 -15600.82715 8519.399414
7622.506836 -12833.23633 9005.382813
8296.625 -10170.8584 9230.745117
8796.382813 -11609.1084 7596.116699
9229.744141 -13772.09082 10627.18066
8482.620117 -15635.81836 12191.03125
7875.700195 -16625.76367 11549.25586
6159.258301 -9753.277344 8822.527344
9011.731445 -7098.135742 11482.3877
12498.04883 -13343.35156 8608.819336
8146.898926 -13780.89844 9532.583008
10689.9209 -10384.59375 10006.86328
13405.66992 -14252.89258 10531.02051
6793.067871 -12171.18262 10305.46582
10328.07715 -9747.84375 7334.733398
7023.796387 -8412.75293 8854.029297
11224.09863 -13282.66602 6810.383789
10080.9834 -14718.375 10913.89648
8028.560059 -11661.38574 11809.10254
9747.133789 -9190.558594 8295.505859
7863.954102 -15987.08594 7773.245605
8662.87207 -15810.55957 9859.72168
9820.551758 -8877.164063 12408.0957
7960.741699 -12191.05859 9605.467773
6748.492188 -7322.419434 11836.83594
7469.475098 -11462.55176 10695.81836
9310.258789 -9708.108398 10658.7832
8927.272461 -12056.91211 11885.91797
10932.57031 -8476.353516 10320.53418
11019.33984 -7192.424805 8720.987305
11206.2666 -10542.10449 9008.488281
6658.168945 -9750.379883 9733.917969
12684.12012 -8240.151367 11042.07129
12758.32031 -12397.52637 9705.950195
6791.415527 -11113.4541 8734
8719.151367 -8378.980469 11985.04785
12259.51465 -11434.97949 11501.16309
11482.91797 -15071.24414 8468.203125
11326.40039 -10521.76074 12670.69727
6661.855957 -12690.79395 7237.70459
13247.32813 -10713.21094 9180.34375
10638.93945 -11097.5752 10095.37402
10649.10059 -12665.19434 10551.12988
9029.96875 -15810.83887 9629.412109
10456.45703 -6991.550293 11231.54004
6097.453613 -7173.398926 10015.72559
7280.322754 -14413.11426 10845.56445
8624.345703 -13552.65918 11338.83203
5682.691895 -8474.337891 8517.041992
14373.72949 -12836.91504 10347.52148
7379.583984 -6509.426758 11479.6377
12858.81934 -12045.53125 11271.61914
8319.995117 -11526.39355 9271.104492
12518.47168 -13906.9668 11762.56738
