7969.125 -15332.81543 9877.637695
8604.413086 -12808.27539 9901.473633
9938.072266 -12489.70996 9046.512695
10329.92188 -9182.342773 9950.236328
7490.392578 -15051.33691 10643.27148
10895.99414 -13373.06836 9913.898438
7508.932617 -7580.039063 12345.46973
6465.528809 -10533.27051 9141.052734
9171.15918 -8918.619141 10857.45996
7256.916992 -13570.72656 9414.291992
7369.996582 -9872.869141 10750.22363
9992.765625 -9406.499023 10469.85254
12076.37988 -14303.65527 9867.936523
11066.58594 -13700.18555 10073.75195
14063.27637 -10421.39258 10423.93359
14127.19531 -10765.96777 11181.85547
11244.66211 -10596.12695 9924.530273
11778.31152 -8011.23584 9169.282227
12038.81445 -10361.40527 12526.70703
5863.983887 -10228.06348 10260.1582
6274.03418 -13044.1377 8714.982422
6005.615234 -11923.62988 8046.433105
5939.580078 -10832.04395 9075.140625
6617.502441 -11292.9082 11737.3877
6056.819336 -11364.87012 8263.363281
6432.879395 -11655.6084 10593.65527
6689.000977 -9042.586914 10916.02148
5946.493164 -12394.1582 10263.55762
6358.664551 -10308.59766 11689.47461
5889.450195 -10418.66211 10124.3916
6456.669434 -10170.15137 11621.32715
6021.056152 -11547.14355 10077.16211
6021.509766 -13304.55078 9508.522461
6463.694824 -12701.89453 7385.481445
6632.54541 -10174.14746 11642.65137
6259.409668 -13001.13477 7898.066406
6343.268555 -10327.83105 11159.55957
6364.772461 -8891.430664 10819.89258
6684.840332 -10297.56836 11931.99609
5863.983887 -10228.06348 10260.1582
6274.03418 -13044.1377 8714.982422
6005.615234 -11923.62988 8046.433105
5939.580078 -10832.04395 9075.140625
6617.502441 -11292.9082 11737.3877
6056.819336 -11364.87012 8263.363281
6432.879395 -11655.6084 10593.65527
6689.000977 -9042.586914 10916.02148
5946.493164 -12394.1582 10263.55762
6358.664551 -10308.59766 11689.47461
5889.450195 -10418.66211 10124.3916
6456.669434 -10170.15137 11621.32715
6021.056152 -11547.14355 10077.16211
6021.509766 -13304.55078 9508.522461
6463.694824 -12701.89453 7385.481445
6632.54541 -10174.14746 11642.65137
6259.409668 -13001.13477 7898.066406
6343.268555 -10327.83105 11159.55957
6364.772461 -8891.430664 10819.89258
6684.840332 -10297.56836 11931.99609
