6477.306152 -9105.556641 10723.15332
6429.047852 -9349.610352 10904.89648
8346.28418 -8440.383789 7240.287598
8252.754883 -8073.07666 7214.20752
7056.811035 -12723.81348 8106.146484
7438.445801 -12855.23242 8152.375488
7488.241211 -15192.0166 11968.03223
7722.897949 -15060.14746 11848.08203
6670.645996 -9732.820313 10276.60938
6607.932129 -9968.510742 10497.52344
11245.79785 -7705.605957 10305.56934
11289.06055 -7562.946777 10300.31348
9195.105469 -12471.63281 8289.511719
9248.161133 -12829.92969 8385.552734
7101.368652 -7643.111328 11956.09375
7070.477051 -7360.937988 12202.32813
7284.73584 -9755.049805 8653.649414
7465.087891 -10026.8291 8846.042969
11867.2666 -7503.591797 9863.941406
11859.99512 -7437.469238 9913.505859
8504.881836 -12693.09082 10865.5459
8260.165039 -12613.00293 10766.21875
6970.484375 -10201.87793 12841.48047
6828.630859 -9973.259766 12842.06152
6850.07959 -7917.271484 10652.5459
6799.772461 -7570.437012 10613.71973
9128.59375 -9481.854492 10147.86816
9253.044922 -9542.052734 9823.847656
11543.33203 -10897.51855 12678.19922
11574.89355 -10977.97754 12597.42578
10816.47754 -10899.67676 13473.84668
10928.62695 -11289.00293 13408.10938
8803.921875 -9486.554688 10452.60742
9013.946289 -9253.866211 10696.59863
10379.95117 -7717.336914 11899.47656
10571.27441 -7730.645996 12043.91699
9601.774414 -14157.69727 10858.10938
9703.873047 -14304.88184 10701.91895
9435.620117 -6907.075684 8294.962891
9424.15332 -6693.859375 8028.78125
6544.781738 -12477.75391 8120.347656
6644.014648 -12325.95898 8126.724609
9412.546875 -14335.96973 11214.7168
9516.476563 -14505.93262 11117.67871
12547.1416 -11647.4082 10515.46289
12895.48047 -11538.64453 10376.64551
8699.080078 -7819.964844 12554.29785
8539.427734 -7636.983398 12220.23633
10151.10254 -10874.87402 11627.57129
10136.63379 -10982.14551 11734.98633
7674.85791 -10052.99023 12164.88086
7432.109863 -10039.20117 12210.34082
10430.86328 -12040.77637 12400.08691
10535.94238 -11782.54395 12147.63184
7543.182617 -7787.779785 12670.9541
7375.215332 -7904.645996 12552.71777
8387.75 -15125.05762 11995.3623
8562.319336 -15320.63672 12028.45703
7879.331543 -16980.52539 9813.206055
8044.437988 -16853.7168 10129.23926
6093.95752 -10075.33984 7091.058105
6046.558105 -9954.90918 7080.848633
12026.91797 -10083.4082 11393.20996
12103.12109 -9953.091797 11500.70898
8841.488281 -8541.383789 11988.79785
8913.179688 -8717.749023 12034.95801
7447.730469 -10897.83105 12809.12012
7450.069824 -10830.75293 12806.46289
8923.341797 -10845.46289 11449.97461
8793.366211 -10863.4043 11777.5918
11525.47266 -14388.72168 11642.13086
11299.25977 -14556.49609 11672.31348
7078.621582 -12537.08789 10010.96387
7225.370605 -12459.87109 9825.78125
8232.043945 -14605.06055 8299.450195
8231.111328 -14552.53613 8194.894531
7082.973633 -12661.5498 10340.42773
7224.465332 -12934.87695 10188.8291
7739.739746 -7509.010254 9267.854492
7586.464355 -7587.912109 9570.915039
10167.68066 -6743.082031 10193.31738
9934.141602 -6760.924805 10083.61133
8356.914063 -15740.0332 12092.87695
8262.963867 -15990.27246 12008.91406
9177.386719 -10927.97559 9094.368164
9076.81543 -11179.07227 9272.355469
9888.839844 -11178.23242 9618.332031
9964.623047 -11076.90039 9247.331055
10109.80957 -13208.70215 8266.407227
10429.07813 -13350.99121 8290.349609
9981.264648 -7421.172852 10322.28223
10274.93555 -7467.839355 10602.92969
7916.707031 -8409.488281 12942.35645
8048.595703 -8762.729492 12862.24023
6630.373535 -11925.61426 10186.90137
6468.58252 -11815.29004 10104.90234
6734.388184 -11434.07617 11650.37402
6805.59668 -11742.87012 11464.58203
7615.052734 -14388.2373 7694.039551
7840.621582 -14178.51465 7452.631836
8322.678711 -7626.200684 7757.71582
8478.292969 -7929.763672 7781.821289
10399.61133 -14907.32617 11711.74805
10465.00781 -14923.42285 11958.99316
9628.680664 -10675.12012 8847.488281
9938.349609 -10715.93945 9103
11449.81641 -8309.929688 9680.544922
11788.3291 -8136.790527 9822.488281
9133.180664 -8414.849609 11427.5625
9212.350586 -8588.382813 11078.81445
11818.65527 -13650.59375 8404.172852
11635.50391 -13571.6416 8391.666992
9913.013672 -10658.24121 10978.98242
9925.979492 -10790.51758 10896.28809
6879.809082 -10075.86621 10961.03711
6984.385254 -10453.93359 10851.4209
7842.5625 -10854.10449 12337.47754
7903.103516 -11039.58203 12336.04883
8863.179688 -11467.50488 7140.945313
8940.053711 -11617.42383 7137.629395
6618.036621 -8268.533203 10511.58105
6492.611328 -8581.024414 10610.34277
11145.71973 -8367.179688 10639.50098
10839.56934 -8149.299316 10554.74707
6135.27832 -10288.4043 10200.33496
6420.248535 -10310.72656 9979.206055
6019.736328 -10989.04199 8539.070313
5953.20752 -10615.00098 8543.552734
8122.39209 -12420.60938 9046.068359
8139.509277 -12623.04004 9127.177734
9821.157227 -14287.70605 11388.63574
9819.90625 -14351.45703 11498.63184
7896.978516 -12542.49414 7556.293945
7930.103027 -12413.81641 7936.988281
7708.796875 -11988.125 11176.23047
7987.046387 -11903.88867 10922.65234
6110.724609 -9306.387695 10138.81348
6247.591309 -9496.505859 10188.35449
9978.422852 -11869.80664 6625.648926
10186.58887 -12143.25293 6755.256836
7761.880371 -9202.381836 12398.50781
7654.970703 -8898.706055 12196.23828
7048.275879 -8411.273438 9808.670898
6838.007813 -8184.351074 10066.90137
7381.117676 -11656.76465 7073.295898
7046.169922 -11769.52637 7258.121582
8071.859863 -14286.66211 11960.90332
8273.804688 -14515.45898 11768.88184
7530.80957 -15936.62988 11744.78027
7660.885254 -16227.66992 11722.10742
8622.595703 -15368.85742 9006.004883
8678.727539 -15285.08984 9191.317383
8867.547852 -7558.412109 12012.50195
8985.195313 -7729.869629 11696.55273
9569.046875 -12658.09961 7675.689941
9622.049805 -12354.79199 7480.254395
10352.91504 -8499.821289 12102.63672
10408.70215 -8377.456055 11986.47266
9926.839844 -7381.80127 9184.478516
10285.43555 -7491.909668 9219.942383
8584.539063 -12668.32227 12515.35059
8520.492188 -12856.52246 12675.72852
6797.220703 -12929.6123 10707.12695
6486.04541 -12695.94531 10702.9834
7109.48291 -7652.765625 8782.424805
6956.399414 -7893.236816 8522.791992
12286.64746 -8687.250977 10628.30566
12533.00977 -8744.96582 10698.31641
9337.539063 -8184.220703 10892.92676
9595.768555 -8384.855469 10656.5
9682.871094 -6934.339355 8276.173828
9830.422852 -6604.217773 8361.858398
6923.507813 -8273.824219 6173.331055
7159.445801 -8473.945313 6435.358887
6484.805664 -12592.60449 9727.529297
6376.038574 -12719.86328 10001.40918
8321.923828 -9598.633789 12032.66016
8472.475586 -9218.40625 12004.17871
7066.011719 -12749.37793 9275.742188
7014.37207 -12756.57031 8901.739258
7493.162598 -8391.817383 10761.75684
7633.973633 -8080.087891 10953.41992
7311.454102 -15044.52344 8799.193359
7399.347656 -15327.01074 8551.711914
9575.125 -14339.96191 9681.833008
9429.755859 -14239.88672 9353.882813
8680.912109 -11702.90918 13416.20117
8566.47168 -12026.64746 13390.17383
7841.408203 -14059.67676 9112.246094
7862.030762 -14045.72559 9432.241211
8373.764648 -11731.9248 11460.95703
8593.272461 -11707.42188 11558.52148
9209.404297 -11891.56055 12419.54883
8954.367188 -12000.12891 12122.39453
11160.10352 -10802.42969 10259.57129
11333.6748 -10948.40234 10544.9043
6475.81543 -9877.845703 11422.67188
6604.178711 -10144.38184 11352.26367
6405.841797 -13511.22559 10757.32715
6613.886719 -13562.09766 10526.3418
10598.56543 -14463.91992 10824.9502
10827.51953 -14145.02637 10852.25879
12209.55957 -8916.991211 11437.54492
12035.35547 -9012.535156 11611.33203
10078.04297 -16634.35547 8497.533203
10261.27148 -16755.06836 8752.946289
5780.20459 -9996.588867 8719.572266
6071.95166 -10092.62402 8809.948242
10481.35645 -11510.50586 11720.32715
10646.17578 -11695.2002 11510.98828
7861.416992 -12301.05371 9901.522461
7576.492676 -12557.17285 9827.709961
6678.363281 -8567.505859 8211.741211
6495.859375 -8474.623047 7994.411621
7003.376465 -10906.07129 11812.75195
7006.753418 -10645.44434 11832.63184
9229.984375 -15977.99414 11688.94531
9548.238281 -16210.51758 11694.80859
8116.402344 -10805.78613 11595.12793
8406.878906 -10606.36426 11764.55664
9051.573242 -8485.256836 10032.19531
9200.018555 -8614.639648 9806.095703
9061.233398 -12319.33398 6397.958496
8894.673828 -12614.14648 6370.522461
8789.834961 -9110.74707 12941.48926
8911.435547 -9304.087891 13046.31152
7604.864746 -10086.30859 12817.92676
7691.876953 -10100.65332 12979.89063
9232.966797 -9802.926758 10949.83594
9118.509766 -9730.280273 10915.72656
7222.507324 -7306.905762 11465.93164
7279.01123 -7388.640137 11660.3252
7544.662109 -12664.34375 11027.94629
7385.97168 -12806.12598 11021.24805
7322.012695 -13242.26367 10959.98828
7454.725098 -13244.50781 10630.93848
7058.15625 -15803.30859 8483.550781
7290.225586 -15888.24414 8552.467773
6080.781738 -10128.33887 8051.635742
6045.085938 -10359.82617 7878.312988
7952.575684 -10869.22852 6447.344727
7661.573242 -10981.2627 6290.837402
8006.028809 -10424.62305 10583.06934
8043.577637 -10398.65527 10613.96484
9686.533203 -14055.57324 11595.20898
9757.65332 -13897.06543 11776.63574
10084.98242 -11971.17969 8282.146484
10171.0459 -11975.3418 8639.201172
9998.233398 -14272.27051 10486.94824
10310.50391 -14413.26172 10429.75293
7583.01709 -9290.631836 8019.124512
7484.472656 -9500.598633 8197.8125
8031.345703 -9406.708984 10132.85449
8255.933594 -9271.628906 10380.53516
9544.572266 -12125.02832 9333.419922
9565.954102 -11927.5459 9486.369141
11849.45117 -10201.84668 10837.17871
11758.83984 -10219.88672 10998.46191
8835.432617 -13166.87109 12827.13379
8788.5 -13397.72363 12993.70898
10781.86914 -11010.6377 12343.74219
10863.82617 -10997.28125 12438.51855
9878.447266 -12707.41309 7874.680664
9939.547852 -12821.33984 8255.314453
8193.96582 -10996.53613 13000.99414
7980.006836 -11190.34766 12906.77051
7653.583008 -6643.143555 9028.44043
7503.470215 -6645.19043 9117.477539
10690.4668 -10229.06836 12719.30371
10694.80176 -10107.45605 12860.22754
11622.61914 -14425.78809 9274.485352
11555.96094 -14281.81738 8963.019531
10812.56738 -13479.19531 11026.85059
10766.02441 -13488.8877 11181.7373
7754.468262 -6546.697754 12038.77637
7398.504395 -6730.463379 12065.06445
7062.899902 -8486.929688 11890.54199
7108.630371 -8550.314453 12003.69629
9885.09082 -9061.258789 11782.48145
9924.457031 -8975.120117 11819.98145
7250.303711 -10753.90234 8255.676758
7034.854004 -10888.11035 8019.666504
8410.448242 -13358.83203 8444.735352
8176.869141 -13282.78613 8237.636719
8378.567383 -13102.08887 9731.131836
8508.854492 -13116.18652 9741.801758
8420.094727 -13960.06836 7877.504395
8649.358398 -13971.56836 7789.872559
8189.038574 -13105.04297 10916.80371
8363.994141 -13124.44434 10929.44141
7065.477539 -12246.17383 11557.79395
7255.163574 -12575.35156 11483.63477
5991.824219 -9951.679688 9067.401367
5936.436035 -10000.76074 9002.637695
6443.473145 -12470.27832 10211.54004
6770.445313 -12264.66797 10162.00586
8452.631836 -11722.09668 8441.535156
8477.464844 -11882.72852 8283.842773
10606.46484 -12808.61426 10967.28711
10600.10156 -12837.08203 10862.09277
7991.631836 -14333.39844 10783.0752
7785.28418 -14301.52148 10851.10547
6152.268066 -11964.08496 8590.0625
5976.05957 -12045.76953 8316.788086
7598.658203 -7904.987793 7535.596191
7587.73291 -7631.807129 7410.384766
7300.030273 -8371.832031 10401.62012
7443.473145 -8331.276367 10513.54395
6718.02002 -14429.0918 9157.020508
6840.718262 -14169.12793 9219.865234
6151.328125 -9405.723633 9269.646484
6036.147949 -9211.557617 9327.360352
8139.492188 -8261.756836 9795.15918
8159.317383 -8639.023438 9695.008789
7180.656738 -10891.4707 10257.43652
6956.432129 -11106.65918 10228.08594
8907.748047 -9146.93457 11141.7832
8716.889648 -9112.169922 11496.03516
8701.436523 -14335.21875 8645.464844
8752.708008 -14423.4707 8458.899414
7959.77002 -12535.0332 6101.316406
8060.478516 -12366.40137 6141.712891
7550.262207 -9198.12793 12858.91016
7634.985352 -9241.916992 13136.25684
7605.729492 -8682.196289 7258.094727
7804.830566 -8757.895508 7333.229492
7625.542969 -9903.431641 7065.531738
7473.291992 -9948.864258 7001.375977
10071.46387 -11617.06152 9892.304688
10103.88477 -11742.09863 9555.612305
10068.92871 -11721.58789 12940.57715
10009.37891 -11843.92871 13131.60645
11800.24609 -8612.258789 9505.62793
11881.73047 -8451.713867 9584.367188
6841.830566 -13232.50879 7768.047363
6834.242188 -13384.83691 7629.540039
7723.379395 -10698.16504 7041.557617
7735.26709 -10661.26367 7380.808105
11869.9375 -9229.533203 11154.41602
11853.4082 -9238.197266 11102.18555
10469.00879 -10328.08887 10565.6748
10157.41699 -10396.72461 10503.10254
8090.004395 -11502.33789 10553.25684
7741.157715 -11569.2373 10435.33008
6066.071289 -9069.970703 8744.589844
6270.290527 -9256.169922 8712.390625
11885.12695 -15031.57422 7656.546875
12019.68066 -15127.89258 7624.868164
8484.991211 -15933.48633 9046.397461
8558.467773 -16128.41211 9118.984375
8986.371094 -13834.94434 12453.43359
9100.647461 -13794.75684 12591.62305
7416.929199 -9378.501953 11670.26758
7364.987305 -9452.074219 11766.39648
10192.9375 -11557.95898 8677.15332
9946.639648 -11758.41211 8874.773438
6592.524414 -15931.44238 10075.29297
6893.800293 -16000.48926 10054.45703
7801.488281 -7370.937012 12241.62598
7915.335449 -7646.431152 12433.64258
9773.790039 -12753.34961 11090.99902
9534.177734 -12737.22656 11156.8877
7886.585938 -8054.606445 12376.69531
7984.159668 -8278.025391 12689.33594
7558.242676 -12607.6123 6657.083008
7356.595215 -12631.70508 6652.416016
9210.349609 -9017.125 10849.93262
9468.908203 -9279.626953 10760.85547
9490.504883 -14252.45508 7695.493164
9305.147461 -14445.23145 7864.592285
10814.33203 -11901.23438 7663.668945
10573.25977 -11993.17383 7789.053223
10684.58691 -14332.99512 12038.60449
10873.42871 -13995.4834 12049.35938
6381.807617 -7806.974609 8511.96875
6472.024414 -7804.672363 8737.618164
6505.764648 -15427.24902 9022.022461
6720.141602 -15347.80566 8966.865234
9527.702148 -11061.6123 11390.15332
9338.214844 -10906.19043 11580.84766
12961.86523 -9471.597656 11192.50977
13138.60254 -9290.209961 11439.89551
6984.529297 -8408.03418 11552.46582
7217.515625 -8125.65332 11554.76953
6760.047363 -14140.94531 10705.22461
7090.498047 -13987.11719 10705.01953
8739.708008 -8224.266602 12410.63184
8782.387695 -8307.494141 12587.37305
7943.143066 -15335.11914 8136.54248
7701.206543 -15122.62695 8361.672852
7279.317383 -7592.95459 9090.488281
7311.333984 -7533.633789 8798.879883
6470.485352 -10627.15918 10835.28125
6381.512695 -10753.24707 10938.11328
8640.109375 -9201.37793 10756.59473
8472.100586 -9049.617188 10488.6709
11005.0498 -14319.50293 7672.515625
11170.87891 -14341.08887 7396.763672
6761.850586 -9384.552734 7125.858398
6565.810547 -9411.942383 7459.114746
10443.94922 -10927.03223 13542.09082
10173.95605 -10645.47363 13403.32227
10061.46387 -7868.569336 9861.631836
10068.90527 -7817.819336 9615.8125
8636.308594 -8746.339844 12928.23535
8771.109375 -8455.772461 12721.21777
6281.015625 -8734.612305 9693.733398
6263.155762 -8761.955078 9530.304688
13853.40527 -11853.16895 11228.80273
13854.28516 -11728.11621 11163.26465
7072.474609 -15098.16309 8481.121094
6768.679688 -14845.59473 8533.154297
6967.098633 -14513.2002 7477.583008
7133.423828 -14506.67188 7364.772461
8986.682617 -13785.9834 10079.49023
8981.77832 -13766.82227 10268.69922
7656.001465 -13585.99023 11525.64941
7714.619141 -13697.6875 11761.66504
7615.508301 -14131.07129 10947.42871
7716.863281 -14086.5918 11040.87109
7399.317871 -11797.97656 12128.67285
7536.462891 -12038.23438 11987.48926
6654.813965 -10650.0332 8873.005859
6438.409668 -10954.93555 8792.884766
8098.635742 -7316.299805 8789.429688
7861.929199 -7319.180664 8642.90332
6375.547363 -11892.52246 10903.12109
6391.782227 -12117.69434 10817.76074
8976.990234 -7469.198242 8611.573242
8984.212891 -7521.411133 8591.222656
10256.13086 -11819.97559 9168.849609
10272.62793 -12074.36328 9197.538086
10760.77539 -13410.34277 11628.44043
10656.61719 -13725.19238 11792.84668
9812.681641 -11777.48535 12022.77246
10050.21484 -11721.04492 12094.87598
11410.32129 -9783.816406 8374.202148
11378.84473 -10025.30957 8506.756836
12096.16113 -12702.59766 9837.357422
11957.15234 -12657.33594 9620.133789
8240.079102 -7294.018066 11857.5791
8337.579102 -7437.20459 11601.37695
10337.5459 -12751.84961 8900.620117
10070.62305 -12551.54199 9110.956055
8311.577148 -12897.52734 9828.609375
8257.599609 -12579.88672 9879.544922
8064.507324 -8688.911133 11167.33594
7869.458984 -8527.703125 10841.77148
9814.720703 -8460.182617 12036.71582
9905.006836 -8330.482422 12243.85059
8564.045898 -14194.80371 9495.397461
8425.522461 -14272.93555 9628.189453
6482.306641 -10405.30078 8425.848633
6395.404785 -10316.00879 8581.642578
7942.673828 -15894.22461 10648.30371
7947.310547 -15913.61816 10897.69727
12484.80762 -11993.13867 11852.64648
12383.94922 -11969.17188 12134.3457
7400.569824 -14983.21387 7369.686523
7367.864746 -15342.21582 7449.524414
8214.662109 -7662.92334 7036.194336
8396.570313 -7496.894531 7138.962402
8871.9375 -8600.744141 8785.981445
8838.140625 -8400.338867 8706.307617
7334.768066 -16008.54883 9176.607422
7713.279297 -15918.13379 9157.539063
7868.226074 -6465.40332 9955.945313
7846.629883 -6769.323242 9991.454102
14067.46387 -10926.91895 10511.57227
14333.5166 -10843.81836 10585.58301
10602.38965 -12416.06055 12394.48828
10561.53809 -12589.94238 12713.36816
7972.870605 -15039.65039 10050.25
8032.336914 -14897.0293 9665.78125
7453.328125 -15935.83984 10194.50879
7462.34668 -16091.40625 10118.95313
11299.50977 -12750.78418 9835.064453
11579.18945 -12777.98047 9628.106445
12337.76953 -9317.330078 11821.20605
12577.28516 -9367.396484 11819.79785
8289.386719 -14382.18164 10133.69043
8221.623047 -14229.83789 10329.54395
8758.24707 -11635.08008 12626.68066
8495.516602 -11531.34082 12908.91992
7173.172363 -15901.8584 10959.37598
7253.388184 -15848.60059 10829.30859
10070.87695 -9191.40332 7730.78418
10005.61426 -9397.027344 7742.633301
8203.908203 -10870.43457 13284.02637
8385.913086 -10746.19238 13386.06348
6153.620117 -8137.580566 8610.756836
6214.659668 -8331.386719 8268.046875
9868.463867 -11855.37207 10897.61426
9670.267578 -11939.65625 11240.44727
7217.512207 -11651.7041 8941.950195
6880.487793 -11792.21387 9049.490234
8056.269043 -13223.70703 7814.699219
8351.233398 -13398.16797 7609.890137
10933.04395 -9149.037109 10689.93652
10880.6875 -9190.422852 10405.19043
6938.219727 -10966.5293 11196.40039
6948.078125 -11191.62891 11079.96484
11151.39648 -7440.844727 11390.77832
11027.53711 -7272.193359 11282.32422
9386.052734 -13666.91504 7919.769531
9091.108398 -13734.94824 7885.745117
6353.161133 -8439.363281 7118.509766
6267.202637 -8312.1875 7028.156738
9486.486328 -9185.129883 9157.589844
9210.003906 -8949.382813 9215.303711
6351.677246 -11970.65332 11516.17676
6276.987793 -11822.71094 11419.84082
6883.469238 -12273.46875 7837.445313
6867.786621 -12387.00684 7524.186035
10104.17188 -14260.28516 12240.14063
10013.2002 -14361.91016 12230.14453
9822.757813 -12255.7627 11433.47754
9614.224609 -12379.52832 11378.9209
7516.167969 -10228.15625 12408.40625
7774.486816 -10102.92188 12663.12695
7734.010742 -7234.872559 11731.85059
7656.889648 -7418.54248 11509.5791
9457.924805 -10018.2627 11263.82227
9569.668945 -10166.93262 11330.82813
10180.96582 -7543.29541 11286.37207
10519.98145 -7737.44873 11184.05762
7022.57373 -6650.299805 11024.18555
7332.978027 -6773.456055 11047.94043
12022.61523 -8162.57373 9940.066406
12255.83203 -8058.175293 10014.80371
7611.319824 -9168.088867 7428.887207
7565.839844 -8993.118164 7465.109375
7055.291016 -7595.062012 11018.54297
7190.754883 -7392.714355 10960.40527
7331.456543 -8226.880859 7953.940918
7498.913086 -8519.577148 8097.984863
7552.715332 -9308.726563 10854.37695
7309.639648 -9572.609375 10652.85352
7533.134277 -15826.98633 11183.36816
7503.046875 -15793.53516 11412.53711
6693.546875 -10373.18066 8993.946289
6814.557129 -10266.37891 9088.624023
8398.910156 -7586.831543 10762.67285
8386.519531 -7404.886719 10491.35156
9047.674805 -7778.731445 6841.665039
9117.541992 -7595.112793 6889.003906
11353.65625 -15297.56641 7842.93457
11765.00586 -15247.59668 7878.958984
8139.93457 -7698.596191 9104.18457
8489.119141 -7874.286621 9108.329102
10580.07813 -15753.58789 8536.134766
10699.36719 -16104.66602 8717.683594
8400.192383 -7517.569336 11243.13574
8175.57373 -7684.371582 11080.67383
8926.746094 -15629.39355 12039.13379
8722.601563 -15851.24414 11804.9043
10020.44531 -17760.47656 10862.19141
9961.519531 -17628.70703 10889.65039
6497.617676 -10883.45313 7604.117676
6422.075195 -10914.74023 7685.394531
10505.79883 -10552.25586 12372.25391
10480.13086 -10578.84961 12535.32129
9041.994141 -16856.04102 11427.06836
8852.962891 -16669.39453 11422.7373
7336.336914 -9830.578125 10304.55371
7373.212402 -9766.822266 10607.63086
7308.394043 -9187.980469 11483.53516
7151.03418 -9287.943359 11492.2041
8909.841797 -11160.65332 13346.27148
9155.420898 -11207.76367 13213.98242
5760.859375 -8295.134766 9227.716797
6023.025391 -8240.850586 9443.494141
7961.246094 -12836.01563 12363.7041
8023.218262 -12712.84375 12395.66797
9440.240234 -14941.58789 9381.049805
9347.058594 -14816.26172 9534.595703
7159.108398 -12320.97266 12490.37305
7083.982422 -12599.81738 12370.81543
9826.62793 -9840.989258 12914.60547
9765.958984 -9893.117188 12549.96289
10928.91406 -12467.44336 8712.31543
11151.96875 -12580.63574 9038.048828
9601.431641 -13167.96582 9408.90332
9675.482422 -13272.47949 9327.619141
6099.407715 -10319.31348 10569.08691
5998.504883 -10229.19629 10633.31348
7217.21875 -14341.95117 10191.75977
7428.943848 -14164.92383 10282.21289
10508.80469 -7685.901855 10484.13281
10761.27832 -7765.234863 10803.64258
7276.745117 -10757.42383 10720.22656
7507.242676 -10640.45898 10511.07422
8514.099609 -14943.89453 10759.03613
8762.583984 -15117.54785 10532.20996
7963.325684 -9262.858398 11412.72363
8233.061523 -9009.005859 11552.39746
9557.347656 -13467.11328 7656.548828
9763.05957 -13306.35254 7762.32666
6697.317383 -14183.98633 8165.819336
6418.367676 -14253.77441 8219.740234
7262.428711 -7312.710449 8119.257324
7501.56543 -7613.676758 8122.760254
7922.859863 -15699.83496 8562.119141
7707.791992 -15797.68652 8664.261719
10448.68652 -7666.01416 8204.535156
10644.99414 -7318.887207 8124.495605
7709.226074 -7756.247559 11294.44336
7656.113281 -7734.102051 11254.03027
7848.685059 -8129.496582 11551.62891
7664.560547 -8444.124023 11409.75293
7609.25293 -13635.38379 9631.824219
7408.274414 -13816.56934 9714.829102
7179.29541 -8403.59668 6927.86377
7191.547852 -8686.836914 6861.347168
12004.12793 -9405.503906 10888.88184
11964.37305 -9589.516602 10632.45801
8561.663086 -15171.25 7213.779785
8444.717773 -14872.91016 7475.935059
6723.990234 -7461.37207 9037.854492
6514.039551 -7447.779785 9379.509766
8247.97168 -7711.783691 9702.65332
8048.030762 -7593.578613 10010.04199
6676.307129 -6524.336426 9854.828125
6925.624512 -6764.803223 9774.813477
7793.991211 -14952.64355 8928.171875
7850.472168 -14912.91895 8797.699219
10828.01563 -9891.993164 10680.52637
11090.1709 -9816.734375 10615.62891
10153.55859 -8648.952148 9841.066406
10133.41504 -8691.301758 9683.609375
6771.387695 -9046.342773 6689.308105
6547.077637 -9213.518555 6947.478027
9064.357422 -12359.12402 12409.91602
9108.919922 -12633.8125 12113.73926
10738.28516 -7749.912109 9385.764648
10658.64941 -7585.632324 9526.737305
11820.49219 -8651.342773 10216.08789
12040.85742 -8480.818359 10224.38867
7902.962891 -12939.2832 8119.859375
7815.717773 -12887.0918 8193.504883
6327.549316 -12576.91797 8815.865234
6038.783691 -12732.88867 8715.616211
9919.915039 -14160.30469 7277.345703
9713.624023 -14283.17578 7586.711914
8458.844727 -9097.991211 10028.47852
8652.885742 -9271.384766 9746.785156
6901.725586 -13445.94238 9530.893555
6543.912598 -13497.4209 9664.749023
7923.04248 -15248.58105 10344.90137
7608.577148 -15270.95605 10322.70801
10935.90332 -13664.49316 9532.328125
10906.55469 -13764.99316 9580.458008
8475.02832 -15923.62305 8130.360352
8349.600586 -16108.5625 7963.368652
10623.84961 -9007.709961 10123.60449
10681.69336 -9249.759766 10093.64844
8278.169922 -9254.392578 11012.8418
8374.378906 -9330.952148 11011.8623
9457.878906 -6760.035156 11287.25195
9758.366211 -6540.609375 11458.24902
8440.147461 -10317.25684 11082.27441
8653.925781 -10064.4873 11107.87402
9844.821289 -7599.338867 10586.0957
9816.714844 -7915.74707 10516.64453
10524.43164 -8440.395508 7050.800293
10515.00781 -8577.515625 6840.739258
6501.241699 -11006.55859 8148.411621
6403.196289 -10982.49805 8426.081055
9169.689453 -12021.14844 6120.283691
9269.537109 -12037.36328 6094.572754
12879.14551 -10238.7334 11472.23242
12780.55762 -10412.2832 11322.03809
10583.5332 -9232.009766 12550.36426
10599.78516 -9410.224609 12561.82227
8788.411133 -8345.233398 7078.878906
8772.533203 -8001.762695 6960.324707
6612.714844 -7408.294922 9870.231445
6741.633789 -7569.697266 10193.98828
7464.450195 -11863.33301 10930.86328
7154.087891 -11946.90039 11053.59863
7051.900391 -8389.700195 9220.609375
6920.762695 -8704.591797 9291.25
10046.07031 -8283.613281 10026.21875
10037.98828 -8434.303711 9798.794922
8245.411133 -16014.5957 8996.800781
8044.964355 -16286.04395 9156.444336
8709.822266 -13452.68457 6554.545898
8640.212891 -13198.06543 6415.575684
7536.118652 -14561.49121 8474.728516
7746.832031 -14311.66895 8338.401367
7309.408203 -11138.10449 6790.574707
7386.070801 -11116.08984 6829.084473
9922.380859 -8479.085938 11093.94043
10071.99902 -8212.955078 10906.11328
8473.955078 -16079.0293 11437.11621
8466.458984 -16317.52539 11651.77246
8294.887695 -14533.53418 10815.09863
8251.443359 -14497.30566 10671.26074
7354.561523 -8181.744629 7130.741211
7116.871094 -8251.837891 7458.596191
7248.105469 -15892.50098 9664.495117
7565.867676 -16063.09473 9838.56543
7814.52002 -7605.08252 10127.15527
7629.282715 -7316.38623 10249.77344
8244.688477 -10138.91895 8183.924805
8431.613281 -10361.95605 8096.82666
9329.519531 -7718.436523 8730.269531
9292.957031 -7922.627441 8958.871094
7057.328125 -14412.44727 11643.29102
6898.271973 -14204.61719 11665.85547
6820.464355 -10076.31445 6447.055664
6989.574707 -10314.61035 6419.147461
6924.644043 -7675.97168 8178.51123
6618.750488 -7698.71582 8063.361816
8811.37793 -15668.49609 7627.912598
8524.514648 -15877.94141 7439.95459
7838.505859 -9171.03125 10190.23633
7637.300781 -9274.154297 10164.41602
10558.96875 -11960.13184 10345.25879
10724.92676 -11778.32129 10333.61426
11851.37598 -11834.34766 12723.62109
11615.25293 -11669.74023 12891.01563
9644.850586 -16809.77344 8786.362305
9562.449219 -17172.61914 8721.753906
10376.27637 -14381.27734 8881.613281
10418.54004 -14531.04004 8853.053711
12272.26758 -8095.592773 10907.09375
12386.87695 -8413.904297 11043.13086
7222.868164 -13458.48145 10005.49121
7329.855469 -13227.99219 10076.96289
6696.591797 -11561.45703 8204.350586
6726.162598 -11600.85254 8069.078125
7110.469238 -7536.624512 9733.995117
7266.722168 -7365.990723 9561.292969
11263.38477 -15393.11523 10699.69434
11314.40723 -15274.5127 10646.81641
9707.587891 -9330.490234 10468.05078
9928.954102 -9238.567383 10187.16992
7196.226074 -11608.33691 12676.64063
7497.510742 -11714.73145 12827.59375
7000.371582 -9124.167969 9661.34082
7052.935547 -9030.165039 9694.291016
7824.505371 -13612.02637 8245.583008
7934.120605 -13523.91504 8114.00293
12199.87207 -13485.56543 9864.216797
11921.37695 -13556.27344 9704.989258
8234.922852 -9051.970703 12578.62891
8222.963867 -9131.085938 12472.00879
10282.29395 -13567.26563 9013.998047
10365.30176 -13582.25098 9332.643555
7433.717773 -14915.94531 12143.28809
11217.61328 -12869.14258 13078.87891
12388.74805 -10969.72461 6548.183105
8240.514648 -14098.43945 6290.75293
7512.032715 -6920.328125 7556.543457
6922.940918 -11430.96777 12733.52832
10776.08691 -9234.133789 6183.143066
6045.711914 -6700.112305 9261.780273
13404.41016 -9778.569336 11995.59082
9253.65625 -7193.902344 6498.058594
14657.25488 -12273.75391 10720.62793
14749.1709 -12553.5625 8923.012695
14118.5498 -12884.28027 11447.06152
8024.035645 -16407.95313 12123.94824
7496.820801 -11073.87402 13393.43457
9240.657227 -17430.91406 11781.86719
6074.251465 -14547.35352 8687.430664
12465.33496 -9913.49707 12811.85352
7572.588867 -16975.2207 9805.382813
5961.480957 -7990.224609 7922.51416
6027.791504 -14109.17871 10760.10352
13594.17969 -14799.74316 7358.016113
12163.49512 -15772.82422 7195.089355
7219.626953 -7124.912598 13050.75488
11224.67871 -17477.95508 7485.978516
10133.50195 -9120.571289 5900.308105
11721.83887 -12196.43945 13087.15234
10374.5166 -8027.641602 6173.821777
10407.25879 -7543.750977 6526.557129
12960.78027 -15742.8457 11173.74707
10856.08203 -18480 9512.478516
6327.36084 -6409.555176 9954.006836
11216.62891 -12660.97852 13213.95313
5544.274902 -9936.53125 8167.095215
6579.265625 -6340.235352 10772.09961
11155.55566 -7413.800293 11588.99805
12367.74219 -8457.369141 12353.8623
6870.418457 -15906.44043 11283.85449
10502.43457 -18249.79883 8868.981445
12249.02637 -12045.60645 6339.481934
6697.241699 -13913.49414 11837.63965
8015.746094 -14193.4541 6351.760742
6907.257813 -8334.996094 11948.94141
7933.876953 -10913.47656 13582.74414
8993.540039 -18279.26563 11419.52344
10373.50977 -6361.654785 9133.533203
11414.40137 -13078.98535 12804.44629
11695.51172 -13190.3457 12635.29492
11294.72461 -16640.40039 11653.10059
8820.741211 -15441.36621 12412.01758
8535.037109 -18176.54883 8899.939453
12479.45215 -17572.0625 9059.740234
11483.3584 -7807.786133 12014.59863
6835.383789 -14933.26074 11483.41113
6095.731445 -13467.69922 8258.551758
13611.14063 -14558.46973 11005.11328
9359.515625 -13871.6377 5997.64502
9459.118164 -6733.916504 7816.319824
9585.727539 -15290.54492 12456.39746
14018.37207 -10106.13477 8961.996094
12050.60156 -11953.8457 13000.00879
11110.4375 -13705.0791 6427.376953
10229.54297 -15256.6582 12558.46875
14416.27051 -10840.86035 8686.699219
12306.77344 -13234.25781 12205.7168
7621.874023 -7562.864746 7295.35498
10086.46582 -8992.054688 5931.654785
5940.391113 -14900.52344 10056.18555
12475.72461 -12595.4668 6811.655762
11971.09863 -12832.35156 6637.351563
7163.777832 -6392.964355 9023.353516
12802.1543 -10095.83398 12635.62988
8028.458984 -14344.09668 6374.364258
14027.00684 -14230.07129 10430.94922
12443.17578 -17448.04688 10243.40918
12677.75 -8266.428711 7735.384766
13927.24121 -14301.90625 7477.760254
14581.78906 -13479.51172 8576.509766
9686.188477 -18480 9271.381836
8529.320313 -15464.59277 12420.89063
12684.47754 -11599.49316 12876.67773
6430.88623 -14215.69531 11565.70898
7659.657227 -8173.374023 13245.50391
12745.84863 -8662.861328 7598.287109
12952.43652 -15490.2041 7751.634277
6229.630859 -9304.536133 11052.30273
9860.612305 -6930.376465 6921.687012
11810.1123 -9656.931641 12972.77734
13160.35254 -14300.72754 6879.88916
12226.71582 -17660.63281 9248.650391
11910.66992 -13870.01758 12206.75977
13138.60938 -11797.17773 7064.520996
13819.625 -14703.14941 10546.43555
5501.942383 -9968.101563 8716.521484
10905.99609 -7659.716309 6891.606445
7553.985352 -16746.64648 9695.522461
8981.40332 -8596.553711 5655.364746
7293.819336 -17169.43359 11186.91992
11869.80762 -10798.22656 6227.507813
10731.12305 -15616.28906 12109.78613
10841.85742 -7443.137207 7040.824707
8163.487793 -17860.55273 8764.620117
13421.2207 -17052.94922 8446.945313
10493.07227 -12993.72363 13337.98535
12485.375 -12082.14746 6643.212891
11399.2373 -7055.618164 10684.79492
12676.68555 -7931.620117 9197.199219
13471.14063 -9896.919922 11982.80762
9777.508789 -13971.0166 6169.931641
13130.94629 -11915.24805 12520.20117
12877.12891 -14572.05566 6902.375977
7078.803223 -15958.8457 7993.480469
6274.596191 -8941.399414 10894.27246
11981.37793 -15667.36035 7168.86084
7173.154297 -16346.0332 8708.866211
12576.92871 -7876.543945 9822.990234
10920.78418 -6439.085449 10375.19238
5564.852051 -9771.132813 9060.063477
10635.33398 -14964.93457 6563.637207
8176.72168 -18352.58594 9319.308594
10232.0791 -9244.241211 13662.12891
6466.63623 -7367.351074 11295.9541
9933.464844 -16741.26367 12000.33008
10681.66699 -7307.318848 12004.24023
8747.285156 -16141.21582 7390.178711
10006.44824 -11903.74902 13661.71875
8659.569336 -14609.66309 6605.174316
12577.53223 -13934.58203 12222.64648
13185.2002 -16874.04492 7718.162598
9627.967773 -6345.897949 8885.237305
5923.531738 -14698.55176 9583.296875
14517.74609 -15370.36816 8411.677734
7754.17334 -7564.938477 7252.389648
10107.87109 -9704.708984 5566.590332
10972.78027 -9675.552734 5829.572266
9992.915039 -9042.006836 13557.43164
6785.640137 -8069.528809 11513.19141
12831.1875 -14286.44434 6786.124023
7944.056152 -6730.03418 7576.63623
8369.921875 -17760.11523 8589.920898
13621.21973 -14500.4209 7222.501953
6460.378418 -11484.82617 6385.450684
7589.827637 -16801.56836 9245.737305
10697.17676 -18480 9355.457031
13340.66309 -8575.041016 8805.664063
11526.3877 -6375.293457 9819.225586
10340.62109 -17340.89453 7421.824707
10783.68359 -7566.873535 12172.57617
9700.09375 -9297.486328 5689.692383
7551.602051 -9208.652344 5653.383301
10865.27637 -6319.653809 10190.92871
11705.85547 -16432.12109 7966.222168
6828.831543 -10152.91992 13076.34277
10546.4668 -11324.96875 5273.5625
6227.032227 -8684.318359 10705.89648
12899.63184 -9144.578125 12212.76172
8547.375 -16293.45703 7729.090332
6706.737305 -7755.418945 12376.89063
10625.95215 -16051.24609 7526.668945
8883.93457 -12927.51172 13425.88965
6717.748535 -14998.97266 7086.725586
5754.617188 -7258.384277 9231.119141
6393.283691 -6571.077637 8963.374023
9398.953125 -12694.2207 13617.07813
9249.429688 -14381.48926 6568.467285
12417.97559 -16771.80469 7052.571289
7632.296875 -6446.24707 13432.18555
7556.107422 -15617.18066 6889.528809
9683.625 -14055.44824 6239.152832
6992.26123 -6450.66748 8448.330078
7004.240234 -16306.94238 10830.1875
9657.792969 -9628.421875 5471.618164
13066.88379 -8275.276367 9904.958984
8355.952148 -13318.83105 5842.025391
9381.851563 -6252.680664 9353.746094
13338.13184 -15731.2373 10841.1582
9278.374023 -7058.003906 6672.740723
14100.2666 -15858.25781 9314.6875
8270.804688 -7650.52002 5908.73584
9944.470703 -13124.69727 13513.89941
7902.944336 -14506.375 12455.96875
6730.909668 -10096.27344 12933.13379
10362.41602 -6729.307617 12106.31348
11232.58398 -16617.50977 8872.329102
12561.66895 -7836.535645 10164.1582
14109.625 -10388.28613 8703.012695
8855.472656 -6097.091797 10109.55566
6327.910645 -9939.982422 11985.94824
10562.89258 -13507.23535 13158.09277
6113.875 -9328.972656 10585.35449
13926.2207 -16218.00195 9535.647461
11947.01855 -14781.05859 6825.642578
10369.22168 -9900.750977 5521.357422
7868.155762 -14352.05371 12493.29004
14679.38281 -12787.74023 9675.785156
12921.1875 -17334.73047 8080.112305
12330.51367 -9888.763672 12944.9541
12903.21094 -16832.74609 7492.627441
10563.77051 -16470.54883 8285.791992
9812.84082 -11892.34961 5023.609375
12066.17578 -16642.35352 7207.851563
9035.74707 -6812.974609 12546.09277
11080.43555 -9005.823242 13070.05371
5821.411133 -7514.922852 9889.443359
11822.16309 -12522.40527 6451.91748
8562.175781 -9430.479492 13655.7998
13175.43066 -8376.703125 9867.992188
9685.935547 -12881.88672 13587.59375
7644.146973 -9897.841797 5731.510254
12971.74512 -17429.43359 9498.425781
10313.90918 -9381.074219 5828.476563
11550.15234 -10622.09082 13441.9707
6854.838867 -7458.485352 12799.37695
14171.7627 -15268.96582 8074.898438
6729.84082 -9028.053711 5952.221191
7247.041504 -13732.18945 6571.589844
5630.531738 -8475.134766 9211.15332
7347.4375 -7240.959473 13076.44238
7849.729492 -11899.88867 5569.821289
8359.620117 -16180.13281 7593.424805
13813.09863 -10211.57813 8081.318848
11926.88965 -12955.81738 6636.794922
7250.825684 -14167.79004 6624.549805
13842.10156 -15898.5498 10078.67188
7872.527344 -7356.320801 13035.26074
5605.541504 -8714.25 8261.485352
5961.717773 -14714.38086 10189.7002
7499.354004 -7804.473633 13073.94043
10536.68066 -15104.27246 12422.33984
11196.48828 -13138.88477 6470.937988
14605.33691 -12431.93848 8312.938477
13910.54199 -14154.53027 10663.65625
13359.38379 -9024.224609 11496.05762
12018.04004 -8174.774902 6890.952637
8085.120117 -16010.30469 12338.63672
14504.55469 -11721.40332 7945.553223
8946.581055 -7495.641602 6128.666992
14247.71387 -10670.48047 8489.944336
10433.27441 -15343.56934 6914.361328
6847.636719 -6377.061035 11403.64844
6841.697754 -12473.66211 12480.84766
12574.23145 -17132.89258 10727.85645
8161.538086 -16024.02246 7297.739746
7377.286621 -6337.959961 8512.019531
13410.5791 -8676.569336 8902.645508
12972.54395 -17346.9668 8319.353516
6091.243652 -14309.65723 11006.12891
6408.039063 -14190.95508 11531.05176
13202.62598 -15053.50684 7335.344238
7725.290039 -18480 10780.12695
13121.40527 -8312.100586 9566.723633
13418.32324 -15116.76367 11114.91504
7509.517578 -15842.81738 12117.69238
11684.99609 -15687.29688 11854.87109
11514.625 -11409.15137 5705.20166
6536.225098 -6333.510742 10590.63379
14038.28809 -14371.97852 7649.092773
13020.48633 -15066.54883 7272.111328
6815.799316 -15277.09766 11167.38965
13536.95117 -15170.93457 10857.24902
13663.13965 -15527.95605 10477.78613
12116.80762 -17686.2168 9528.371094
13683.56055 -13413.14355 11498.04004
10543.67285 -18110.56055 8567.50293
7413.572266 -8666.714844 13231.94141
9833.826172 -6501.310547 8429.288086
7836.946777 -16015.19727 12300.5
9224.015625 -6999.199707 12450.15625
7467.469238 -13821.5459 6430.23877
9843.275391 -6406.233398 8705.055664
14273.75488 -10331.0957 10664.31641
11610.87305 -16630.36328 8471.234375
9205.505859 -16564.10742 7969.623535
13582.09375 -16670.53125 8502.358398
7726.344727 -6190.450195 10043.48242
7350.911621 -15515.41602 6957.649414
12983.58008 -9756.733398 12631.33691
11706.48438 -12575.9707 6448.936523
7913.37793 -15711.31348 12338.45996
9034.448242 -11781.10449 13708.625
10392.86328 -13587.08984 6116.418457
8440.798828 -18480 9890.866211
14007.57617 -15311.35742 7982.048828
7879.857422 -15526.39648 12327.46289
5589.98877 -8694.560547 9123.283203
11795.05273 -16142.15137 7243.955078
6407.585938 -11585.33887 6556.288086
13629.75781 -12429.94336 7386.902344
13027.03027 -14457.29492 12130.39453
5952.69873 -8136.197266 7538.235352
7885.914063 -10435.11816 5682.104004
9801.744141 -16949.14063 11942.31152
11020.90723 -7306.004883 7256.317383
11645.94434 -9923.174805 13121.78516
10143.41113 -6255.520508 11293.60547
6565.320313 -15793.69336 10798.14063
14503.91992 -13091.35742 8261.943359
11405.19336 -8952.079102 6640.152832
13511.17773 -10788.44629 7274.311035
8855.34082 -12616.9873 13496.63672
5667.577637 -8449.739258 7932.666016
10497.64063 -18480 9538.431641
14249.76172 -15588.44336 9415.181641
12382.78809 -13997.42383 6681.661133
6079.467773 -8095.404785 7134.213867
14288.6084 -15180.43164 9827.413086
14500.86035 -13249.19727 8252.09082
7533.241699 -11271.27246 13362.65234
12044.95996 -6960.929199 9432.761719
6392.380371 -11972.1709 11937.29297
7513.510254 -16656.97852 11629.29785
8822.266602 -13150.81152 5611.883789
7726.146484 -8321.02832 13325.78613
12007.4502 -9276.744141 6822.48291
6312.487793 -12715.50684 11390.07129
7325.408203 -11088.02148 13285.49121
10492.98828 -7019.861328 7433.375977
13523.24316 -15764.88477 10594.91406
8924.892578 -6010.147461 11081.42578
13994.70898 -13213.43848 11271.64063
9467.924805 -12100.6084 5213.404297
5883.106934 -8036.62793 10076.3125
6235.093262 -13812.40527 11088.48828
8361.255859 -12212.68945 5508.541992
8587.071289 -7298.978516 12788.18066
8421.081055 -14099.6543 6258.008789
14375.57031 -11524.20313 7814.335938
13698.79004 -16257.71387 10162.20801
7121.483887 -6714.132813 12903.64355
12910.9082 -15626.42285 11276.43555
9345.488281 -11007.73633 5275.147461
10389.75195 -10805.02148 13852.78223
5571.497559 -8967.235352 9225.753906
5538.135254 -10323.41992 8522.179688
9671.37207 -6823.304199 12351.71387
14826.39551 -12316.28223 9021.5
12505.39941 -16268.75586 7234.978027
10615.55957 -13297.82715 6184.109375
13191.60156 -12012.2998 12472.99609
14032.5498 -14618.41016 7705.174316
7186.96875 -16018.00195 11763.86328
8603.674805 -6012.677246 11051.48438
13109.32813 -16557.29297 7788.031738
5703.711426 -10460.625 9191.81543
14598.35938 -13147.98242 9657.044922
12176.74902 -7456.02832 10246.12598
6800.023926 -9881.616211 6041.895996
8609.220703 -6354.883789 12880.91406
7934.884277 -12004.07617 13264.54297
6295.359375 -7092.898438 10891.07324
9118.210938 -6124.287598 9997.541016
12052.99512 -7439.796875 8191.747559
7708.327637 -17303.62109 11557.36719
13465.50684 -12999.97461 11969.47852
10617.26563 -9351.365234 13631.98242
8112.342773 -15785.5752 6766.014648
6064.962891 -9393.869141 10469.5127
8647.21875 -18480 9527.706055
5938.788086 -15086.39941 10165.4873
9146.817383 -13279.41211 13385.23047
13603.40723 -9227.431641 11192.65039
11659.63281 -6770.159668 10096.50586
8607.371094 -6314.830566 8889.75293
10920.32227 -13060.37305 13146.3457
9519.547852 -18110.95508 8684.68457
13567.7168 -16500.76563 10214.10938
12648.87598 -14741.13184 6968.625977
6027.516602 -14412.35645 8822.169922
13676.29785 -16708.66797 9950.78125
7259.712402 -16431.1582 8942.205078
14173.28613 -15726.16113 8577.28418
11648.41211 -6956.290527 10272.98047
6684.262695 -7737.747559 12296.24121
14091.10059 -10127.43359 9197.614258
8377.367188 -6064.084473 11443.20898
13814.94922 -9580.454102 9649.148438
12525.0498 -7819.885254 9304.890625
8713.250977 -11019.3291 5343.498047
11442.36914 -7514.874512 7341.890137
12473.93945 -9114.921875 7109.87793
11810.26953 -16971.10742 7551.498047
7145.067871 -16363.62793 9695.742188
7032.915039 -15669.28223 11561.42188
10873.02637 -10781.23047 5401.717773
14561.86719 -13297.13184 9297.092773
9566.249023 -6279.260742 9244.066406
8715.241211 -10613.3584 5394.271973
12951.80566 -12724.78809 12309.39258
10133.76367 -10086.85547 5384.492676
10241.35352 -16732.9043 11812.23047
8132.169922 -12412.16992 13220.23535
12327.32813 -10349.73926 12972.48438
13825.29688 -11522.46289 12128.15918
8417.19043 -9599.387695 13674.56152
7572.999512 -18185.44336 11003.36621
7228.248535 -7283.646973 12998.625
6558.629883 -10422.79492 12585.48242
12015.0127 -11772.15527 6065.090332
14914.27832 -12036.32227 9001.142578
13256.96484 -9757.131836 12314.03125
10296.76465 -17086.41992 7437.200684
10442.5752 -15351.22168 12363.70313
7315.822266 -14964.13281 11999.36426
7607.240723 -17702.46484 9392.014648
6905.206543 -15945.62402 11336.26758
7671.026855 -18274.05859 10998.64941
9213.712891 -8370.083984 5720.933594
7348.381348 -15464.80078 6888.231934
10773.32129 -15419.95313 7018.910645
7920.849121 -12091.54785 5626.977051
5997.897461 -14180.54883 8966.501953
12521.44727 -12189.82715 6711.685059
13917.8457 -16155.04883 9095.393555
11385.18945 -6331.195313 9775.517578
6932.803711 -15817.27051 11418.11621
7491.366699 -6185.489258 11424.81348
5961.708984 -14040.50391 9890.310547
7724.438965 -13699.53711 12728.58203
8027.606934 -7708.54541 5919.589844
7244.368164 -15481.33301 6973.912598
13123.55859 -9300.211914 12035.8457
6482.165039 -9915.19043 12321.87598
5893.664551 -11284.57813 8057.695313
5631.368164 -8212.205078 8908.970703
10607.16211 -8138.050781 6393.29541
13173.80566 -15794.07422 10964.76465
12604.57422 -15649.48828 11558.16895
11879.48535 -8093.751465 6906.149902
10543.52344 -16984.58984 8065.121094
8318.486328 -16061.18359 7356.036133
12610.80762 -7901.924316 9628.748047
6904.640625 -8468.506836 5779.899414
9320.542969 -13827.29199 5943.407227
10311.08203 -12539.65332 5644.151367
10934.73242 -14176.07227 12704.61035
10584.79004 -10035.49023 13772.39941
7414.128906 -8470.702148 13197.00488
13389.79492 -9007.905273 11446.37109
11260.22754 -11549.67188 13512.59668
12974.96094 -9338.451172 7691.490723
11059.49023 -11519.15039 13609.05176
9396.447266 -17790.83594 11580.04492
8502.192383 -14225.14551 12765.76953
6604.71875 -12091.46094 12200.1582
9863.428711 -16298.47559 7404.663086
13019.25 -11200.79102 6932.284668
10930.2959 -9393.314453 13379.73926
12466.83301 -11989.21582 6590.635254
12379.33203 -13727.52734 6703.564453
7497.6875 -14441.96387 12337.51172
13504.18652 -11591.03906 12361.41992
12995.4707 -16187.80566 8069.220215
6683.628906 -14399.57129 11903.39844
8639.117188 -13181.81836 13287.2334
7541.890625 -6768.537598 13410.98828
12350.26172 -7633.741211 9089.703125
13066.60254 -8272.44043 10142.50781
12019.50977 -7378.82666 10646.68555
5741.346191 -10836.22461 9162.393555
7291.564941 -16450.65039 9385.660156
7291.074707 -8002.131836 5792.507324
8465.227539 -7903.417969 5557.690918
8792.703125 -8838.383789 5628.411133
10215.40137 -15627.69238 7146.373535
12511.28027 -15637.74805 7470.756836
10609.71582 -8755.139648 6243.275879
13648.75879 -12723.70801 12028.2207
13857.53906 -13959.7666 10851.53613
10003.4248 -16944.26367 7725.009277
11212.04883 -14526.2041 12390.26074
13249.22852 -8461.097656 10124.97852
5488.006348 -9717.314453 8746.375977
8770.037109 -13596.08691 13191.1582
10611.875 -16356.20703 8067.464844
7365.038086 -6358.651855 9138.713867
11754.94922 -8243.135742 12550.65625
6413.355957 -7579.543945 7543.624512
9254.81543 -6396.725586 12300.60254
10684.05664 -16263.3252 8340.654297
14271.40039 -10343.01758 10358.31543
11345.05176 -11379.4541 5604.058105
10330.11719 -13907.13281 6220.338379
10686.9668 -16140.41504 7592.14209
5835.953125 -8548.305664 9899.672852
12689.50977 -10357.65234 12620.96191
11936.75488 -7342.262207 8417.854492
6060.404297 -13214.01758 8251.974609
13721.74609 -13314.86816 11536.06836
5549.679688 -9196.719727 8446.474609
8824.117188 -6011.907227 10878.71973
10450.44824 -16215.9082 11961.84668
11421.10742 -15458.37012 7217.539063
9820.50293 -15297.32422 7012.31543
11875.71387 -16594.74219 11668.31641
8290.200195 -18185.82227 9076.375977
10254.40332 -17235.69336 7473.929688
5980.146484 -13960.64648 9051.250977
6034.340332 -13743.8418 9016.30957
5622.562012 -10580.84961 8618.989258
5718.738281 -10958.81641 8784.81543
6350.604004 -12170.38672 7386.425293
6243.013184 -11750.46289 7484.114746
6329.351563 -10590.95117 11858.37402
6321.261719 -10515.61133 11896.04785
6362.892578 -13465.12695 11148.92969
5976.089844 -13247.16992 10539.99512
6138.381836 -13544.87598 7635.157227
6089.720215 -12969.85742 8005.960449
5701.355469 -10302.58594 9332.254883
5760.188477 -10653.88477 9804.850586
7826.865723 -8815.699219 12026.80371
12019.14746 -7873.441895 8249.285156
12124.34863 -8993.177734 8131.935547
7989.205566 -8157.206543 12150.45117
12851.78125 -10699.04883 10226.24707
11835.42676 -7861.907715 8000.506836
10075.2666 -8455.707031 8078.79248
14115.375 -11516.95605 9047.55957
12838.18848 -11186.26074 10537.68164
12714.33496 -10931.06445 10216.80469
10221.25977 -9070.282227 8215.348633
7378.917969 -9662.516602 8946.538086
13008.68555 -11290.28809 10407.44434
10714.64355 -8221.141602 8674.158203
11793.22168 -9197.024414 8220.520508
14429.2959 -11241.24902 9238.798828
8085.18457 -8140.370117 12148.99316
12409.31348 -13419.12305 7191.595703
12797.80469 -11195.71875 10472.99316
11234.20996 -9038.472656 8652.115234
8000.646484 -8765.237305 12172.2373
10024.35254 -8858.78125 8239.243164
10761.07227 -8984.524414 7787.445801
12123.25586 -13417.82129 7291.130859
12374.07324 -8334.038086 8068.758789
12318.16895 -8266.449219 8346.053711
7335.19873 -9520.487305 8803.716797
10877.08008 -8974.581055 7768.366211
7467.666504 -9568.291992 8767.30957
10361.37988 -8841.634766 8576.777344
7461.262207 -8939.973633 9021.870117
11746.83008 -7936.081055 8463.737305
10797.52051 -9128.543945 7868.14502
7458.016602 -9636.150391 9043.240234
12022.07617 -8294.751953 7723.402832
11906.43945 -9067.237305 8437.594727
12648.62891 -13472.8584 7570.814941
7784.653809 -8114.939453 12130.77344
7752.543457 -8503.332031 11863.38086
10356.94629 -8428.754883 8645.28418
9827.969727 -7885.411621 11570.36914
9985.517578 -8441.632813 8503.119141
9983.384766 -7653.834473 11286.77246
14093.98828 -11726.08789 9523.166992
10561.0957 -7841.327148 8470.939453
14609.41797 -12011.92773 8971.036133
11383.85645 -9095.37793 7838.367188
9587.570313 -7511.451172 11602.06445
12931.07324 -11111.80273 10637.70605
10903.69336 -8972.248047 8643.582031
13125.89355 -11268.74219 10361.16699
10199.06055 -8234.543945 8056.516602
12144.58398 -13377.57422 7225.90918
14344.38477 -11955.42676 8768.84082
13121.50391 -10608.10547 10402.17285
14161.25391 -11878.15234 9619.100586
7379.444824 -9058.113281 9187.606445
13237.19043 -11205.80566 10506.6377
12673.88965 -13410.54688 7378.605469
7257.255859 -9628.048828 8877.916992
11822.0791 -9176.896484 8291.171875
10694.73145 -8186.029785 7801.577637
9559.256836 -7519.983887 11378.49121
8068.197266 -8493.339844 11784.44629
7166.660156 -9011.584961 9107.72168
7920.796387 -8784.271484 12170.20605
7322.973145 -9101.667969 8778.536133
7451.017578 -9649.293945 8858.755859
11272.96289 -8347.238281 8725.626953
12133.23535 -13607.00488 7326.835449
12335.38477 -8188.762207 8059.869629
11928.56738 -8276.057617 7686.840332
11865.67871 -8050.852051 7774.262695
13181.41797 -10632.05273 10434.62012
14413.69336 -11272.66504 9002.986328
12299.95898 -8794.461914 8230.838867
9918.686523 -7661.476563 11694.57617
11818.3291 -8624.588867 7647.995605
14148.78711 -11352.98145 9290.881836
12259.03223 -8863.789063 8192.451172
11517.97754 -8286.060547 7578.364746
11615.02148 -7872.361328 8460.883789
7213.026855 -9061.041992 8820.964844
7920.272949 -8533.342773 11804.67773
8313.676758 -8511.624023 12036.36133
10529.93945 -7863.027832 8110.058105
12276.61328 -13131.01758 7356.36377
8196.111328 -8450.936523 12181.63184
10663.17676 -8293.773438 8670.688477
11648.38672 -8351.97168 7586.585449
13145.52246 -10922.75391 10689.45313
10358.56152 -8748.196289 7878.937988
11297.37402 -7939.416992 8613.24707
11392.42969 -8915.124023 8680.941406
12879.32031 -10616.75977 10464.82129
8180.908691 -8412.645508 11823.6377
10586.70898 -9177.958984 7965.865234
11493.75879 -7922.560059 8547.291992
11220.41113 -9201.589844 7956.650391
11162.5498 -9112.350586 8611.44043
