9258.507813 -13527.10645 11960.34668
7206.978516 -12402.05957 12604.52832
9237.795898 -16464.05859 9545.816406
9563.769531 -7698.753906 12395.375
9529.987305 -14331.52441 10468.19922
9731.730469 -12543.77637 12493.94727
10114.7373 -10059.29102 10064.5625
9554.709961 -10866.30078 10937.90918
8091.106445 -9736.408203 11615.33105
12150.64648 -13362.77051 10806.21777
7346.428711 -14050.89258 7939.366699
8947.503906 -7952.868652 9725.152344
6850.241211 -8806.933594 5945.171875
10323.27832 -13694.70215 11076.38281
8569.381836 -10619.71973 12950.84961
9051.236328 -15570.9541 8213.798828
7196.583008 -10028.29297 7153.812012
10420.27637 -13800.47168 8278.481445
11237.4082 -13069.8125 9962.535156
7283.484863 -12453.14355 8229.333008
9738.398438 -12272.84863 9474.72168
11556.25977 -11119.49121 11019.14746
6810.314453 -11250.0498 7039.993652
8507.160156 -12134.23438 7924.809082
13713.06055 -10426.08105 10814.7998
9413.724609 -11486.84668 5409.885254
8040.78125 -12541.77539 7460.206543
10225.625 -7308.351074 9526.992188
7060.949219 -12393.32617 7139.65625
6803.930176 -15017.28516 9971.679688
6797.387695 -9789.586914 9277.837891
6300.019043 -8214.976563 9778.723633
6146.202637 -9688.304688 9849.015625
7887.579102 -9355.810547 12584.97168
6863.833008 -7795.500488 12052.44629
6760.193359 -8867.108398 8050.005371
7916.370605 -10693.71094 12709.0332
5894.402344 -9699.088867 7147.049316
7559.467773 -13992.29004 7638.155273
7093.783203 -10939.42285 7270.821777
6286.949219 -15267.69238 10138.74805
7358.962891 -11731.63574 6664.569336
7673.928711 -12830.79395 6513.252441
7441.883789 -10400.65527 12094.56641
7249.100098 -14105.88281 11680.2832
6516.730957 -9950.421875 7329.017578
6809.727051 -13889.66699 8551.06543
6516.296875 -8954.146484 10270.88965
6959.331543 -8032.028809 12086.76855
7672.981445 -13048.22949 12306.34082
7901.16748 -11390.72852 6344.830566
6437.699219 -12935.27539 8402.203125
6395.066406 -13739.67188 10496.5498
7407.400879 -12673.30859 11804.09375
7266.758789 -8701.273438 12694.79004
6713.872559 -12609.40527 7270.079102
6852.580566 -8574.457031 10118.0293
7438.389648 -7524.663086 11585.02539
6896.038086 -11614.81152 6920.063477
7469.429688 -14378.59473 11562.81836
6857.29834 -13886.05273 11126.50195
6796.268555 -7595.976563 10233.35645
6515.847168 -12446.79883 11543.38086
7758.723145 -9349.930664 12752.54883
7046.004883 -14789.2373 7586.802246
7345.321289 -8078.788574 12130.67188
7584.762207 -12215.01074 11596.85547
6323.622559 -14823.24316 9820.463867
7571.143555 -14002.01465 11607.09766
7942.182617 -12302.8418 11708.88672
6517.691406 -14609.0791 7716.737793
7178.520508 -13753.91504 8446.576172
5979.197754 -13570.63965 9714.501953
6508.247559 -13809.19629 10642.74512
5917.474121 -13466.97168 9462.387695
7141.963867 -12689.98242 6576.368652
6193.486816 -9719.929688 8367.852539
6579.85791 -9497.426758 9728.839844
7677.442383 -7450.228027 12274.10059
6659.465332 -13720.02246 7841.887695
7648.722656 -11902.25293 12991.50391
7324.159668 -10215.56055 7006.634277
7475.955566 -11505.33496 6101.188965
6799.213379 -14850.37207 7596.029297
6335.00293 -13521.41406 10281.02148
7125.035645 -9586.09082 12092.18945
7176.268066 -10462.79883 6008.964844
6491.166016 -10252.53809 7343.591797
6230.757813 -13707.11426 10112.5127
5870.914063 -10244.06055 9795.970703
7755.455078 -11664.70117 12289.59766
8130.561523 -11976.71777 6827.803223
6282.603516 -14550.64355 10795.79199
6419.023438 -12073.59961 11781.40332
7963.521973 -13010.9541 6297.253418
7566.234375 -11405.54102 6122.381348
5977.39209 -13244.6875 8972.749023
5816.412598 -9350.079102 8815.317383
