6862.544922 -14238.50879 10792.33008
6730.695801 -13436.57129 10681.5918
8996.150391 -7313.762207 8519.46875
10360.6582 -7603.62793 11484.93457
10144.05957 -10396.24414 10555.25098
7368.220703 -15308.57617 7566.998047
7877.775391 -8721.780273 7346.978027
6726.533203 -11604.79004 11435.41016
8051.643066 -7856.044434 10007.32129
11349.40918 -7654.783203 10578.05273
10137.95117 -14575.30273 10304.83105
11412.11719 -15401.96387 7932.93457
5957.227051 -10154.13184 7822.649414
9968.885742 -8094.077148 12011.83496
8436.208008 -10810.3457 11851.97852
6657.864258 -15899.23438 9868.901367
7501.955566 -10026.90137 10608.85352
7926.308105 -14097.08203 9145.736328
8602.617188 -15716.46973 7709.40625
10056.94336 -12707.19922 9150.870117
5867.999512 -13495.64648 9742.623047
10372.22949 -13548.13379 13208.99805
9112.705078 -12954.80957 13496.87793
6018.644531 -15375.15039 9829.922852
9668.389648 -8875.257813 5816.52832
11011.9082 -13430.24609 6413.652832
13803.18848 -9313.777344 10673.13965
13074.65527 -17199.125 7930.459961
6936.147949 -16259.54297 10751.06934
13946.99512 -10128.41895 8635.291016
10107.64453 -13739.22656 13214.8916
10618.61621 -10223.97852 13783.61426
7558.030762 -7491.919434 7372.33252
7911.944336 -17398.11133 8519.864258
11009.50586 -7786.155273 12289.9541
14143.40039 -11026.39551 11527.60449
5629.926758 -9853.995117 7696.712402
8072.203125 -7102.937012 13118.90625
5995.018555 -14236.17676 10364.69336
10031.76465 -16765.31055 11923.49219
11332.89063 -6332.945801 9565.495117
9963.99707 -13624.59277 5940.597656
10315.96289 -6421.581543 11653.27148
6238.169434 -7111.973145 10701.99902
10648.12207 -18236.89648 8890.893555
9400.091797 -9377.691406 13642.11035
6885.628418 -10830.72559 12847.34668
11992.42383 -17557.21484 7804.654297
11088.86914 -17565.68945 7524.569824
7093.701172 -10864.7334 6046.150879
8074.399414 -16478.13477 8044.561035
8365.246094 -18019.80859 8845.644531
8150.050293 -10451.40625 5582.790039
11940.71094 -7158.193359 7740.94043
9395.874023 -18249.28906 11387.56934
11118.60254 -18210.12109 9520.416016
14184.44238 -15767.06055 8722.801758
6994.294434 -10383.68066 13215.07324
7279.074219 -7517.041504 7399.361328
9930.720703 -15695.72168 12544.53027
14657.11426 -12893.92188 9142.057617
12738.08691 -9548.910156 7388.241211
5633.347656 -9708.508789 7316.627441
6863.437012 -10279.74805 13102.92383
11723.02637 -10008.76074 13162.77344
5741.59082 -8163.062988 9777.240234
12327.87988 -7594.359863 8958.84082
11948.74023 -7045.263184 9150.386719
6713.253418 -6662.051758 11659.34863
7371.841309 -12568.56738 6137.670898
11373.0752 -11948.32715 13335.12402
10380.41699 -6579.326172 11920.84766
8166.98584 -8991.487305 13578.79395
8356.539063 -18480.00195 9475.875977
9787.873047 -15035.41309 12571.43945
14056.70605 -10162.3125 8991.850586
9025.859375 -11971.24023 13686.24219
5529.087402 -10265.73633 8594.104492
5971.73584 -14150.81445 9900.791992
12999.39844 -8193.432617 9241.481445
8040.772949 -14119.58691 12625.48828
11551.71289 -17707.95117 10116.6543
8360.035156 -9276.170898 5615.17334
13770.5332 -12083.9707 7431.111816
7122.513184 -14112.33691 12228
10985.16699 -16854.82031 8864.139648
6355.748535 -7553.168457 7685.739258
11968.37793 -6930.817871 9882.929688
8606.085938 -10098.56641 5505.049316
5803.212402 -11241.83398 9360.261719
10775.25977 -11517.49219 13695.23633
14473.72949 -14001.82617 8789.833008
12171.60059 -7449.053711 10330.88867
11788.85742 -16251.59375 7288.123047
7845.98877 -15930.48926 7370.898926
11178.69336 -13424.0918 12689.02344
12043.37891 -15371.87891 7145.568848
11731.71289 -15716.61035 11843.08203
11869.87695 -14877.90918 6851.072266
14222.51172 -12600.34082 7914.506348
7326.775879 -7668.779785 6220.066895
12555.58691 -17252.25977 7365.88623
12252.94141 -7643.332031 8528.046875
7699.507324 -15863.53125 7367.425781
6047.963379 -6558.221191 10077.81152
5573.17627 -9518.674805 8104.68457
13266.69727 -14509.27246 11744.68457
10954.45215 -10618.27246 13721.01172
14044.71875 -14056.47852 10491.23926
8269.408203 -6542.949707 8365.157227
7136.239258 -6252.856934 11265.93945
6588.301758 -12401.29492 6697.181641
9439.290039 -6085.047363 10485.10059
8541.929688 -7572.603516 6076.552246
7929.442383 -13946.12891 6289.669434
8917.356445 -13801.92773 5924.638672
11786.78516 -11908.13184 13096.31445
13027.14063 -12754.03418 12268.72852
5855.811035 -8252.027344 10058.53223
13776.66797 -10990.27344 7356.146973
5932.304199 -6865.13916 10128.71289
6597.084961 -14527.37988 11710.56738
14159.66895 -14120.32422 10259.91211
7450.466797 -15240.47363 12073.01758
10596.33594 -7007.97168 11908.73438
6498.003418 -10970.29395 6655.632324
8699.8125 -16027.25195 12303.34277
11443.25781 -13389.55273 12587.47852
9676.311523 -18350.81641 8922.266602
9680.432617 -18479.99805 9049.038086
6431.78125 -15920.00195 9941.623047
5626.827637 -8460.245117 8522.368164
11081.26465 -17121.93555 7203.130859
12539.07129 -11156.39648 6598.945313
10048.14258 -8754.057617 13408.60059
7840.013672 -6338.925293 8560.044922
10955.3252 -6285.352539 9617.935547
10279.51465 -11417.03223 5184.462891
7151.713867 -17337.83398 10296.67676
10984.56836 -15712.875 12012.65723
12818.64746 -12548.0127 12481.97461
9987.791992 -8509.675781 13254.02832
7372.285156 -17968.60352 9866.207031
8088.768066 -13690.81934 6131.480469
10088.6123 -14348.07227 6467.030273
10595.70801 -8005.280762 12794.34082
8858.094727 -18479.99805 9532.77832
10231.63867 -12439.17188 13551.13672
10357.18164 -11207.87891 5260.965332
7204.936035 -9847.330078 13422.1875
8207.555664 -17892.8125 11569.18359
10211.96875 -6296.580566 11375.05469
10255.1123 -10183.1582 5397.410645
6255.666504 -8546.96875 10757.30273
14372.66113 -15506.05566 8412.30957
14581.5 -13376.27637 8781.647461
7674.100586 -14418.18555 12418.40918
12025.54395 -13954.43359 6582.35791
10939.4541 -7860.828125 12398.78418
13156.2793 -11373.22363 7023.423828
7639.328613 -17046.76758 9486.136719
7722.79248 -16236.90039 12209.15039
5955.322266 -11295.37988 7803.422852
10738.29395 -14449.05371 12664.94336
10606.09961 -17083.22852 8048.835449
10899.99023 -15517.92773 7201.567383
7326.351563 -12295.29688 12954.02344
6884.393555 -15392.9707 6999.871582
8791.482422 -9614.042969 13701.68164
7615.149414 -6120.390137 10612.5625
9206.811523 -12991.30469 13511.04199
8432.256836 -6170.80957 12449.61914
6915.236816 -8401.482422 11768.21289
10781.21484 -18480 9393.032227
10702.90527 -7337.021973 7086.996582
7190.049316 -16487.00781 11060.41602
10621.95898 -6485.685059 8726.541016
6957.006348 -8551.512695 12264.5918
6707.101074 -6301.037598 10761.18457
8251.473633 -15917.65332 7054.149414
12879.95215 -14623.99316 12050.50098
8556.438477 -13297.02441 13241.11621
5577.242188 -9669.349609 9167.576172
13969.49121 -14929.09863 7746.245117
10657.97363 -16497.88477 8612.84082
6808.490723 -14758.42871 11818.24805
10087.79199 -11041.12305 13878.09961
12320.50488 -10012.59473 12954.73438
14277.0293 -13170.58496 10925.69727
7727.56543 -16281.97852 7983.744141
12222.71094 -10779.77539 6524.12207
7870.074219 -13493.99219 6129.998047
6736.121582 -7912.668945 11715.12891
12933.56836 -14863.88477 7096.776855
6605.14502 -14123.50684 7214.348633
9999.306641 -11723.28613 13699.0918
5992.157715 -14201.57031 10073.7373
9959.807617 -9213.204102 5802.430664
8266.69043 -14896.9707 12448.75293
12030.92383 -17716.13867 8831.155273
9393.097656 -17683.37109 11631.68066
10874.35938 -6432.466797 9122.570313
11644.00977 -6936.737305 8382.378906
13216.10938 -14668.61523 11667.1582
11480.04395 -14484.47461 12239.88672
11905.36914 -15865.27051 7178.503906
11165.875 -17843.81641 10245.19922
10824.35547 -14305.99316 6351.378418
7776.617676 -11090.81055 5506.941406
8281.088867 -6569.211914 8324.382813
11572.4502 -10393.25195 13356.6416
10438.58008 -17590.41211 11238.91309
7648.047852 -17018.93945 9315.557617
7279.944824 -6333.17041 9446.158203
13311.7041 -14238.75879 6945.753906
8939.636719 -6045.755371 11662.04688
11327.90234 -7017.113281 10684.72266
13744.21191 -9286.068359 10216.30957
10732.2959 -11518.54199 5314.131348
14167.74512 -15787.49414 8759.805664
11047.3584 -13883.34473 12698.93066
6821.46875 -12328.07129 6418.983398
7493.008301 -18288.70508 10593.71094
9906.945313 -7794.89209 12741.66992
11832.2627 -6921.941895 9129.588867
10730.87012 -13033.19922 6217.448242
8433.916016 -8573.037109 5534.265137
6580.427734 -16050.13867 9247.821289
12059.25977 -10003.68848 6840.757324
14266.37012 -14104.52344 10074.63477
5988.875488 -6691.161133 10256.66992
12296.65723 -15196.0791 7170.910156
6657.921387 -6999.812012 11914.43555
9023.276367 -6182.081543 9688.870117
7347.038574 -6216.149414 11389.55273
11742.50195 -17731.31836 8084.206543
7678.774902 -8536.608398 12218.93164
7932.182617 -8145.927734 12137.14063
8148.689941 -8732.914063 11918.59082
7919.290527 -8327.332031 11842.3877
7619.785645 -8642.538086 11971.27734
8133.165039 -8643.981445 12190.73242
7636.384277 -8300.999023 11934.73242
7713.302246 -8623.223633 12225.1416
8306.091797 -8438.735352 12125.02734
7849.941895 -8403.152344 12190.87891
7843.352539 -8769.291016 12200.96582
7892.728516 -8578.113281 11816.77637
7767.462891 -8177.968262 11933.16406
7786.108887 -8819.879883 12108.49414
8049.206055 -8819.733398 12066.31934
9974.826172 -7407.771973 11597.31934
10057.04785 -7493.678711 11488.43164
9843.167969 -7288.090332 11360.77637
9656.717773 -7793.225586 11307.56836
9902.302734 -7290.322754 11404.09082
9761.720703 -7784.524414 11677.87793
9970.789063 -7478.549316 11291.86523
9960.817383 -7615.919922 11261.84082
9839.344727 -7469.605469 11234.09766
9618.088867 -7517.005859 11632.58203
10046.48633 -7612.712891 11396.28223
9979.633789 -7772.380859 11609.63086
10020.0918 -7653.839355 11337.49707
9866.90625 -7712.758789 11234.63379
9919.299805 -7440.750977 11653.61523
