10849.87988 -9405.693359 10393.8916
8154.48877 -12752.94141 10153.65137
9871.84668 -12969.16113 8011.19873
8136.657715 -12629.94141 11037.96973
7684.103516 -15182.44824 10614.66797
7348.084473 -10097.41016 7121.361816
8878.515625 -14071.84863 8383.719727
12329.28418 -9843.520508 11239.19434
6957.260254 -8192.003906 11601.22754
12247.53613 -9426.108398 12021.23438
7386.077148 -14256.28809 11088.70117
7326.78125 -12436.27051 12152.72559
7072.65918 -10236.4707 6560.289551
7800.44043 -14305.03418 7821.979492
6916.606934 -13932.02148 10609.34082
11379.10449 -15360.73145 10732.75
6435.832031 -10226.08203 9198.958984
9989.610352 -17520.97266 11009.17188
10575.01465 -9039.995117 10142.87598
6806.882813 -10140.80566 12851.79688
8766.829102 -18347.67578 8903.970703
8546.540039 -9546.750977 13673.75879
8392.264648 -7658.76709 12875.9873
8407.692383 -9289.966797 13624.26953
7952.718262 -16299.7666 7917.695313
11227.30664 -7872.54248 12292.14648
9306.856445 -9175.306641 5661.559082
10049.08594 -12891.92676 5884.717773
9737.853516 -7017.936035 6494.154785
5946.137695 -14476.59961 9129.070313
11672.98145 -16789.14063 8056.867676
8433.088867 -17809.36328 11616.20996
8979.876953 -14387.56445 6542.118164
11505.79004 -7710.179688 7168.083008
14389.74219 -10579.56543 9148.753906
12720.98926 -14951.97559 7118.733398
5486.961426 -9796.083008 8368.935547
6398.754883 -11534.88086 6768.728516
10228.0791 -14213.1875 12934.26758
6912.01416 -10156.05859 6001.776855
9796.636719 -16270.24121 7382.060059
12975.20801 -13201.63379 12021.37891
6095.889648 -13889.28516 8455.085938
8824.779297 -15914.94141 7114.186523
7661.213867 -9770.052734 13600.88574
7178.395508 -7943.481934 12918.25977
13508.07129 -13309.01172 11765.03223
10012.55762 -17170.77344 7749.216309
13033.47852 -9151.022461 12040.28613
10627.61719 -8494.875977 8671.326172
11471.06934 -9264.337891 8303.867188
11260.17676 -9243.046875 8056.454102
11999.43164 -8599.572266 7715.762207
10031.82129 -8112.459473 8334.93457
11740.08984 -9072.650391 7887.192871
11399.03516 -8202.414063 7617.095703
10168.13379 -8078.115234 8535.803711
11674.91211 -7785.080566 8280.701172
11858.66504 -8909.539063 8559.875977
10680.53613 -9061.259766 8534.808594
11431.49121 -9271.804688 8262.5625
10532.05664 -8885.208008 8581.883789
12317.53613 -8755.166992 8148.214844
12161.55371 -8049.824707 7950.743652
9670.605469 -7636.789551 11683.74414
9967.325195 -7560.630371 11270.53906
9702.267578 -7448.981934 11657.19336
9729.746094 -7406.01709 11646.27734
9740.875977 -7888.759277 11519.57324
9962.693359 -7816.63623 11361.4873
9621.996094 -7584.095703 11650.83105
9709.563477 -7438.025391 11255.69141
9694.632813 -7808.390625 11628.46973
9559.206055 -7473.264648 11415.60449
9743.957031 -7751.442871 11243.94922
9851.902344 -7290.979004 11546.07422
9596.030273 -7702.649414 11614.70508
9723.6875 -7554.563965 11215.25977
9822.602539 -7739.975586 11706.27246
