9301.640625 -12452.03125 11038.04199
7999.937012 -7697.004883 8450.037109
11600.16797 -10704.55664 11166.81543
11031.26367 -10128.83691 11406.62012
9537.538086 -12442.16602 10773.92285
8809.933594 -7945.533691 9330.880859
8418.507813 -12818.2793 6961.158691
9325.951172 -11213.1084 8835.006836
8209.672852 -8737.313477 8578.283203
8149.919434 -11542.52246 9110.277344
7046.337891 -12160.98145 10191.89355
7085.50293 -11010.26465 7486.374512
10646.68652 -14002.65527 8621.374023
10147.5332 -13754.96191 8617.485352
10176.76172 -9692.436523 12759.13574
11028.5791 -8822.458008 10502.70215
11520.61621 -8567.682617 11912.94727
9664.337891 -13011.79395 9864.21582
8662.946289 -11727.80469 10239.36719
9105.670898 -11969.93164 9747.006836
9512.441406 -11879.60938 9783.030273
7310.132813 -15223.81348 11315.02051
10633.24902 -8057.449219 10899.86719
7337.037109 -10415.63281 11249.45898
11028.5166 -14134.53223 10200.78613
9898.295898 -10109.53223 11377.6416
8788.243164 -13785.36133 11206.96094
9007.40625 -10389.87207 12189.91211
9141.849609 -12592.53223 10881.68652
9182.744141 -10653.18945 11859.00879
8706.151367 -11348.93555 12271.7793
6772.509766 -9311.837891 6255.012695
10791.56152 -10293.07715 11925.80469
7252.087402 -14020.98047 9814.885742
8739.90332 -13252.76074 12186.05664
8661.179688 -11198.04395 9237.469727
8817.775391 -8928.495117 11009.58496
12887.71094 -9671.591797 11792.18262
7865.519043 -14867.0957 10663.64453
11925.43359 -10240.74219 11766.7373
11888.55371 -7827.346191 10896.39453
8116.749512 -14334.52344 7817.489258
10626.90332 -10023.26172 11358.87207
8930.773438 -13092.09082 9574.453125
9862.756836 -10014.91992 12107.43945
10830.52539 -11211.09766 12742.94043
7203.581543 -11718.64258 12299.83398
7490.930664 -6826.865723 10705.85547
7765.025391 -8782.652344 8448.739258
10927.73535 -7792.508789 9918.015625
12559.9834 -9521.051758 11227.22754
10602.87891 -7438.602539 10404.71289
11633.64355 -9281.240234 11949.15332
7620.677246 -9500.59082 8323.173828
8405.15918 -9401.581055 8597.709961
12491.44531 -10656.04492 11600.21973
9194.908203 -12574.52832 10764.07324
9250.679688 -12125.50684 9743.569336
11143.66895 -8765.124023 12033.10254
10840.46777 -8372.042969 9679.682617
9155.768555 -12206.4209 7159.327148
7728.044922 -13595.98633 10852.77734
10511.91699 -13882.4375 9096.193359
8604.551758 -12599.59277 7248.919434
9371.458984 -10637.42773 12194.70215
8776.417969 -7505.012207 11445.40332
10118.36035 -8031.275391 11435.28125
7668.676758 -8535.430664 8371.585938
9896.249023 -13048.18652 8386.948242
8909.560547 -12401.6416 12816.47363
10073.54883 -10932.34668 12254.66699
6853.064453 -11167.63672 7092.696289
9583.538086 -13231.68066 12158.82813
8687.154297 -8012.330078 11512.96484
10526.49023 -7388.887207 10828.58594
8677.725586 -14167.05762 10960.4502
9801.824219 -8189.943359 12715.02246
9795.708984 -8252.614258 11576.68652
9462.299805 -11600.68359 11904.79883
11429.96973 -9962.192383 11439.83496
12398.73438 -10441.0127 11521.03223
9525.255859 -9697.50293 11689.29785
9557.018555 -11995.39453 12718.71191
9372.648438 -12917.22266 8925.912109
9069.884766 -9798.514648 8628.967773
9824.799805 -8586.083008 12637.35645
8898.723633 -12719.1709 6661.885254
11251.19922 -10897.73438 12740.01367
10941.33105 -10534.44336 12444.76172
8828.170898 -11472.03027 10021.11328
10563.58398 -13728.47461 10333.35547
8355.898438 -11162.38086 11475.98145
7635.476074 -11624.37891 9608.648438
7350.908203 -15112.62305 11728.8125
9571.966797 -11568.45996 13373.7168
6937.352051 -14616.08008 10423.26563
9993.733398 -11749.77344 10614.53418
8794.8125 -12298.12793 10511.16699
8145.822754 -9479.220703 13121.19141
9536.289063 -7337.752441 8764.65918
10722.04492 -11545.14258 11012.8252
9126.029297 -14102.73828 11014.24805
11287.79785 -11875.18066 11928.82324
9928.77832 -9583.575195 10755.77734
7634.368164 -13031.13574 10754.43066
6929.93457 -11354.53027 9411.867188
8943.323242 -13836.77441 9154.189453
9338.926758 -7945.834473 11587.34961
7190.154297 -13257.72852 11128.63867
5788.598145 -9438.673828 9030.999023
6370.735352 -15280.25977 10258.37402
6537.592285 -7414.872559 10639.27051
6233.067871 -15389.61621 9768.03418
6527.910156 -14027.07422 9044.050781
7763.125977 -9330.426758 12737.0625
7301.029297 -13038.01563 12334.83789
6718.581543 -12770.09277 11700.58008
6825.758301 -13844.21582 11319.95605
7386.251465 -14566.84277 9262.179688
7175.787598 -9646.250977 13108.60059
6696.958496 -14763.93359 9076.50293
7516.066406 -10859.49121 12965.33008
6089.287598 -7735.989258 9710.602539
6999.445313 -9847.746094 8409.764648
7431.609863 -11507.70313 6712.145996
6165.24707 -15024.87891 9402.908203
6766.46875 -10987.40625 6642.084961
7162.22168 -9790.955078 13221.96094
7371.810059 -13530.73535 11888.02051
6760.881836 -10639.45801 9792.979492
7377.881348 -12035.25195 12757.13867
7864.656738 -11992.23535 6721.050293
6831.071777 -9151.762695 8928.267578
6404.496094 -10306.88184 6850.196289
7243.734375 -14521.21094 11408.81836
6788.358398 -10263.77539 7812.575684
6511.541016 -8186.994629 9705.878906
6405.038574 -13959.00488 7759.266602
6766.155762 -11972.13574 7022.60791
6488.16748 -10423.89355 7903.109863
7628.293457 -14481.80664 9700.616211
7598.972168 -14711.91309 9023.629883
7490.485352 -8436.605469 13066.69727
5795.311035 -9018.487305 7886.28125
6977.481445 -9175.186523 11874.80078
7123.346191 -13230.54004 11951.56934
6691.412109 -13839.5293 7370.131836
6227.083008 -15216.62012 10193.39355
6296.128906 -14472.62598 8081.869629
7245.145996 -12972.52441 11400.88867
5829.124512 -10443.57715 8735.226563
6903.868164 -14641.59082 11068.30762
7206.075195 -14697.24023 11231.74805
6729.077637 -13838.58105 11589.40625
6839.066895 -14483.39941 8172.047363
6795.865234 -10279.82813 12307.11523
6828.904785 -15403.17871 10423.5957
5758.111328 -9038.017578 9388.594727
6163.043457 -10394.72363 9370.365234
6896.06543 -13898.04395 11440.43164
6146.11377 -13944.19727 9204.481445
7869.927734 -9633.467773 12533.41113
8189.202637 -13669.11035 7583.631348
7225.161133 -8852.701172 12685.16602
6449.458496 -8711.361328 9044.790039
7754.276855 -12059.54688 6337.673828
5982.216797 -9376.088867 9649.3125
6907.327637 -8062.711426 10996.50391
7600.490723 -12252.48633 12794.94629
6920.277832 -8816.375 10684.78223
7628.402344 -8555.954102 13041.85352
7524.66748 -10420.83984 13402.43945
7603.540039 -10128.46582 13244.22754
8431.851563 -8678.94043 12191.57715
6012.317383 -8166.270508 9726.588867
7099.73584 -14850.08398 11634.29395
7186.069336 -9902.137695 12434.85742
6677.919434 -14049.91113 7705.355469
7604.022461 -14158.49023 12228.04102
6663.767578 -9626.869141 8721.744141
6979.297852 -11061.20801 6689.572266
7152.907227 -10904.95605 7624.307129
6888.716309 -11763.87305 6707.01709
6754.512695 -7848.555176 9835.814453
7122.164063 -9055.65918 12172.06348
6521.229492 -13923.72656 11290.88574
7193.117676 -13704.50781 8249.361328
7428.104492 -14608.00781 9733.614258
6564.72168 -9010.978516 11102.82617
8045.54248 -13185.96973 8016.257324
7822.910645 -11779.19238 12366.91309
6995.0625 -13366.00879 11974.21289
6253.091797 -13760.81641 10676.99023
6907.50293 -11181.29004 6619.455078
6969.394043 -15361.24023 10930.34375
6578.218262 -14634.9873 7673.416992
7739.302246 -7925.984863 12059.55762
6415.151855 -14628.8584 8096.094727
7607.185059 -13930.51465 11564.6416
6955.575684 -13197.15234 8341.021484
7052.507813 -12061.6748 7038.342773
7850.887207 -12818.35547 6366.247559
7059.913086 -14655.05273 6895.672852
6436.305664 -8009.146484 9674.852539
7178.030762 -14984.26758 9634.81543
6168.916992 -15130.75684 10576.43652
7291.913086 -13718.7959 12194.20117
6201.687012 -9649.547852 7446.141113
7634.192383 -12372.97461 11585.96582
6162.343262 -14925.6123 10312.1709
6637.143555 -8162.605469 10998.18262
7815.895508 -10768.8877 12690.78613
6336.978516 -13723.00684 7573.874512
5793.76123 -9326.358398 7631.564941
6182.313477 -10926.97266 7184.926758
6752.95752 -13531.34473 7193.647949
6940.719727 -8191.665527 10437.56836
6171.938965 -13727.05664 10239.46484
6109.300293 -9633.912109 7572.051758
7519.648926 -14299.14355 6904.829102
7953.990234 -11412.30957 12343.97363
6522.316406 -11358.83398 11883.20117
6525.726563 -14178.75098 7487.692383
7742.22998 -12312 11757.13574
7659.272949 -7423.570801 10689.2373
8035.077637 -11985.16113 7388.394531
7825.638184 -13425.39746 12243.3623
8034.353516 -11803.02246 6923.952148
5954.468262 -9456.066406 7294.594727
7298.089355 -9597.149414 13175.75781
6622.737793 -9840.663086 7672.61377
7089.963867 -12246.98242 10368.81641
5758.162598 -9154.669922 7938.449707
6067.069824 -9844.15918 8168.035156
7778.114258 -11714.70508 6421.212402
6866.121094 -13626.39746 11142.99316
6594.236816 -14059.16504 10382.54297
6713.94043 -8613.22168 8840.648438
8336.332031 -10328.02246 12178.31055
7071.748535 -9880.875 6840.998535
8089.377441 -12535.84668 11848.98047
7488.18457 -14023.93652 9859.130859
6674.788086 -9579.980469 7585.409668
7101.789551 -7448.806641 11593.96289
6708.443359 -14866.19629 10501.74707
7255.235352 -9234.614258 12767.49316
6261.619141 -9670.167969 7980.261719
5771.952148 -8741.061523 8875.53418
6009.414551 -9836.873047 7425.289063
6095.424316 -9567.177734 7249.395508
8158.090332 -13689.46289 11168.1748
5833.587891 -9174.655273 8486.904297
7207.31543 -11299.07227 12031.69043
6781.727051 -9920.720703 7905.388184
7638.102539 -12029.71094 7275.67041
8134.878418 -11950.37598 7006.466797
7012.000977 -12861.55469 12149.94531
7529.748535 -14543.71875 9192.545898
7641.097168 -14724.82617 8879.542969
7339.57373 -10374.4209 11686.11328
7962.808594 -9917.728516 13054.36719
7468.682129 -12413.30957 11917.94434
6479.620605 -14947.84082 10002.25977
7480.931152 -11904.95703 6399.48291
6132.966309 -14588.14453 10480.76465
6402.202148 -13350.46973 8158.509766
6571.508789 -15034.50293 10258.98926
7064.879395 -11799.29297 6542.825684
7288.741211 -10240.78516 6868.885742
7030.884766 -10238.85742 7962.626465
7377.64209 -12926.8916 12470.33496
7221.158203 -11332.81445 6637.708984
7438.851074 -7716.575195 12116.13086
6298.605957 -14540.50391 8639.751953
6182.325684 -14287.86426 9580.916016
7113.489258 -9869.888672 9861.026367
6336.188965 -14171.74902 9017.640625
7093.092773 -14058.24805 8032.623535
7894.692871 -11891.2041 6682.116211
6086.374023 -15209.44043 9659.410156
7547.643555 -13371.8457 7155.068848
6343.124512 -10515.19141 9415.347656
6943.02832 -13783.8877 11926.76367
6803.850098 -9768.52832 12138.67871
6858.70752 -13890.23145 7583.14502
7623.521973 -11201.7041 12679.67871
6700.598633 -8319.75 9483.545898
6696.76123 -12164.96777 6787.305664
7169.242188 -14766.8418 10386.7998
6243.139648 -14330.21289 10210.17188
6775.633789 -10811.51953 12395.18359
6312.138184 -14268.07617 11008.17969
6200.818359 -10660.91406 7824.714355
7134.29834 -12874.93262 12075.9502
6383.866699 -14255.51465 7807.848145
7234.15625 -9648.625977 11962.78906
6883.54541 -14959.93848 7078.146484
7487.64502 -13130.27051 9783.415039
6463.899414 -8595.338867 9141.494141
6597.828613 -8058.678711 9653.899414
6736.557129 -9732.389648 7457.819336
6222.635254 -14009.83789 9003.857422
7214.16748 -14786.32129 10286.53223
8466.526367 -9933.262695 11994.43164
7078.258301 -9768.146484 12171.35254
6404.836426 -8822.564453 10038.25781
7446.693848 -11376.01172 5882.641602
7148.486816 -11647.94922 6789.989746
8430.93457 -12517.9541 11626.2168
6411.698242 -14672.56055 8717.194336
7839.062988 -9084.714844 12734.64746
8699.84375 -9492.567383 12269.55078
6346.05957 -12787.20801 11119.96875
6389.65332 -8138.401855 10519.6748
6178.685059 -11211.71484 8202.65332
7341.960449 -13934.9209 11835.66309
7353.370605 -11167.98438 12803.42676
6956.76709 -12154.1709 7117.256348
6745.3125 -11660.60156 6522.691406
7039.574707 -11653.18359 12143.71582
6646.186035 -13999.65039 7554.430664
7117.316895 -13332.92188 8131.510742
6687.410156 -13689.15039 7923.202637
6008.604492 -11346.10938 9986.021484
6746.541992 -12073.58691 7223.59375
6222.278809 -10659.7207 9374.226563
7315.337891 -13574.67773 7075.046387
6740.521973 -10319.29004 12233.07422
7382.935547 -13685.1875 7272.225586
6262.46582 -9973.232422 9179.570313
7583.257324 -12969.76465 7637.793457
6440.302734 -12517.0625 7302.005371
6776.101563 -10306.55273 9601.661133
6760.976563 -12986.34277 7374.276855
6605.274902 -10876.22852 11495.76465
6977.007813 -11255.5791 7420.321777
