8175.610352 -6667.950684 10104.05273
10207.49707 -16464.67773 8715.504883
7373.515137 -7698.777832 12765.23145
9620.070313 -11913.86426 9074.416016
9354.946289 -13714.7334 8062.874512
8042.71582 -13179.23047 7772.987305
10481.29785 -10899.68066 12275.66895
7342.430664 -14159.98438 11210.77148
11394.78125 -7684.388184 10595.48926
8878.806641 -9438.067383 12929.44531
9725.113281 -12387.76563 7688.435059
11828.04883 -13668.70313 8382.865234
8352.042969 -12556.28613 6236.904785
11632.52344 -11544.61035 12592.34277
9426.741211 -11769.23633 6194.717285
8181.732422 -11142.08301 12625.13281
6431.686523 -13628.98047 10612.23633
7191.908203 -8455.572266 9180.982422
6536.053711 -7340.301758 10192.79395
8611.708008 -9042.311523 12413.50879
7077.261719 -12435.52441 7658.71875
10320.94824 -7824.002441 11272.47559
6676.475586 -14123.39453 8465.580078
8618.550781 -7283.651367 10710.66113
10327.83008 -14307.09766 12203.43555
6226.984375 -8246.957031 8265.711914
6431.077148 -9179.743164 6734.947266
9345.551758 -9396.865234 9879.959961
8031.194336 -13413.39648 8388.132813
6396.833008 -9240.550781 9498.50293
9140.966797 -8685.601563 11397.70117
7607.603027 -13710.07031 8156.862305
7834.648438 -12524.67383 9799.130859
7393.827148 -9842.863281 8911.423828
8163.094238 -9231.167969 11061.92871
7504.018555 -15759.69922 9633.932617
8960.277344 -7800.850586 11881.08789
8980.349609 -13387.03516 10203.2207
8486.676758 -7601.487793 8997.333984
10913.18652 -10019.82324 12912.40234
12768.06348 -10097.30664 11450.60547
12295.0332 -8102.737305 10052.95898
14303.06055 -10667.70117 10294.83594
8688.241211 -14957.60938 7267.650879
6998.456055 -14423.87402 8968.054688
9697.797852 -12842.75 10790.03809
7489.727539 -11706.2832 11080.9043
8850.575195 -7745.322266 12378.41113
7825.244141 -12822.74121 8325.705078
12042.23926 -9863.0625 11203.47754
7962.48291 -8095.050293 12662.81543
7777.474609 -12620.14941 7780.213867
8143.127441 -12653.75098 9261.967773
7992.123047 -8791.803711 10956.39648
8666.874023 -9183.400391 10686.66406
6308.116699 -10891.71094 7384.681641
9339.048828 -10281.75293 11042.53125
7183.104492 -11891.39453 8842.290039
13647.72852 -11716.56738 10958.78613
8812.391602 -9268.688477 10627.87793
11896.33105 -12453.37207 9697.65625
7642.750488 -11898.63477 11970.55078
6883.958008 -15688.08984 9932.685547
7095.705566 -12348.67773 12475.70703
7678.06543 -16157.28516 11625.2793
10315.5332 -7884.087402 9702.051758
11158.64746 -10035.68066 10618.89844
7614.327148 -10672.81152 13055.10254
7429.505859 -10121.73926 10418.2041
8787.421875 -15857.3916 7599.125
7846.92627 -13559.84961 11845.00098
9302.037109 -11195.22461 9366.623047
7217.421387 -15973.07031 11364.12012
7353.975098 -12395.94727 10967.07129
7882.878906 -7450.170898 9463.125977
6648.109863 -11213.8252 11128.21875
9301.262695 -9029.108398 10565.06934
6573.759766 -10403.08105 9027.051758
8357.777344 -7521.125488 11955.41016
7738.421387 -9985.397461 12048.71191
10602.06738 -16124.21777 8623.188477
6668.23291 -7750.264648 8126.657227
7980.753418 -14224.98047 9318.666016
12458.85938 -9307.085938 12171.95801
8053.651367 -12644.65137 10023.70996
12487.49707 -8757.875 10704.82227
7392.169922 -9785.360352 7229.348633
9166.790039 -7892.091309 9009.169922
11580.89453 -10263.66406 10985.72949
7300.558105 -16116.82422 10720.81543
9643.174805 -14133.8623 11869.15625
9982.793945 -12635.29395 7975.660645
6439.672852 -10093.77734 10054.39551
7131.141113 -15696.9834 8837.147461
6815.278809 -13272.2666 9548.760742
8344.088867 -10639.52148 11562.33398
11651.71387 -9276.012695 11077.38672
9328.458984 -16166.04297 11827.19727
8636.978516 -13096.81836 12799.00391
7592.90625 -13581.82129 9590.895508
9922.425781 -7321.930664 9232.738281
8531.99707 -14962.54102 11859.51855
7508.871094 -9516.713867 8021.626465
9726.024414 -12634.58301 11338.02148
8398.700195 -7891.128906 7731.260254
6025.536133 -9889.405273 7022.856934
10821.07813 -11751.34375 7982.936035
7264.605957 -14428.43848 10449.14941
10600.4209 -14322.25293 10592.95605
8717.647461 -16885.13867 11563.5166
6889.290527 -12548.05371 8970.092773
8719.709961 -14163.54883 8682.019531
7199.471191 -7712.671387 12085.60938
9146.405273 -8439.123047 11873.16992
10915.20215 -14461.5918 7575.464355
7458.530273 -15334.88965 8577.925781
12020.77734 -8695.90332 9644.708008
7512.251465 -9730.392578 12981.63867
6764.27002 -10765.60254 12084.58496
9119.246094 -12544.16797 8149.895996
9824.267578 -13322.38281 7732.961914
7325.750977 -13371.20996 10574.97266
11390.86035 -9777.761719 8249.102539
9330.813477 -9313.911133 9125.178711
11120.1582 -12358.48535 8765.582031
10147.24316 -13403.91406 8543.224609
8824.297852 -8337.392578 12612.8584
9653.071289 -10893.94629 9045.297852
9781.75293 -11013.71875 9256.132813
7817.381348 -9038.814453 10353.99316
7474.129883 -7280.140625 8322.030273
6615.53418 -11655.69238 9959.49707
7992.458496 -11760.04785 11016.1748
6664.730957 -9324.819336 10681.99707
7935.748535 -8587.676758 9854.613281
7445.088379 -12821.33301 8132.708008
11484.23535 -8398.788086 9832.681641
6580.723633 -11827.40527 11419.71582
10721.11621 -7483.18457 8286.113281
8515.041016 -14544.39453 9337.15625
10009.7041 -8095.510254 9973.104492
10350.85254 -11894.20898 12198.83691
9524.457031 -14050.41699 9675.267578
8511.442383 -13207.87305 6335.893066
6964.281738 -12451.96973 9711.035156
7943.27832 -8984.889648 11640.6748
7315.952637 -7313.40332 9153.766602
6950.538086 -11556.64453 11404.5127
9996.532227 -17506.32031 10945.44141
10089.76953 -14330.76172 11268.60938
10423.20898 -9019.161133 10016.61035
7146.640625 -13487.43457 10084.16504
7437.522461 -16177.7666 9296.429688
7752.000977 -10790.40723 6414.020508
6025.961914 -11797.21484 8242.491211
8762.316406 -12905.46191 12694.82227
10258.8291 -11203.75879 11571.68164
9397.268555 -8430.977539 10605.60059
8083.225098 -13290.49902 11121.66992
6053.898926 -9830.339844 8567.836914
7318.488281 -8158.850098 8117.63916
9090.861328 -12667.90918 12272.58496
7371.976563 -8297.501953 10513.81738
9218.970703 -14406.18652 10917.92383
8933.943359 -7607.334473 7204.59082
11705.30664 -10774.14941 12693.1582
6273.93457 -8272.824219 7006.931641
6480.785645 -12328.96582 10132.14258
7804.267578 -10242.93652 10638.6748
10852.02051 -7553.534668 9672.149414
7620.864746 -6690.054688 11907.67773
12668.24023 -11653.86621 10695.60156
9606.72168 -11778.26465 11138.5791
10352.45996 -8562.125 12109.02637
12178.31836 -13745.56641 9868.399414
7760.560547 -10278.64746 12736.8252
10330.79883 -13340.14941 9157.293945
8036.26709 -14332.57324 11653.9834
7830.018555 -11141.7666 12368.10742
9292.234375 -8536.174805 10186.58301
7740.985352 -7593.974609 10125.53809
7805.21875 -15166.92773 10621.8623
7297.037598 -10869.78027 10629.5166
6033.019043 -9937.754883 9202.649414
7747.963867 -14151.60742 7813.307129
7389.170898 -8079.937012 10839.38281
6620.362793 -8322.455078 10611.85645
8331.663086 -16189.7168 11527.59863
9206.976563 -13564.86035 12419.49512
7563.006836 -9582.032227 11676.53613
12043.19434 -9193.514648 10705.5127
6941.276855 -10721.99023 8045.347168
7043.376953 -15083.22266 8377.148438
9073.238281 -10966.86816 13346.7998
8419.100586 -9925.501953 11216.18066
6607.880371 -7575.691406 9092.469727
11414.03613 -12609.25098 9503.586914
6113.383789 -10102.62402 10843.35059
7738.632813 -7537.40625 11050.4375
9237.911133 -7035.942383 8046.908203
8762.955078 -11579.60254 12828.64258
9904.885742 -8193.564453 10945.06152
7061.129883 -7726.419434 8389.491211
12530.55762 -11697.65625 11988.76563
11100.43848 -11110.93457 13485.02832
10736.05664 -11869.26465 9987.214844
7128.016113 -9250.663086 11360.49609
7370.130371 -8710.720703 11763.7168
8135.134277 -7728.505859 7262.640137
10288.38184 -6693.532227 10078.40234
11366.22656 -10821.19141 10373.06543
8649.068359 -15755.03809 11916.2998
8696.083984 -11600.24902 11474.55566
6983.026855 -8570.058594 7095.394531
8770.348633 -15116.76074 10766.83301
8754.362305 -7489.633301 8614.34375
7866.782227 -15899.45703 8314.016602
8400.732422 -13474.48145 9840.84375
9776.081055 -9505.650391 10192.37012
5891.804688 -10229.19531 7797.733398
10392.17188 -10162.22754 10402.32031
7207.856445 -10903.73438 10287.41895
11363.43457 -15156.84473 10690.51074
8595.916016 -14963.08789 9086.850586
11137.71582 -7252.021973 11076.78125
6909.177246 -7947.600586 10543.31348
7693.416016 -15090.20703 11778.02344
9165.758789 -11909.96094 12463.875
8089.250977 -7421.398438 12303.14258
6579.20166 -12778.05371 9855.696289
8385.321289 -10255.06152 8049.252441
6647.092285 -10036.1709 10488.50879
6531.366699 -10928.87207 8900.93457
9982.535156 -12795.66016 8947.831055
9963.416016 -11401.51172 9654.764648
7331.397949 -12615.00098 10427.01465
7754.280762 -7526.210449 11884.59473
6990.423828 -9899.401367 12751.2168
12244.52148 -9246.869141 11401.94727
10350.5459 -8604.769531 9515.605469
6272.614258 -8960.46582 8997.576172
7017.411621 -10116.7373 6634.558594
10025.48242 -11784.62109 6665.744629
10739.2666 -9418.385742 10708.33301
9936.598633 -9062.208008 7692.96875
13012.14551 -9487.213867 11317.38574
7066.631836 -8435.948242 6121.346191
10019.13867 -6700.202637 8346.192383
7791.065918 -14987.53516 9921.299805
6670.209473 -9435.216797 7061.584961
8122.933594 -11626.33203 10365.21973
11563.24512 -7403.494629 9685.416016
9798.948242 -10628.29199 11151.1709
10409.29102 -12693.95996 12506.44043
6280.193848 -12895.88086 8965.361328
8864.762695 -11564.56445 7248.306641
7865.818848 -8175.57373 11564.78906
7895.989746 -14303.87402 10846.05469
7205.05957 -14970.57031 7524.75293
10823.73242 -8183.55957 10601.08301
9664.841797 -13138.0918 9644.439453
7590.075684 -11604.18652 12629.31543
6593.779785 -8640.992188 8331.455078
6841.751465 -13280.43848 7660.077637
10707.88281 -7658.23584 10827.0957
6624.038574 -9817.371094 11418.9834
10266.36035 -7581.365234 10523.08105
9869.84375 -11751.96777 11987.37891
11743.70313 -14237.37891 8926.28418
6350.831055 -9345.21875 9836.541992
10271.2998 -8643.921875 7130.32373
7708.127441 -15314.5293 8160.269043
7000.36084 -8443.59375 9832.085938
8153.49707 -8207.460938 7126.920898
7708.738281 -9052.077148 13027.73145
8557.5 -9246.975586 10020.73145
7215.807617 -7314.117188 9507.207031
10777.66797 -15031.73145 11778.33398
7430.781738 -9118.521484 12346.50098
10934.0625 -13577.13574 11707.04395
10749.03906 -7694.190918 11724.24707
10725.00684 -13517.39355 11197.73828
6841.058594 -9043.529297 10034.14746
6784.061035 -12598.88184 8315.55957
10028.63965 -14326.94922 7560.106445
9687.308594 -7708.221191 10266.0918
10054.37207 -11480.80273 13021.9248
8875.416992 -11143.25391 11651.93652
6789.741699 -6781.277344 9608.844727
10947.75879 -11107.86523 12072.44824
7785.764648 -7343.285156 8695.626953
7763.674316 -11000.6543 7224.300781
10474.50977 -11788.46094 9128.46582
9639.667969 -8296.101563 12066.69922
11679.82227 -15278.21973 8032.677246
8962.537109 -9908.285156 10734.91309
6242.638672 -7531.627441 8570.056641
