8733.605469 -11588.77344 12588.0625
8394.787109 -11614.20996 12821.83594
8413.363281 -11497.03809 12655.59766
8600.618164 -11805.63672 12722.89258
7869.933105 -13778.10645 8032.368164
7671.763672 -13720.47949 7895.150391
7575.037598 -13712.57813 8026.813477
7873.550781 -13699.27148 8190.510742
7507.675781 -14305.62988 10457.87012
7208.739746 -14333.4209 10383.08594
7427.774902 -14530.8584 10425.9082
7554.425293 -14311.70508 10178.1123
7993.870605 -12593.57617 12223.87793
7909.117676 -12871.97656 12309.66699
8009.225098 -12595.11719 12393.94336
7962.77832 -12820.93945 12247.08984
6503.540527 -10582.50879 8777.638672
6734.884766 -10878.56641 8779.954102
6595.447754 -10912.30664 8910.088867
6607.666992 -10966.06836 8665.199219
7528.01709 -8923.371094 10164.68457
7528.458496 -9220.929688 10149.07324
7787.881836 -9234.530273 10261.91797
7490.691895 -9093.381836 10350.90625
7829.24707 -7284.083496 10389.20703
7592.910156 -7448.982422 10239.00195
7811.671387 -7336.729004 10432.64355
7614.82666 -7462.993164 10159.00391
7877.088379 -16135.5166 11858.29883
7895.90332 -16091.09375 11858.80078
7832.276855 -15923.71191 11670.14063
7588.755371 -16200.39746 11846.40137
9692.123047 -12730.04785 7948.52832
9930.610352 -12691.7334 7893.289063
9724.099609 -12822.14453 8224.328125
9730.401367 -12620.25391 7998.716309
6948.403809 -10159.39648 6395.141602
6709.077637 -10358.90625 6492.399902
6737.022949 -10210.63379 6404.905273
6789.617188 -10341.91406 6400.999023
9085.130859 -11737.51953 12208.67578
8909.288086 -11983.29102 12435.95996
8918.587891 -11939.15527 12455.78711
8973.414063 -11936.77051 12486.41797
9566.738281 -12982.20898 10941.53418
9721.844727 -12894.34766 11099.69531
9438.890625 -12786.93555 10846.45313
9760.904297 -12640.8252 11007.6123
11671.77832 -7366.908203 10038.94434
11496.85352 -7573.150879 9783.979492
11640.43945 -7314.573242 9716.363281
11623.90332 -7283.730957 9766.174805
9598.739258 -8139.417969 10745.0498
9394.324219 -8470.082031 10686.56641
9590.512695 -8205.483398 10607.69141
9241.444336 -8246.569336 10795.39063
7815.440918 -8147.603027 12647.94434
7938.565918 -8196.237305 12702.14258
7809.10791 -8288.668945 12641.08789
7745.674316 -8205.347656 12570.11914
7030.354492 -15883.1582 8846.441406
7045.97998 -15646.26758 8728.161133
7227.897949 -15690.05957 8800.292969
7060.94043 -15870.23926 8866.02832
8444.768555 -10092.11914 10932.69824
8273.488281 -10097.76367 11236.51563
8546.635742 -9939.066406 11076.58496
8509.313477 -10015.03711 11312.58496
7945.876465 -13402.09473 11625.33984
7869.089355 -13491.10352 11823.37207
8014.606934 -13521.90332 11557.24902
7899.477051 -13455.07422 11482.95215
12147.76953 -10105.40527 11468.38184
12010.19922 -9876.830078 11248.41895
12184.10547 -9765.272461 11317.05762
12075.05078 -10102.20508 11185.56738
8176.120117 -7662.260742 9194.02832
8305.838867 -7657.109375 9285.036133
8547.886719 -7772.541016 9102.46582
8269.344727 -7609.056152 9249.306641
7803.459473 -6695.117188 10095.14355
8187.768066 -6587.086914 9981.554688
7950.831543 -6800.396484 10128.78418
7804.55127 -6717.399414 10005.16699
8130.787109 -12733.86914 6260.494141
8214.010742 -12749.49316 6143.152344
7985.97998 -12556.63281 6285.835938
8078.761719 -12412.5791 6029.875488
6923.058105 -14543.15723 9061.700195
6772.049316 -14505.29102 9133.237305
6787.325684 -14185.51172 9176.74707
6997.115234 -14527.90527 9208.391602
9089.707031 -7603.400391 8988.0625
9153.938477 -7811.620117 9083.308594
9457.232422 -7725.118164 8948.287109
9060.993164 -7806.487305 8908.834961
8050.412109 -13318.90918 7802.569824
8004.273438 -13284.47852 7721.031738
8407.433594 -13240.08594 7629.65332
8371.09668 -13349.25293 7770.991211
6885.700195 -14376.61914 7195.73584
6885.860352 -14242.97656 7222.984863
7138.995605 -14461.89355 7468.70459
7205.774902 -14332.22363 7308.547363
6331.916992 -9133.753906 9514.30957
6372.058594 -9261.862305 9518.375977
6301.301758 -9214.741211 9162.105469
6128.685547 -9064.893555 9331.821289
9856.547852 -8234.664063 11851.09961
9771.561523 -8435.931641 11986.89355
9836.266602 -8054.769043 11995.72461
9710.077148 -8097.964844 12022.00977
7047.899414 -10820.53223 11812.03906
6978.244141 -10791.9541 12077.18652
7038.352539 -10864.59863 11979.41016
7010.112793 -10927.95703 11879.61133
10063.15527 -14274.19434 11338.53711
9931.333008 -14550.1377 11191.83496
10151.24609 -14482.64355 11428.25781
9896.326172 -14550.62891 11200.12305
7594.827637 -9026.266602 7392.463867
7264.566406 -8972.295898 7380.38623
7231.740234 -9209.974609 7468.525879
7531.194824 -9033.008789 7555.216309
7518.733398 -10871.16895 7215.849609
7643.48584 -10602.04395 7196.680664
7632.056641 -10951.77637 7110.151855
7536.513672 -10902.0293 7190.668945
8088.248535 -16028.16211 8844.845703
8102.839355 -16062.3877 8834.205078
8090.678223 -16305.28613 8934.717773
8270.050781 -16093.53418 9082.879883
12014.20996 -9565.890625 10783.06055
11778.73047 -9316 10627.50391
11934.05664 -9181.348633 10662.21191
11984.91602 -9185.491211 10736.02148
7546.584473 -9262.549805 13174.81641
7376.632324 -9195.438477 12906.78418
7514.305176 -9106.327148 13250.07324
7302.574707 -9114.716797 13073.15527
8596.597656 -11485.60547 7033.72168
8664.287109 -11813.20508 7159.194824
8708.808594 -11787.0459 7229.342285
8660.526367 -11786.78516 6987.626953
8623.066406 -9107.639648 10537.37207
8484.236328 -9264.457031 10617.31543
8388.720703 -9233.701172 10616.05176
8362.550781 -9157.726563 10556.47168
10656.75 -14104.94434 11998.13379
11037.79883 -14180.55273 12078.54688
10963.14551 -14357.20801 11949.8584
10830.22168 -13991.73633 11986.30566
8540.143555 -12578.87695 12616.39746
8537.816406 -12805.6582 12827.91016
8519.432617 -12738.46094 12835.39746
8730.116211 -12750.56738 12896.29688
7563.025391 -7262.847168 9435.254883
7652.787598 -7319.311523 9623.445313
7823.017578 -7569.179199 9520.5625
7790.088867 -7354.708496 9605.788086
8112.105957 -15185.61523 8810.515625
7807.743164 -14949.09863 8818.195313
7841.437012 -15110.45313 8738.639648
8171.394043 -15005.34375 8863.09668
8140.062012 -12784.64941 11019.04297
8376.078125 -12882.51563 10889.30469
8362.255859 -12755.15039 11143.46387
8218.850586 -12523.5752 10873.86719
7381 -7388.895508 9164.148438
7167.049805 -7577.99707 8993.930664
7365.27832 -7530.742676 8809.620117
7252.716309 -7225.259766 9036.371094
7520.723145 -9897.043945 13144.3877
7737.467285 -10060.34668 12919.36035
7513.327148 -10104.31641 12864.03809
7620.603027 -10131.38281 12950
9907.338867 -7438.941406 9243.642578
10130.06348 -7237.003906 9155.588867
10292.86621 -7351.11084 9199.390625
10073.04492 -7593.068359 9358.696289
7723.51709 -12642.12402 9973.443359
7548.401855 -12560.19727 9994.110352
7673.881348 -12379.96973 10135.32617
7613.064453 -12611.26367 10005.40137
8118.502441 -10663.72559 11641.57617
8172.56543 -10592.21484 11747.29004
8427.076172 -10645.05762 11625.65918
8297.192383 -10900.0957 11875.74414
6202.174316 -12540.6582 8864.454102
6227.064453 -12590.76563 8699.771484
6226.831055 -12857.80078 9012.302734
6215.30127 -12547.68848 8776.024414
9205.992188 -11300.78027 9225.395508
9439.064453 -11145.77734 9264.149414
9355.905273 -11021.76855 9024.751953
9398.523438 -11036.34277 9055.756836
11208.16309 -14573.17285 7714.992676
11271.34375 -14525.06641 7438.241211
11256.02148 -14571.03223 7455.206543
11291.51172 -14444.56543 7686.683105
6837.574707 -12465.82422 8223.944336
6512.731934 -12517.8457 8156.703125
6779.399414 -12388.5752 8448.124023
6803.715332 -12497.97266 8175.914551
10703.13281 -7735.70459 9499.533203
10949.3291 -7655.004883 9291.433594
10800.64648 -7432.892578 9581.899414
10857.7373 -7731.872559 9629.803711
8771.458984 -7618.339355 12485.74707
8680.879883 -7611.554199 12532.91113
8813.72168 -7712.581543 12256.13184
8666.483398 -7578.87207 12504.875
6063.414551 -10635.46875 8335.90332
5873.218262 -10836.27832 8348.305664
6234.940918 -10845.46289 8506.265625
5951.896973 -10708.2373 8642.408203
6234.993652 -7505.395996 8681.938477
6237.320801 -7559.97998 8535.311523
6128.600586 -7734.029297 8783.672852
6109.779785 -7664.022461 8601.423828
7517.710449 -9881.555664 12256.92676
7356.822266 -10033.46289 12113.61328
7642.320313 -9907.302734 12234.83398
7433.760742 -10099.60449 11969.21289
7043.753906 -15914.19824 10947.31641
7185.405273 -16151.47754 10936.1748
7032.523926 -15915.69531 10635.20605
7289.533691 -15919.88281 10688.35449
9276.552734 -12468.94141 6384.717773
9134.253906 -12449.36719 6597.85791
8929.09082 -12543.91504 6553.703613
9046.052734 -12727.29492 6461.07959
9755.211914 -11109.70996 9605.004883
9899.886719 -11142.32617 9222.982422
9684.178711 -11077.61719 9316.013672
9884.918945 -11257.46875 9277.532227
8710.128906 -15038.55566 9145.00293
8525.737305 -15361.90039 9108.785156
8650.723633 -15353.05859 9116.133789
8465.455078 -14996.05762 9018.932617
10094.65918 -12800.02344 8811.485352
10217.50586 -12664.43457 9168.854492
10068.4502 -12515.25195 9065.677734
10004.19922 -12603.0127 9091.9375
10144.91602 -11804.25293 8293.796875
10166.01367 -11799.66211 8589.394531
10281.14453 -12118.71191 8365.009766
10194.86719 -12142.03809 8434.40918
7568.196777 -15925.44531 9032.830078
7740.630859 -15988.52148 9263.774414
7500.554199 -16096.37012 9032.441406
7612.282227 -15828.83203 9150.358398
10326.30273 -17692.23438 10859.875
10083.3584 -17759.85352 10810.85156
10281.68848 -17485.94336 11030.25977
9969.195313 -17727.38281 10933.76855
9315.063477 -7085.464844 8082.13623
9295.518555 -7077.970215 8120.994629
9299.490234 -6694.529297 8059.869629
9541.166016 -6995.685059 8158.989258
7284.838867 -7437.320313 11666.54785
6906.175781 -7396.726074 11605.68945
7140.686523 -7597.54834 11422.78906
6907.100586 -7512.463867 11535.32617
12144.68652 -12339.92969 9787.021484
12176.61133 -12343.95117 9679.794922
12036.60254 -12725.88281 9669.079102
12276.8877 -12438.60449 9708.210938
9341.503906 -9445.327148 10031.93555
9323.235352 -9530.723633 9927.776367
8946.319336 -9440.134766 9932.067383
9116.701172 -9214.466797 9901.027344
7211.928711 -15094.16797 8750.117188
7547.115234 -15327.66309 8696.210938
7159.407227 -15246.56543 8776.604492
7495.071289 -15341.24023 8860.844727
10844.34668 -10996.86914 12128.50293
10817.84473 -11192.60938 12185.31641
11036.5293 -11276.12012 12293.47852
10855.98438 -11150.55273 12437.93555
7053.662109 -8290.258789 9754.915039
7145.840332 -8384.582031 10034.23438
6909.341309 -8119.96582 10070.18945
7161.361328 -8203.572266 10048.30469
10382.91113 -9412.045898 12736.32031
10530.65234 -9495.001953 12603.80371
10579.67969 -9423.108398 12620.39648
10335.7168 -9364.080078 12736.39844
9805.335938 -9195.822266 11860.52148
9803.479492 -9001.842773 11910.37793
10092.55566 -9257.035156 12058.39453
9808.05957 -9071.807617 12090.55566
7137.75293 -9076 9926.249023
7083.380859 -9180.584961 9985.512695
6752.905273 -9092.046875 9770.873047
7008.087891 -9287.617188 9900.204102
8775.811523 -8521.539063 8766.375977
8863.527344 -8358.43457 8612.209961
8928.707031 -8611.475586 8772.128906
8815.65625 -8546.375 8377.541016
6499.396973 -13928.51465 8222.001953
6750.87207 -14133.58984 8357.981445
6538.740723 -14254.5293 8453.439453
6363.5 -14028.01563 8324.52832
10945.1123 -13529.69238 11726.5957
10664.38477 -13419.75684 11642.94629
10629.61621 -13443.71094 11649.54785
10729.26367 -13369.16699 11671.43164
6790.338867 -10033.4248 10510.31836
6530.88623 -9918.764648 10322.86328
6719.385742 -9713.155273 10304.65918
6534.977539 -9877.094727 10355.45801
6476.926758 -15166.96191 8871.126953
6545.778809 -15028.10645 8995.774414
6564.158691 -15078.14844 9192.235352
6449.903809 -15084.98828 9142.90625
10280.24512 -12472.04102 12578.24512
10403.44434 -12474.59277 12351.98438
10546.38379 -12304.91016 12578.32422
10481.52637 -12634.65918 12702.18652
9139.582031 -12519.42773 8158.65625
9398.353516 -12525.66797 8289.211914
9448.432617 -12717.17383 8302.585938
9445.908203 -12680.77637 8182.18457
9934.484375 -11641.62207 9520.12793
10079.41309 -11446.42188 9540.490234
10203.55566 -11699.02637 9773.380859
10161.80469 -11419.55566 9721.674805
12386.95508 -8417.441406 10513.8916
12304.46094 -8491.880859 10788.18652
12378.28906 -8750.826172 10699.7373
12355.45801 -8717.188477 10753.15039
10247.71777 -10908.08984 11514.68359
10194.43848 -10927.56836 11679.71094
9930.126953 -11154.56445 11594.81543
9932.073242 -11161.64844 11500.70898
9098.944336 -7513.612305 7027.088379
9150.923828 -7562.370117 7014.585938
9085.483398 -7730.369629 6841.154785
9101.354492 -7691.755371 6845.648438
9070.4375 -13623.89453 12285.49414
9055.974609 -13693.49609 12292.37598
9026.333984 -13838.46484 12521.1416
9093.084961 -13621.31055 12683.64551
12393.33594 -9171.001953 11620.77734
12234.98828 -9151.288086 11743.9541
12132.52539 -9197.475586 11381.15723
12155.40137 -9062.297852 11740.24707
13695.20508 -12051.08203 10960.35449
13926.61133 -11906.35059 11162.95801
13903.75781 -11969.98047 11156.51172
13710.46973 -11691.97949 11141.2666
7382.511719 -14011.36426 11230.96582
7460.288086 -14263.08496 11006.99316
7483.067871 -13955.11328 11256.97949
7597.345703 -14317.3877 11119.0166
6499.058105 -8406.482422 8292.688477
6332.899414 -8456.733398 8271.516602
6381.181641 -8432.143555 8293.640625
6455.623535 -8369.091797 8160.830078
7395.187012 -10590.08496 10727.10352
7473.129883 -10912.38281 10823.29395
7619.438965 -10688.13965 10795.40234
7476.26416 -10941.61816 10544.87793
12187.20801 -8515.443359 9545.619141
11865.90625 -8434.230469 9535.891602
11993.7334 -8783.40918 9430.416016
12118.35156 -8721.796875 9373.344727
6780.271484 -12475.02441 7541.348633
6995.154297 -12275.12891 7742.808105
6768.397949 -12326.23145 7849.98877
6768.288574 -12271.49512 7715.882324
11542.16602 -14301.0498 9220.344727
11651.92285 -14351.78223 9298.106445
11665.13965 -14186.8584 8973.820313
11779.68457 -14478.02734 8948.25
11469.08301 -10106.82813 8262.158203
11182.60645 -10052.91113 8191.696289
11196.78516 -9937.617188 8476.634766
11126.98145 -9905.063477 8301.011719
7478.70459 -15896.99707 9935.791992
7505.968262 -15762.5498 9837.757813
7414.158203 -16036.94531 9912.892578
7442.672852 -15884.20215 9531.84375
9057.351563 -16942.08594 11606.85156
8754.308594 -16941.16016 11589.70703
8841.761719 -16882.89258 11754.78809
8918.52832 -16718.6582 11768.23242
11193.91602 -7260.006348 11283.66113
11243.41211 -7373.959473 11344.69336
10929.36426 -7507.314453 11185.94043
11040.18945 -7606.027344 11107.63477
8793.795898 -15573.83789 7516.20166
8554.231445 -15747.40137 7325.898926
8466.345703 -15635.9375 7526.549316
8720.731445 -15538.05078 7563.983398
8359.433594 -11908.65918 8621.208984
8487.342773 -11886.14258 8690.283203
8443.128906 -11721.72559 8507.313477
8311.373047 -11938.14746 8502.291992
8629.848633 -11681.47363 11165.4248
8460.022461 -11873.18164 11317.32031
8609.155273 -11525.69824 11241.33105
8666.111328 -11526.15723 11297.96582
7178.749512 -12533.2168 10912.70313
7456.491211 -12514.45801 10857.43359
7184.882324 -12705.7373 11089.2373
7179.516113 -12488.07715 11065.6543
11419.49414 -15121.26367 10844.62402
11211.3623 -15441.99414 10885.75195
11239.11621 -15031.71387 10844.51953
11304.51563 -15404.96094 10726.85156
8353.675781 -14444.98926 11844.25977
8362.458008 -14304.53125 11907.22363
8162.094727 -14248.29199 11985.7002
8042.568359 -14462.8916 11847.70313
6324.275391 -9404.880859 10830.81152
6506.612793 -9144.030273 10588.44336
6444.084961 -9258.322266 10901.39648
6567.693848 -9489.548828 10726.98242
6918.873047 -12561.45313 8939.273438
7189.203125 -12650.54883 9043.881836
7189.337402 -12626.2832 9088.878906
6923.772949 -12519.11719 9206.441406
7414.348145 -7690.640137 12350.29883
7416.530762 -7765.618652 12753.21582
7209.990723 -7603.806152 12528.78125
7456.85498 -7867.017578 12662.16309
8246.665039 -10184.49023 8354.5625
8622.830078 -10229.40527 8190.424316
8311.021484 -10392.66602 8298.647461
8255.285156 -10246.13281 8131.588379
9850.547852 -11942.28711 10874.00781
9721.241211 -12086.69922 10926.68359
9618.454102 -12084.16992 11006.74707
9591.674805 -12066.83301 11049.30762
8340.723633 -10575.7959 13222.29883
8309.168945 -10982.13574 13196.40332
8374.515625 -10698 13374.41113
8262.720703 -10617.86719 13096.81934
9600.320313 -6580.883789 11218.86426
9680.858398 -6541.938965 11260.83301
9740.654297 -6783.412598 11281.40723
9590.480469 -6881.695313 11436.24902
7291.59375 -11602.77246 11036.7793
7105.969727 -11847.09668 11078.83789
7196.852051 -11969.27734 10989.24805
7103.240234 -11807.32617 11089.32813
7675.15332 -6497.20752 12224.83984
7786.408691 -6603.13916 12093.67969
7473.849609 -6534.43457 12249.01465
7392.869141 -6657.727051 12191.28613
10379.11523 -14917.23047 11798.16309
10571.9541 -14949.6748 11999.05078
10465.55469 -15024.29395 11623.25391
10738.66211 -15063.68555 11691.62012
7848.166992 -14962.90332 8246.557617
7980.0625 -15010.89648 8235.551758
7845.545898 -15249.30957 8414.424805
7946.181152 -15101.67676 8391.038086
6788.87207 -9925.960938 12752.89648
6879.038086 -10175.72266 12500.09375
6962.418945 -10235.45605 12553.57715
6744.033691 -10164.09863 12774.89258
7133.558105 -13449.66016 7903.17334
6938.674316 -13468.94238 7950.840332
6858.772461 -13276.36719 7892.493164
6930.795898 -13327.98438 7576.694336
10033.05371 -6860.483887 8362.396484
9672.118164 -6841.728516 8186.480957
10018.41992 -6723.412109 8217.349609
9748.836914 -6617.22998 8287.810547
9753.006836 -13181.71582 7681.294434
9866.640625 -13367.05371 7439.629395
9537.232422 -13287.42676 7456.128418
9559.958984 -13391.98242 7710.74707
12761.21387 -10052.52637 11407.87109
12648.03418 -10087.39355 11336.16504
12903.52441 -10127.75293 11112.00977
12811.25488 -10206.15527 11487.45996
10260.05664 -14351.7041 11919.0498
10130.62598 -14260.16406 11952.98926
10060.51074 -14224.6875 12081.84961
10202.5332 -14321.03418 11910.64453
6308.733887 -9205.003906 10039.16699
6439.001465 -9388.738281 9946.598633
6105.800293 -9360.599609 10161.05957
6236.872559 -9287.34668 10179.63086
11610.27734 -8028.190918 9754.620117
11787.47559 -8200.705078 9697.056641
11706.69531 -8073.12207 9884.550781
11552.3916 -8395.351563 9676.179688
10183.68652 -7551.477539 9870.211914
10187.78809 -7939.828125 9742.6875
10203.89648 -7784.75 9966.782227
10149.38867 -7771.877441 9968.106445
7998.385742 -15879.17578 8641.464844
7983.320801 -15833.27344 8383.333984
7772.381836 -15886.76855 8318.128906
7926.269531 -15806.87207 8687.316406
9460.327148 -14866.51563 9428.432617
9218.217773 -15036.83008 9547.87207
9613.649414 -15089.41992 9588.595703
9271.163086 -15095.69238 9465.266602
9844.325195 -10633.83301 11144.70996
9871.544922 -10885.18262 11215.80176
9799.954102 -11001.87402 11120.11816
9752.544922 -10904.36621 11226.92188
6884.258301 -15689.52734 10130.49023
6568.709961 -15852.76172 10075.6084
6912.401855 -15832.78027 9878.013672
6822.1875 -16020.38281 9952.125
6556.995605 -7587.925781 8194.961914
6615.694336 -7443.692871 8033.052246
6814.96875 -7526.706543 8335.625977
6700.138184 -7760.401367 8161.149414
6715.059082 -8403.450195 10625.75098
6642.293945 -8567.220703 10287.82422
6434.121582 -8431.518555 10344.42578
6684.811523 -8286.520508 10508.69727
8260.232422 -13633.00195 8440.210938
8188.301758 -13643.56348 8361.613281
8093.828125 -13551.02734 8256.416992
8136.152832 -13558.80859 8222.363281
8574.572266 -8499.865234 12633.25098
8733.685547 -8495.423828 12657.9541
8648.672852 -8362.285156 12780.13477
8491.061523 -8592.013672 12979.28125
10532.17578 -12019.27441 9128.891602
10589.48145 -11877.24023 9347.74707
10426.92383 -11889.56055 9062.302734
10540.55273 -12071.28125 9337.056641
7297.302734 -8180.481934 8085.133301
7369.891113 -8390.981445 7922.367188
7267.985352 -8226.735352 8088.3125
7468.445801 -8159.749512 8237.044922
10243.59277 -16512.23438 8771.360352
10244.47363 -16550.19531 8593.902344
10164.21973 -16834.92578 8732.424805
9947.475586 -16757.92773 8796.904297
8020.28125 -15907.13086 12197.75195
8090.312988 -15638.7793 12152.2627
8082.849609 -15846.13281 12266.11035
8370.59668 -15779.52148 12076.39941
6620.883789 -10914.30469 8393.625977
6752.402832 -11107.88086 8294.245117
6409.38623 -10943.17773 8347.595703
6574.953613 -11067.70996 8532.823242
11597.56348 -15331.4873 7666.983887
11661.80078 -15454.76074 7853.807129
11550.60156 -15211.76074 7664.333496
11433.01465 -15434.85547 7896.810547
8532.748047 -14432.02441 10511.07715
8573.263672 -14375.95996 10849.79102
8615.174805 -14569.13086 10621.23242
8410.390625 -14419.32031 10501.86523
10164.99316 -8174.305176 11178.55469
10071.98047 -8096.306152 11044.14063
10192.04199 -8268.610352 11198.74512
9914.132813 -8252.079102 10913.61621
10119.38965 -13328.62012 9169.640625
10393.63379 -13527.59082 9313.713867
10331.26172 -13419.30469 9054.670898
10049.60938 -13595.86328 9290.676758
7024.942871 -7669.20752 10720.56641
6783.497559 -7661.457031 10414.50586
7060.536133 -7667.764648 10435.34277
7034.803711 -7851.847656 10686.33594
11354.72461 -14586.89453 11456.10547
11420.57227 -14334.41602 11725.02734
11212.97656 -14555.33594 11494.94043
11306.61035 -14325.69238 11737.17676
7127.248047 -12619.08398 8221.527344
7435.083008 -12705.42773 8194.459961
7068.899414 -12770.7998 8062.659668
7421.603027 -12784.86621 8283.453125
7715.119141 -14959.27637 10481.6709
7904.794922 -15037.25391 10337.21484
7895.067383 -15008.02051 10464.44141
7783.33252 -15325.24512 10539.13965
8041.678711 -14285.41406 8434.498047
8160.306152 -14282.30078 8204.529297
7995.947266 -14368.1123 8150.268066
7934.213867 -14525.18945 8421.077148
7463.28125 -13780.0127 9579.571289
7421.97168 -13426.22363 9588.004883
7425.446777 -13400.93164 9681.373047
7422.396484 -13766.36328 9824.638672
8286.519531 -13473.47754 11085.08301
8328.947266 -13476.20898 11042.78711
8072.984375 -13374.08203 11058.43164
8344.770508 -13099.43652 10994.34082
7394.105469 -12542.84375 6668.920898
7363.03418 -12486.14844 6910.89502
7637.942871 -12672.00488 6730.369629
7303.449219 -12730.95215 6952.949707
6782.494141 -14318.66309 11362.89453
7094.602539 -14454.55078 11451.59766
6735.938965 -14343.36816 11482.4375
7048.881348 -14141.02637 11484.38281
9956.626953 -12330.60156 11421.20605
9852.476563 -12414.41016 11239.78906
9795.612305 -12573.06348 11257.68945
9762.555664 -12301.73926 11562.10547
6773.616211 -14173.70117 10549.23926
7026.063477 -14183.87305 10448.20313
6835.545898 -14276.59863 10732.66797
6804.714844 -14071.91113 10513.23828
9855.804688 -9808.143555 12876.85449
9606.870117 -9873.996094 12731.85254
9990.12207 -9977.618164 12817.99121
9854.173828 -9784.232422 12644.96582
8795.686523 -13342.94531 12692.95898
8660.178711 -13304.26465 12647.4043
8525.850586 -13370.67969 12980.26855
8711.682617 -13475.75879 12757.19629
10673.75 -11673.80762 10212.61719
10836.4668 -11934.63281 10145.46289
10635.63477 -11785.49707 9983.791992
10750.37402 -11968.14941 10320.73145
9183.688477 -8973.506836 9221.533203
9338.288086 -9164.526367 8915.051758
9445.455078 -8991.395508 9202.109375
9141.285156 -9018.271484 9215.838867
7886.330078 -9159.53125 11608.00684
8200.954102 -8991.741211 11598.0791
7843.455566 -9114.873047 11472.52441
8065.018066 -9030.740234 11298.44336
6210.362305 -10645.40332 10635.54492
6185.159668 -10644.20117 10766.55469
6213.730469 -10611.28809 10762.00684
6193.225586 -10662.11133 10818.91895
7081.864258 -7944.866699 8554.624023
6993.533691 -7558.671387 8660.558594
7170.689941 -7567.52002 8669.476563
7088.202148 -7542.668945 8666.573242
7632.301758 -15296.20313 12103.83301
7798.370605 -15221.29688 12066.85547
7725.72998 -15411.92285 12032.38379
7666.339844 -15397.00977 12056.24805
8441.46875 -7581.895996 11696.3584
8529.27832 -7249.90625 11874.74512
8462.688477 -7285.022949 11626.65039
8305.167969 -7551.79541 11892.89453
7200.86084 -9148.973633 11664.51367
6982.85791 -9225.150391 11447.09766
7044.606934 -8901.709961 11413.51367
7237.476074 -9173.148438 11633.2793
8800.019531 -8091.615723 12441.75586
8868.861328 -8298.069336 12275.74316
8816.918945 -8124.841309 12346.61328
8897.026367 -8041.888672 12444.25488
8015.127441 -14500.2793 10775.44531
7670.155273 -14313.34766 10741.89551
7703.946777 -14372.27051 10853.31543
7935.875 -14490.66113 10528.61426
10981.29785 -12382.80176 8724.080078
11218.30566 -12411.22852 8876.326172
10916.21387 -12477.58496 9064.798828
11037.81836 -12333.89941 8761.733398
7522.942383 -7531.723145 8029.98877
7420.965332 -7507.241211 7990.087891
7228.975098 -7431.055664 8258.037109
7522.633301 -7416.582031 8366.297852
7048.923828 -11869.72852 8807.217773
6991.20752 -11953.86914 9109.904297
7239.986328 -11834.98633 8869.450195
7286.749023 -11783.27051 9032.844727
8880.416016 -13464.78418 10285.01172
8860.196289 -13428.9375 10194.60742
8897.048828 -13747.61133 10049.3877
9014.331055 -13385.18848 10186.10547
7784.36084 -10852.78418 12150.63379
7775.938477 -11197.41797 12294.77051
7891.291504 -11067.80859 12210.3916
7806.63623 -11176.31738 12333.26855
6023.181152 -9892.394531 6829.082031
6045.859375 -9843.24707 6856.728516
6280.558105 -9809.958984 6865.075684
5976.540527 -10010.25195 6919.567383
9192.286133 -13796.97754 8029.143555
9008.414063 -13587.60352 7912.873047
9152.113281 -13550.33691 8185.013184
9068.754883 -13672.49805 8124.17334
9665.921875 -14184.82324 9688.722656
9619.212891 -14141.88379 9709.905273
9346.319336 -14295.74414 9541.814453
9462.319336 -14399.00488 9525.863281
9064.484375 -10999.50781 13367.84473
8985.389648 -11074.58984 13389.42676
9142.422852 -10919.42871 13155.83398
8946.202148 -11268.93945 13221.98926
11810.02539 -10824.68262 12487.4375
11409.27539 -10780.57813 12445.05664
11510.48535 -10697.87891 12351.75293
11518.36133 -10606.11523 12553.91211
8152.144043 -8638.961914 12901.0918
8036.272949 -8693.071289 12666.07617
8073.96582 -8736.150391 12900.8877
7831.798828 -8571.311523 12978.57129
12388.60352 -8285.493164 10021.56445
12157.45996 -8221.501953 9716.219727
12196.84473 -8399.849609 9785.21875
12255.28906 -8408.851563 9800.793945
6762.79248 -13555.45898 9372.561523
6748.092285 -13638.37598 9566.325195
6795.379395 -13579.32031 9647.299805
6609.41748 -13480.74609 9719.516602
8929.095703 -9254.931641 11426.2373
8672.414063 -9003.234375 11249.83105
8886.275391 -9293.759766 11310.26172
8765.683594 -9156.307617 11513.62012
10882.39941 -13424.57227 9676.654297
10907.24316 -13589.9502 9939.992188
11065.49023 -13506.47559 9672.786133
10954.83789 -13716.57715 9914.191406
8343.535156 -9391.43457 10268.79102
8236.582031 -9611.49707 10347.10449
8192.728516 -9227.075195 10312.6748
8231.941406 -9242.019531 10290.49219
10453.08203 -7704.574219 11104.67676
10445.93555 -7763.134277 11414.23535
10478.16113 -7792.431641 11340.60254
10498.70215 -7463.898926 11224.56543
9003.62207 -8160.428711 7072.287598
8970.0625 -8047.786621 7018.800293
8819.180664 -8021.65332 6830.659668
8928.274414 -8207.912109 7132.01416
7283.5 -10901.42285 7027.836426
7137.950684 -11027.60938 6833.366211
7246.012207 -10970.30371 7147.271973
7157.404785 -11287.40918 7018.830566
6825.202148 -8319.705078 6244.366699
6809.796387 -8381.262695 6245.526855
6805.538086 -8434.15625 6367.82959
7088.67334 -8397.759766 6127.639648
7259.080566 -8232.376953 7093.266602
7282.012207 -8165.15625 7111.598633
7324.085938 -8051.209961 7306.263184
7287.422852 -8442.637695 7371.41748
12129.1084 -14851.49023 7600.022461
12181.57129 -14803.62988 7770.415527
12046.66797 -14782.86621 7663.655273
12121.10938 -14774.15234 7792.692383
10125.35742 -7230.652832 10371.36816
10134.38965 -7348.011719 10628.2627
10356.55859 -7459.395508 10482.92676
10043.25781 -7418.325195 10261.97363
9472.106445 -9153.467773 10574.34082
9317.298828 -9257.37793 10633.125
9168.001953 -9101.008789 10752.98633
9323.758789 -8981.020508 10916.11035
13143.4707 -9458.072266 11246.1709
13033.45703 -9387.270508 11081.03516
12840.43652 -9319.716797 11351.26953
13052.05176 -9088.896484 11198.09668
8259.041016 -7517.56543 7101.992188
8486.936523 -7707.183105 7342.151367
8384.537109 -7481.248047 7196.62207
8346.163086 -7490.276367 7126.246582
7898.481934 -14324.69629 9357.917969
7662.006836 -14163.67871 9450.630859
7682.412598 -14019.86035 9174.49707
7812.790039 -14193.05664 9486.15332
7191.638184 -8427.265625 11710.69336
7405.199219 -8649.913086 11969.72852
7048.769531 -8531.435547 11869.44629
7383.603027 -8677.461914 11737.40234
5856.181641 -9935.52832 8906.057617
6113.368652 -9803.27832 8835.438477
5836.173828 -9997.120117 8872.414063
6135.770508 -10051.90234 8766.037109
9889.110352 -13901.61328 11764.79492
9826.251953 -14029.60254 11953.33105
9924.702148 -13957.7959 11865.65234
9793.96582 -14086.93457 11962.30176
9855.744141 -8154.725098 10001.30957
9983.658203 -8322.198242 9651.368164
9948.027344 -8075.513672 9960.766602
9755.914063 -8268.589844 9780.391602
7039.217285 -8369.572266 9326.704102
6968.912109 -8745.854492 9275.65332
7058.036133 -8770.24707 9381.953125
7225.819824 -8496.09082 9181.946289
10244.375 -11882.25586 6885.803223
10210.47363 -11782.8418 6830.700684
10305.35938 -11862.40527 6586.275391
10126.25098 -11891.98535 6908.160645
10897.89746 -10253.4248 12871.86133
10678.01367 -10199.38965 12685.14746
10950.12012 -10140.0127 12912.53027
10889.86328 -10072.33008 12526.89453
6607.194336 -12262.21191 10346.125
6607.908203 -12548.70215 10056.72852
6832.759277 -12495.05762 10274.10547
6615.977051 -12215.82422 10192.59277
9628.526367 -9329.050781 10432.34277
9585.458984 -9239.704102 10158.69141
9739.635742 -9433.546875 10432.67578
9799.97168 -9185.257813 10424.3584
7715.347656 -10911.65234 12903.01953
7404.264648 -10739.16504 13106.05371
7603.163086 -11007.02246 13123.81055
7635.723145 -10690.5332 12917.24609
7996.740234 -16841.48242 10150.2334
8146.442383 -16877.53516 9943.853516
8038.380859 -16679.32031 10051.26563
8024.604004 -16651.49805 10007.99414
7865.124512 -12561.3457 9205.368164
8190.877441 -12315.38184 9243.443359
8178.748535 -12308.7998 9199.450195
7995.962402 -12268.95898 9207.776367
9666.716797 -13135.94531 9422.338867
9592.635742 -13397.99902 9696.681641
9702.516602 -13152.87891 9399.337891
9716.50293 -13387.41895 9339.197266
11607.11719 -7793.895996 10348.3252
11275.29199 -7811.93457 10423.77832
11241.32227 -7736.441406 10336.93848
11391.20898 -7862.549805 10292.29688
8612.713867 -10978.50977 11547.11035
8847.147461 -11140.36914 11505.15137
8846.950195 -11081.42578 11430.67773
8857.428711 -10826.77539 11430.44629
9106.521484 -12504.73535 12027.86621
9047.816406 -12318.36816 12378.53613
9166.032227 -12312.14258 12346.2832
9079.003906 -12436.62109 12436.57617
8149.670898 -10924.13672 12699.37402
8080.648438 -10961.15137 12674.03223
8075.690918 -11204.66113 12985.98242
8190.36084 -10931.5625 12947.06055
7668.043457 -8654.449219 7169.921875
7764.639648 -8384.986328 7210.95166
7841.009766 -8739.59375 7375.372559
7819.731445 -8396.542969 7214.086426
6524.801758 -9518.938477 7406.115234
6607.992188 -9443.845703 7457.233887
6507.26709 -9581.4375 7281.731934
6464.914063 -9500.664063 7134.253418
8621.164063 -14084.4834 7936.338867
8395.492188 -14165.16504 7941.086426
8496.288086 -13925.52832 7686.773438
8592.999023 -14154.22754 7585.25293
8897.082031 -7244.961426 8424.131836
8825.787109 -7396.789063 8241.06543
9021.140625 -7564.591797 8369.493164
8870.306641 -7580.654785 8275.982422
7775.3125 -11658.40918 10590.85352
7991.73584 -11468.54492 10600.58887
8013.352539 -11817.28809 10474.26855
8039.29834 -11440.95313 10503.40332
6469.304199 -7451.369629 9902.066406
6552.283203 -7689.811035 10015.60547
6555.702148 -7640.147949 10202.69824
6457.900391 -7625.515137 9988.029297
6814.305664 -12920.4209 10763.14355
6542.315918 -12722.3623 10593.59375
6778.88623 -12654.56836 10893.45117
6855.848633 -12690.77637 10824.53125
7561.258789 -7342.135742 11567.6084
7570.901367 -7495.602539 11884.32617
7834.99707 -7323.299316 11641.05469
7743.38623 -7597.185059 11603.54102
9515.22168 -10953.37402 11437.50195
9536.133789 -11267.20801 11524.76367
9412.632813 -11245.77441 11711.66895
9639.09375 -11137.4209 11596.8252
7301.687988 -9759.412109 10580.1543
7158.195801 -9924.771484 10447.7041
7213.437012 -9979.917969 10346.12305
7460.995605 -10112.06445 10535.83105
8617.928711 -7548.786621 7812.077148
8559.382813 -7542.666016 7709.192871
8550.87207 -7921.125488 7842.546875
8580.796875 -7783.286133 7616.788574
10153.08398 -6630.853027 9830.717773
10099.52148 -6680.694336 9826.527344
10206.01074 -6547.576172 10181.16211
9906.828125 -6728.733398 10038.81738
7896.765625 -10815.80371 6448.359863
7804.348145 -11199.67969 6445.483887
7854.477051 -10975.14453 6262.941406
7642.01416 -10868.14844 6370.01123
10533.46973 -13328.67285 10885.44824
10701.44922 -13560.83984 11163.62012
10682.46484 -13461.43066 10870.69434
10770.3252 -13294.28906 10955.32715
11116.74121 -11052.08496 10211.66309
11182.44238 -10776.78125 10295.57617
11325.03223 -10893.52637 10211.7207
11042.92188 -10862.72852 10419.41113
6685.974609 -11479.10938 11569.93066
6914.094238 -11663.13184 11403.18359
6873.36377 -11793.8584 11563.13965
6808.710449 -11408.58789 11685.01563
8563.226563 -15028.89258 12165.91895
8438.262695 -15244.66309 11923.17969
8757.96582 -14989.39941 11987.2041
8589.06543 -15323.1875 11931.38281
7519.71875 -8184.760254 10701.01465
7586.883789 -8339.47168 10738.76465
7578.052246 -8340.972656 11069.70605
7512.69873 -8445.930664 10876.66797
11850.29492 -8724.897461 10268.5752
12099.73828 -8468.524414 10322.77148
12120.73438 -8583.538086 10332.95117
11975.91699 -8752.621094 10428.84277
8675.579102 -9312.478516 12759.66895
8770.109375 -9282.086914 13163.74902
8867.128906 -9447.415039 13010.87305
8564.446289 -9395.114258 13070.84277
6933.757813 -12719.16113 9709.201172
7012.615723 -12551.88965 10005.79785
7233.034668 -12698.50781 9723.34668
7242.171387 -12627.03125 9697.06543
8200.242188 -12815.72461 10155.34766
8153.40332 -12684.60742 10136.21387
8178.258301 -12860.70703 9767.900391
8370.996094 -12642.09082 9961.870117
7977.308105 -15889.72656 10851.03906
7968.373047 -15915.4707 10699.18652
7674.018066 -15698.45508 10846.2002
7635.42334 -15992.59082 10845.10352
8245.172852 -9133.058594 12586.38184
8610.772461 -9104.948242 12408.22266
8408.061523 -9286.435547 12473.48047
8523.049805 -9139.838867 12668.26172
7522.364746 -9343.705078 8244.229492
7425.157715 -9171.810547 8181.436035
7459.92334 -9508.351563 7958.758789
7437.682129 -9192.641602 7953.424316
8126.679199 -15057.57129 9741.421875
8145.535156 -14847.26074 9779.363281
8119.606445 -14996.06738 9703.22168
7810.59668 -14932.63965 9965.374023
8346.288086 -16233.48633 11731.01855
8562.626953 -16226.69922 11485.41211
8563.21582 -16245.31152 11781.41602
8425.53125 -15936.7959 11542.72852
8244.967773 -7653.978027 11006.9082
8392.145508 -7882.755371 11283.69141
8506.601563 -7700.995605 11020.28125
8239.624023 -7618.416504 11026.87109
6286.827637 -11019.22168 7333.544922
6564.810059 -11086.88281 7598.842285
6387.348633 -10844.24609 7431.453125
6313.519043 -10846.87305 7455.483398
6789.433105 -7366.009277 9095.925781
6696.065918 -7333.371094 9024.768555
6514.17041 -7357.818848 9025.635742
6638.144531 -7597.60498 9143.96875
7056.049316 -8552.604492 6687.003906
7048.824219 -8458.385742 7081.134277
6954.912109 -8728.461914 6815.325684
7179.595215 -8654.766602 6785.552734
7624.180664 -16002.49121 10482.33398
7667.887695 -15993.31152 10183.77441
7621.353516 -16100.2959 10501.99609
7353.131348 -16017.59473 10237.22461
11103.2168 -8165.120117 10426.9707
10876.41699 -8242.213867 10698.7168
10949.5625 -8134.797363 10652.83105
10913.2334 -8455.19043 10651.18066
10400.66016 -12034.8291 12367.39551
10294.96094 -11815.5625 12310.36426
10434.90723 -12023.36719 12441.92383
10415.78223 -11671.58594 12276.81543
7757.554199 -14324.59375 8303.732422
7544.702637 -14436.82031 8108.432617
7745.893555 -14441.25781 8187.32666
7647.711426 -14241.93359 8358.435547
7860.496582 -7289.177734 8679.396484
8091.037598 -7539.643555 8669.319336
8038.033203 -7586.200684 8908.224609
7942.728027 -7653.512207 8727.666992
9073.419922 -7759.69873 11965.35059
9134.575195 -7619.187012 12013.26074
9022.290039 -7640.336426 12059.31348
8956.813477 -7540.420898 12051.45703
7600.415527 -9202.874023 12124.50391
7444.682617 -9006.451172 12357.22168
7818.310059 -9046.358398 12369.66992
7766.536133 -9089.004883 12448.01758
10378.50195 -8338.150391 6918.384277
10488.52832 -8679.708984 6891.216797
10298.1377 -8492.896484 6779.473145
10165.74609 -8593.745117 7027.570313
7689.621094 -11962.15918 11092.06445
7842.645508 -12066.29688 10966.9834
7874.371582 -11747.87109 11224.9873
7983.00293 -12061.94531 10983.05566
6038.089844 -8335.567383 9120.301758
5945.558105 -8410.400391 9282.712891
6128.910156 -8158.813477 9345.368164
5919.78418 -8339.325195 9097.044922
6216.58252 -9043.860352 9031.932617
6247.811035 -9017.833984 9026.458984
6237.13623 -8941.223633 8981.261719
6375.304199 -9197.422852 8957.170898
7347.733398 -12304.01563 12401.56445
7390.478027 -12341.08789 12308.24512
7067.625 -12315.20605 12419.66406
7183.59375 -12268.19238 12444.37402
11707.01953 -10303.47168 10947.27246
11801.3584 -10046.98047 10962.37695
11578.54004 -9965.155273 10739.54785
11528.16992 -10208.43359 10991.27051
8531.477539 -13129.80859 9684.257813
8523.885742 -13459.29492 9617.628906
8471.775391 -13392.92871 9535.454102
8429.758789 -13461.4834 9858.414063
7183.395508 -15204.01758 7295.921387
7154.367188 -15174.89063 7312.727539
7185.842773 -15111.55273 7286.803223
7493.266602 -15068.76172 7433.314941
10657.37988 -16127.95508 8555.554688
10711.21777 -15922.32715 8407.347656
10873.09473 -15938.41992 8562.295898
10639.14648 -16128.97949 8654.841797
7261.273926 -11727.56152 12502.24512
7307.894043 -11536.23145 12785.58301
7331.759277 -11584.64648 12472.22949
7592.647949 -11715.98047 12603.0459
8969.089844 -9801.637695 10789.9043
9191.111328 -9784.237305 10814.97754
9167.865234 -10032.75293 11065.93359
9230.292969 -9912.737305 10761.97754
9998.498047 -11527.58594 12288.01172
9967.353516 -11615.14941 12338.02148
9843.833008 -11621.46289 12358.84277
10030.6543 -11694.40723 12271.07129
7983.65918 -12437.1543 7917.647949
7881.685059 -12290.64063 7882.335449
7939.684082 -12298.65234 7876.290039
7899.783691 -12641.16895 7795.75293
8368.329102 -8091.004883 7274.530762
8456.390625 -8226.557617 7319.567871
8351.304688 -8433.799805 7370.45166
8279.664063 -8072.902832 7383.100586
8202.708008 -8377.217773 9952.175781
8173.904297 -8657.833008 9759.853516
8004.311035 -8497.204102 9611.978516
8203.725586 -8370.704102 9646.749023
6854.672852 -10769.9834 8267.469727
7243.587891 -10820.96582 8279.186523
6845.902832 -10773.71094 8176.421875
6912.72168 -10685.28906 8315.319336
12241.41797 -13781.93555 9699.361328
11996.21191 -13490.72363 9604.619141
12086.85742 -13405.66309 9714.8125
12027.69922 -13425.89063 9732.342773
10686.50684 -11824.63086 11831.52637
10699.24512 -11723.92871 11531.93457
10710.12402 -11528.44141 11581.46582
10734.44531 -11504.24121 11639.04883
7555.887695 -9552.764648 10688.80176
7423.110352 -9396.111328 10540.86523
7317.466797 -9512.410156 10588.67871
7306.348633 -9272.09375 10857.64648
11087.09277 -10031.10645 10929.15332
10884.28125 -9799.899414 10787.62988
11169.62207 -9869.773438 10643.28418
11009.12598 -10042.87207 10557.90723
11835.81152 -8997.53418 11012.24121
11653.58887 -9038.518555 11343.77344
11533.58789 -8987.115234 11149.64063
11702.99316 -8885.394531 11192.8916
9252.896484 -11921.02441 5912.652344
9115.736328 -11689.66016 6174.724121
9044.753906 -11805.75684 6109.349609
9436.947266 -11743.44043 6138.716797
10585.93066 -9330.482422 9983.175781
10539.19531 -8941.313477 9866.241211
10580.26953 -8921.325195 10004.45996
10492.1748 -9305.0625 9976.350586
7111.409668 -8050.091309 11481.43457
7150.954102 -8269.116211 11654.28125
7005.279785 -8251.739258 11645.85254
6965.081543 -8406.142578 11379.42285
10672.46582 -7502.160645 11822.05762
10662.19141 -7526.763672 11942.91309
10563.28223 -7662.516602 12045.93262
10551.64648 -7723.487305 11636.82324
6434.98291 -12127.98828 10780.13867
6562.920898 -11860.88574 10732.08594
6459.62207 -12130.15918 10658.45996
6286.595703 -12134.0498 10700.48242
12500.14844 -9351.231445 11782.53516
12479.35742 -9547.600586 11845.5791
12534.97656 -9234.47168 11874.83984
12293.12891 -9479.447266 12089.22754
7754.725586 -7397.488281 12540.26855
8070.69873 -7308.269531 12411.66797
7729.328125 -7544.603027 12383.52441
8071.040527 -7392.106445 12526.79102
9929.183594 -11393.08691 8767.144531
9887.849609 -11657.29395 8634.52832
10080.00684 -11678.03906 8609.123047
9970.283203 -11444.90332 8633.65332
9917.421875 -7634.361328 10489.19531
9587.220703 -7799.645996 10338.35059
9937.899414 -7731.822266 10517.78027
9552.349609 -7781.354004 10554.23926
6064.941895 -12109.34277 8350.208008
5909.73291 -11940.50879 8384.754883
6312.48291 -11861.39355 8344.974609
5988.05127 -12040.33594 8495.473633
10957.10938 -9231.330078 10409.50195
10714.60254 -9303.637695 10728.3252
11005.49414 -9422.769531 10669.22656
10974.40723 -9344.470703 10745.87695
10002.21094 -14120.51563 7338.067383
10000.80078 -14315.17383 7340.098633
9983.270508 -14193.77539 7649.267578
9991.070313 -14308.32715 7617.462891
7210.364746 -9932.754883 8562.93457
7234.466797 -10122.74805 8678.449219
7347.251953 -9773.393555 8633.250977
7281.027832 -9762.93457 8863.980469
6486.413086 -10140.09863 10251.78027
6527.510742 -10304.28223 10203.92285
6411.416016 -10291.30078 10342.61035
6327.217773 -10351.10156 10333.69727
9584.390625 -17120.24805 8555.49707
9719.296875 -16963.85352 8897.689453
9519.575195 -16878.07813 8774.923828
9466.810547 -17017.98047 8679.209961
6324.872559 -10222.47168 10804.39844
6074.144531 -10237.43652 10506.46973
6377.763184 -10157.37988 10559.2959
6050.753906 -10248.88672 10778.17969
7773.977051 -7764.862793 7329.032715
7622.811523 -7877.648926 7410.120117
7621.169434 -7872.703613 7651.172363
7833.777832 -7841.288574 7670.07373
10174.56641 -8681.512695 11844.35059
10119.14844 -8554.499023 11879.19043
10512.33984 -8457.329102 11891.00195
10425.10645 -8385.222656 11823.5127
7902.428223 -7560.874023 11020.31152
7797.69043 -7897.855957 11228.63379
7918.638672 -7547.73877 11072.50391
7694.345703 -7614.200684 10979.99219
7369.558594 -9839.647461 7318.625488
7353.057129 -9810.624023 7203.390625
7326.564941 -9843.537109 7245.078613
7598.922852 -9933.308594 7033.138672
6963.263184 -11142.92578 10252.30566
7252.953613 -10959.16504 10346.96777
7064.438965 -11268.93555 10152.38086
7161.217773 -10924.46387 10336.61621
7082.35791 -7405.609375 12282.65137
7255.987305 -7633.328125 12090.98047
7099.169434 -7570.783691 12350.33594
7231.691406 -7657.931152 12059.46582
8364.789063 -13452.6123 6371.443359
8447.986328 -13380.83691 6260.368652
8495.652344 -13228.47168 6313.912109
8713.060547 -13455.27832 6336.837891
8172.819824 -7920.836426 9884.105469
8239.272461 -7602.138184 9973.580078
7926.439941 -7635.758789 9896.807617
8100.868652 -7701.508301 9653.203125
7350.266113 -6810.264648 11146.22852
6974.621582 -6821.670898 11027.80859
7077.606445 -6769.950684 10941.61133
7250.990234 -6911.94873 11253.18262
9016.355469 -9240.109375 10476.51465
9007.84668 -9528.037109 10744.15625
9097.37207 -9565.639648 10567.47168
8890.245117 -9388.550781 10772.44824
7507.601563 -6878.588379 9242.09668
7626.051758 -6635.877441 9006.619141
7573.690918 -6667.038574 9176.173828
7746.494141 -6923.731934 9098.59668
6433.954102 -8689.748047 9508.744141
6081.488281 -8590.889648 9566.681641
6098.584473 -8648.266602 9556.618164
6449.134277 -8560.163086 9447.430664
6860.29248 -6875.515625 9822.460938
6736.759766 -6565.604492 9937.001953
6698.692871 -6517.861816 9749.643555
6516.563965 -6712.658691 9768.270508
6433.127441 -10081.87598 8379.573242
6630.672852 -10101.84766 8639.885742
6440.313477 -10048.69336 8430.460938
6525.237793 -10358.55664 8333.423828
9498.754883 -11902.96191 9454.987305
9667.175781 -11773.64941 9403.802734
9770.918945 -12036.47559 9363.507813
9573.922852 -11847.10742 9094.083984
9827.734375 -9443.736328 7793.833008
9785.392578 -9067.231445 7707.269531
9991.963867 -9326.138672 7635.488281
9913.22168 -9436.936523 7843.686035
11614.11621 -11687.83594 12571.41504
11838.1748 -11543.75781 12577.18945
11890.10254 -11793.27051 12671.66113
11936.00586 -11608.8623 12655.53906
6566.750977 -13717.00391 10570.00684
6508.495605 -13771.2041 10682.62305
6687.70752 -13508.5957 10903.14746
6534.499023 -13496.16211 10558.75488
9200.233398 -8471.632813 11081.46777
9272.907227 -8709.973633 11377.08105
9272.407227 -8417.854492 11111.77246
9208.046875 -8739.56543 11312.93262
8998.919922 -15725.99707 12080.9541
9017.039063 -15922.59863 11960.46973
8719.179688 -15715.92578 11829.0166
8754.677734 -15626.8291 12025.75586
8305.066406 -7459.205566 10641.3125
8625.84668 -7417.248535 10477.98047
8369.114258 -7368.750977 10774.61426
8520.133789 -7632.571777 10541.41895
6584.362793 -8909.010742 6928.183594
6688.939941 -9073.141602 6613.863281
6663.544434 -8970.117188 6970.013184
6413.032227 -9012.233398 6728.754395
9488.625 -12545.26855 7489.599609
9581.616211 -12452.1084 7394.505859
9587.382813 -12381.92285 7459.097656
9799.595703 -12557.89941 7725.894043
8275.719727 -15794.79004 7891.692383
8113.25 -16034.41406 7990.237305
8449.960938 -15935.125 8174.236816
8100.720703 -15831.57813 8054.666016
7630.588379 -8283.060547 10400.9043
7254.538574 -8318.238281 10374.79688
7634.01709 -8308.182617 10362.01855
7386.55957 -8222.368164 10127.53223
5785.250488 -10128.96973 9366.672852
5850.376953 -10118.16602 9391.480469
5719.306641 -10093.6748 9058.398438
5950.144531 -9962.792969 9029.874023
7266.751465 -13158.30566 10833.63867
7455.380371 -13380.24902 10604.07227
7316.083496 -13184.6748 10647.53711
7216.091797 -13185.28418 10814.58105
8477.819336 -14367.19727 9661.859375
8567.155273 -14374.15625 9638.233398
8446.474609 -14573.25488 9386.150391
8622.228516 -14359.08691 9310.719727
6755.925781 -15057.5918 8649.963867
6943.181641 -15179.84375 8600.010742
6695.334961 -15039.63184 8393.714844
6851.175293 -15086.6709 8680.675781
7858.429199 -10122.12598 10653.45801
8008.169922 -10119.84961 10687.45605
8058.20752 -10197.64746 10700.44238
7816.97168 -10211.15234 10377.35938
9185.379883 -16177.31445 11691.67676
9550.157227 -16208.6123 11566.99414
9574.095703 -16076.65527 11579.28711
9318.572266 -16249.7627 11479.66211
10475.07227 -10279.26465 10624.7002
10413.29199 -10136.29492 10436.49316
10188.22168 -10411.38281 10635.47559
10371.6875 -10245.13477 10747.80371
10636.40234 -12064.31934 7785.270508
10632.87988 -11792.29688 7729.969238
10659.4502 -11991.94922 7694.456055
10708.67871 -12083.32324 7759.12207
7142.013184 -12939.94824 10402.88086
7163.766602 -12967.87891 10305.30664
7130.688477 -12725.58105 10168.56543
7309.368652 -12768.09863 10527.46289
8527.883789 -9312.100586 9884.353516
8779.366211 -9128.4375 9935.058594
8635.629883 -8913.554688 9903.724609
8398.702148 -9090.167969 9774.996094
5921.134277 -10180.21582 7806.543457
5791.351563 -10331.49316 7857.533203
5743.236816 -10214.02051 7895.759766
5754.789551 -10377.75488 8026.759766
9352.183594 -10088.71777 11394.00684
9543.837891 -10281.01855 11107.72754
9240.446289 -10109.8584 11331.04102
9326.390625 -10129.17676 11410.78711
7009.439453 -12269.03809 11588.35547
6999.221191 -12290.67871 11457.84277
7222.793945 -12358.30078 11407.07422
7153.474609 -12326.74805 11386.99023
8448.828125 -15123.46191 7537.182617
8603.405273 -15029.1123 7552.745605
8461.448242 -15196.15625 7246.455566
8402.203125 -14861.73926 7327.164063
8343.960938 -9292.568359 11825.33887
8349.487305 -9447.307617 11784.09766
8421.152344 -9217.40332 11917.16113
8338.338867 -9252.112305 11872.75391
7905.629883 -8180.82666 11451.44043
7842.294434 -8378.123047 11367.50391
7888.574707 -8310.140625 11376.37012
7629.415039 -8074.728027 11353.90137
6264.324707 -8302.384766 7293.887695
6565.681641 -8150.231445 7056.010742
6555.273438 -8271.043945 7308.357422
6618.161133 -8256.293945 7143.698242
8809.870117 -15959.08008 8895.035156
8561.503906 -15813.41016 9095.498047
8589.904297 -15950.29395 9244.495117
8736.777344 -15898.26563 9251.624023
6232.203613 -11878.06836 11371.86426
6596.438965 -11883.60742 11214.80078
6242.140625 -11875.03516 11248.18652
6263.716797 -11975.9541 11202.40625
7371.574219 -15626.6543 11283.86914
7291.624023 -15687.62891 11417.13477
7544.001465 -15792.31543 11337.05957
7404.474609 -15923.40332 11098.4502
7147.751953 -7318.438477 9646.512695
7053.393066 -7689.435547 9544.873047
7188.703125 -7423.682617 9707.896484
6929.421387 -7480.881348 9407.389648
9229.103516 -14235.1123 7819.768066
9173.082031 -14232.66895 7763.103027
9500.699219 -14373.19336 7763.900879
9505.824219 -14319.93555 7606.197266
7206.370605 -11502.56152 7327.584473
7332.775879 -11641.59961 7032.048828
7418.92041 -11619.26172 7255.232422
7245.230957 -11525.80566 7354.240234
12815.72363 -11430.39258 10635.10938
12907.33789 -11665.87109 10410.06055
12711.7793 -11591.69043 10308.34668
12940.6084 -11517.80566 10533.63672
7282.810059 -13192.1709 10171.10352
6951.853027 -13190.32813 9999.071289
6921.264648 -13276.04883 10072.78516
7124.135742 -13434.30273 9921.460938
10681.33398 -14473.53223 10699.10742
10590.44238 -14392.77246 10632.62305
10479.4082 -14297.93555 10804.26465
10582.06445 -14323.8623 10954.62402
7639.651367 -9520.155273 11976.46777
7382.088867 -9514.369141 11839.93262
7361.973633 -9406.073242 11846.33203
7759.847656 -9355.679688 11772.60742
9603.104492 -14246.57031 10816.56055
9478.473633 -13975.30273 10612.0332
9710.265625 -13987.82227 10514.74316
9653.549805 -14228.50977 10828.59961
10902.86035 -10921.77441 13360.41113
10983.15039 -11097.77734 13665.84668
11092.98535 -11149.27832 13464.71582
10930.88477 -11300.11914 13497.75293
10286.92969 -12814.56641 11045.22266
10355.48242 -12579.31348 10787.6709
10266.16602 -12861.50391 10973.17383
10442.73828 -12750.62402 10697.62109
6705.59082 -10868.96289 11110.18945
6584.47998 -11088.38477 11049.27344
6607.979004 -10962.45605 11132.4541
6704.49707 -10978.14648 10917.34766
6452.393555 -12601.53223 9913.200195
6238.518555 -12610.9541 9756.879883
6549.004395 -12687.94238 9896.765625
6551.165527 -12784.80273 9681.604492
10260.00781 -8387.300781 9724.311523
10111.87109 -8561.21875 9670.200195
10105.39063 -8568.075195 9715.633789
10282.36035 -8387.517578 9762.185547
10587.40234 -14241.84863 8793.543945
10607.97266 -14240.19336 8754.923828
10623.90625 -14244.73242 8707.617188
10516.23438 -14416.75586 8500.734375
12291.11426 -11969.90039 11826.25488
12541.94922 -11847.07227 11824.87109
12299.26563 -11733.42578 12116.85352
12264.42773 -11846.71094 12134.4873
9353.749023 -14645.71973 10982.75098
9418.625977 -14627.34766 11181.21094
9220.685547 -14596.67871 10953.71777
9297.766602 -14491.37695 10885.79883
9181.692383 -8487.943359 12154.40625
9169.793945 -8424.900391 12113.36816
9135.612305 -8385.886719 12089.0791
8853.143555 -8566.042969 11935.47168
6650.001953 -11864.77734 10305.74316
6690.509766 -11598.5293 9991.001953
6597.79248 -11590.55762 9999.106445
6463.063477 -11728.98242 10057.17773
8279.654297 -13995.05957 10133.89844
8094.007813 -14366.95703 10142.34863
8285.420898 -14067.48828 10272.47363
8034.177246 -14123.90918 10028.14063
10110.34668 -11466.66797 13041.12305
10236.79492 -11535.27539 13038.36328
9980.264648 -11734.48535 12980.1543
10234.97363 -11500.02832 13116.72559
8679.629883 -14394.46289 8419.532227
8924.052734 -14103.55273 8566.108398
8938.633789 -14180.25586 8373.935547
8793.041016 -14336.57031 8655.046875
7629.750977 -10190.28125 12358.46777
7750.571777 -10215.97656 12742.60742
7547.412109 -10176.06934 12719.8125
7819.435059 -10138.8418 12472.0957
11714.87891 -13485.33203 8448.049805
11781.68457 -13672.77832 8117.47168
11771.09863 -13663.67285 8397.691406
11911.90918 -13542.57031 8408.34668
10525.77832 -10910.97461 12526.91211
10649.17285 -10813.51953 12404.09961
10591.90234 -10904.70215 12417.90234
10630.23047 -10856.80859 12427.22949
9382.938477 -8468.777344 9832.100586
9114.333008 -8410.510742 9870.662109
9440.518555 -8506.970703 9900.65918
9230.981445 -8311.920898 9985.600586
10231.53516 -10585.29199 13537.73047
10283.59863 -10969.80566 13428.47949
10352.44629 -10780.20117 13290.39648
10203.20996 -10826.62793 13325.24219
14420.28809 -10793.19043 10420.65625
14168.98633 -10987.37402 10325.50879
14122.19434 -10724.5166 10250.47168
14245.62207 -10702.37305 10597.53027
8765.814453 -11793.08105 13464.69922
8807.50293 -12029.94238 13334.35938
8755.663086 -11714.23145 13401.01465
8879.036133 -11859.96289 13320.80664
7463.791504 -12056.46582 11866.36914
7297.803711 -11756.37988 11823.31836
7413.711914 -11930.60254 11740.00391
7570.916992 -11898.80859 11775.87109
6362.625488 -11521.03125 8214.676758
6571.101563 -11555.17969 7897.240723
6636.347656 -11415.94629 8122.042969
6364.362305 -11655.05664 8217.205078
8149.637695 -8677.398438 11093.85938
8077.835938 -8724.921875 10879.56348
7965.521484 -8673.30957 10815.41797
8122.934082 -8733.007813 11059.72656
11243.72656 -12822.98535 9793.333008
11533.39355 -12659.09668 9556.525391
11480.74414 -12793.81348 9816.603516
11203.61719 -12868.96582 9699.980469
12297.83203 -8440.023438 11105.24707
12110.2959 -8143.48291 11142.17773
12290.03613 -8063.841797 10942.88867
12462.94531 -8190.898438 11142.37695
10025.4043 -14285.12305 10368.27832
10186.24805 -14462.88574 10275.29102
10083.9502 -14634.87695 10559.14453
10204.40918 -14353.85742 10308.49219
8338.289063 -9583.378906 11093.76758
8417.956055 -9501.400391 11173.99805
8388.908203 -9541.586914 11190.26465
8434.591797 -9376.603516 11192.60352
9737.136719 -10670.5918 9159.333984
9781.042969 -10586.96387 9103.657227
9954.264648 -10655.02832 9039.088867
9860.786133 -10926.02734 8896.663086
7844.822266 -12895.35645 8122.597168
8016.634766 -12561.48535 8192.050781
7862.923828 -12792.58691 8370.674805
8141.32373 -12900.04102 8157.68457
10136.32813 -13224.35059 8499.014648
10140.56543 -13462.14941 8214.345703
10275.12012 -13233.03223 8531.347656
10105.78906 -13454.67188 8237.463867
6808.14502 -10164.95313 9158.15918
6507.895508 -10375.74902 9028.950195
6537.660645 -10094.04492 8937.149414
6788.623047 -10124.56348 9172.008789
6970.54248 -10044.94824 10904.73633
7182.359863 -10214.24512 10904.18848
6843.151367 -10372.04199 10802.84473
7168.383789 -10307.64063 10849.66504
6725.95752 -9998.633789 11417.70508
6442.878906 -9861.18457 11151.78223
6636.302734 -9773.819336 11359.87598
6392.571777 -10017.5 11283.30273
7807.867188 -14111.19629 7479.285156
7880.189941 -14194.81445 7784.426758
7751.491699 -14216.72656 7422.649414
7551.793945 -14297.04883 7630.757813
10604.89648 -7790.78418 10454.00586
10825.70801 -7716.831543 10608.67285
10628.64453 -7786.005859 10853.26758
10713.32617 -7641.25 10488.00977
6856.572754 -7578.320801 10962.12891
7103.110352 -7565.499023 11021.01367
6940.204102 -7511.632324 10738.24805
6803.152344 -7515.830078 10917.13281
6165.90918 -8090.695801 8542.674805
6286.229004 -8138.274414 8340.65918
6282.840332 -8092.60791 8517.274414
6300.223633 -8453.953125 8548.563477
10424.93652 -7617.662598 8313.308594
10703.39941 -7358.565918 8185.94873
10408.23145 -7578.604492 8337.447266
10719.59082 -7422.427246 8274.103516
8423.597656 -15166.8457 10753.25
8506.947266 -15119.85156 10843.56836
8673.250977 -15111.57324 10461.75684
8702.496094 -15118.99512 10476.31934
7025.758789 -10959.10938 12968.00879
9729.548828 -15938.75977 7165.512207
13886.77539 -9654.74707 10121.11328
13232.98047 -8939.935547 8246.75293
10616.1416 -17187.52734 8375.324219
15007.33105 -11505.64746 8842.959961
5725.804688 -7568.853027 8592.123047
13596.92773 -8941.814453 10900.68945
10615.16504 -8655.273438 6264.259766
11899.63477 -16860.9043 11399.21973
7080.498047 -17739.33984 10868.17969
13723.88672 -9197.585938 10458.0293
13592.0498 -15222.73926 7663.628418
7821.319824 -17735.28125 8883.775391
13482.61035 -13599.66797 11659.07422
13986.27246 -16049.2666 9333.317383
5719.41748 -9779.800781 9688.074219
14416.30176 -13191.88867 10553.98242
13646.95703 -9240.879883 9226.618164
7134.209473 -17565.40234 10019.8252
14693.06934 -12069.31055 10454.34863
7524.130371 -7540.239746 7348.046875
10113.67969 -7923.223145 12834.81934
7129.5625 -10618.5332 13252.26855
12055.54785 -16362.40039 7185.354492
7182.068848 -8822.200195 12975.75488
12210.25391 -14780.70703 6910.520508
14234.8457 -15051.10645 9969.296875
11002.14355 -10924.03613 5458.204102
7288.715332 -8459.553711 5586.579102
14492.27637 -10722.63965 10487.07617
14773.07227 -12433.00488 8763.852539
14145.2041 -15289.9873 9989.285156
11088.68457 -16211.61133 11849.45117
8669.088867 -10842.13867 13711.12793
10334.07227 -6934.17627 7506.091797
8177.938477 -11473.09961 13541.24707
12173.41699 -17665.19141 8697.875
12187.45313 -14278.06934 6663.560547
11331.13574 -11687.39258 5612.013184
7419.238281 -8340.467773 5567.135254
6106.730469 -6866.927246 8737.65918
9262.665039 -13026.22266 13511.83496
11989.67285 -14989.69727 6966.992676
10759.18945 -16194.47559 11905.59766
12365.51367 -9904.555664 12910.51953
10125.64844 -9961.130859 5435.480957
11781.98145 -12217.44043 6189.561523
7342.962402 -6156.746094 10779.71387
13076.2373 -15083.59766 7309.586426
7687.016602 -16296.94043 8016.121582
10350.83691 -12464.71582 5460.03125
6871.877441 -16222.55566 10437.65918
10892.83691 -16950.37891 8814.852539
10337.6123 -6519.785645 11915.64355
10608.16602 -15390.55566 6965.817383
14042.22656 -10651.34668 11532.68262
5685.455566 -8232.987305 9378.947266
14306.89258 -13272.34961 8008.322754
7116.179199 -17366.08008 11080.90332
10524.52832 -14723.47754 6495.993652
14267.62891 -15302.37695 9770.402344
6349.925293 -6862.557129 8250.03125
9650.337891 -13953.24512 13098.22266
6696.467773 -8997.620117 5970.306641
8134.036133 -6949.067383 13240.59082
13986.73145 -10636.29199 7753.464355
11977.26172 -9819.196289 13071.60254
13882.42676 -9667.302734 10039.74121
13243.65137 -8445.539063 9881.260742
8550.231445 -7591.95459 6001.976563
12162.04004 -8975.370117 12888.84375
8458.982422 -10789.18359 13680.3125
11859.64551 -14031.87402 6545.835938
14458.16797 -14218.42773 9213.490234
6874.375 -10797.82422 6123.625977
7722.143555 -13797.1416 12683.76953
11973.43945 -10783.53027 6322.509766
9197.727539 -6031.739746 11182.00977
8206.209961 -16044.71289 7346.615234
7356.368652 -6907.230469 13327.84961
13761.64941 -11619.33203 7339.845703
6874.584473 -16165.55762 8866.923828
8113.280273 -15574.97559 6550.370117
13636.68457 -9945.582031 11727.2002
10006.41602 -7190.695801 6102.56543
9966.898438 -17146.35156 7813.726563
9179.045898 -7055.445801 6742.73291
7517.759277 -16173.19531 12095.24023
11222.2793 -7494.378418 7184.452148
7313.400391 -11978.98828 5925.48584
14400.375 -13181.83887 10613.41113
8242.762695 -14638.14746 6411.362305
10466.41699 -16463.56445 11844.69531
6611.229004 -7193.157227 11769.48242
10802.4707 -9715.600586 5712.151367
7327.721191 -12419.85254 6110.250488
13629.86523 -8996.382813 10897.52734
7111.882813 -17419.19141 11121.25098
10042.79688 -8773.613281 5971.504883
9512.404297 -17837.03516 8454.731445
14616.97168 -11198.62988 10602.66504
6878.266602 -9698.274414 12944.80469
11317.99121 -18032.61328 9245.703125
9753.052734 -6154.791992 11630.06934
5954.132813 -14553.53516 9723.699219
13586.23828 -10516.65918 7447.333984
7919.682617 -15326.91016 6374.335449
13514.86035 -14918.22168 7386.718262
7775.335449 -16278.52734 7959.685547
13280.16406 -16254.21387 10601.4502
6796.797852 -12360.85938 12456.44043
6628.973145 -13428.81445 11597.08594
14687.74121 -12762.09473 9200.103516
8138.841797 -13496.88477 12994.38184
6390.236816 -7479.97998 10981.74414
7392.966309 -16570.60352 8890.319336
6118.410156 -6498.336914 9969.764648
6750.824219 -6316.119629 10980.38086
13487.73145 -16053.55859 10517.85059
7501.397461 -8416.017578 13249.93457
10324.7168 -15818.26172 12200.68457
11016.69336 -15312.56934 6907.44873
14273.55957 -10326.8252 10534.72559
8631.125 -17976.10156 8713.854492
10487.13184 -9207.802734 5999.344238
6346.133301 -7998.031738 10845.34473
14708.53027 -10924.05957 9399.041992
14365.80957 -11763.44434 11504.64453
7858.535645 -9097.704102 5593.841797
9555.999023 -7100.283203 6418.443359
7633.505859 -17025.7832 11496.81543
10897.14063 -18236.08008 10082.27441
6431.957031 -7659.009277 11060.05273
7853.24707 -13167.03711 6032.987793
14377.57715 -10480.66406 9324.672852
6977.358398 -6402.303711 9122.237305
12437.20313 -7701.337402 8990.652344
7778.134277 -6320.178711 8839.552734
12419.34277 -16920.97656 7097.233398
8827.760742 -13675.4082 5828.47998
7559.024414 -14232.11621 12436.52344
11474.08203 -7954.507324 12300.86133
13880.4043 -9489.193359 10645.23926
7721.446777 -9005.951172 13457.94336
11722.61914 -13670.24121 6560.578613
5542.980957 -9432.487305 9141.779297
10090.15137 -18157.07031 11234.8252
6452.910645 -6918.345215 11296.89941
6386.296387 -11346.57031 11928.37012
9547.776367 -6156.969238 9964.120117
11225.50586 -8172.021484 6698.81543
9350.960938 -13183.2041 13470.51855
7920.549805 -6315.461426 8993.616211
10357.71582 -7936.647461 6162.467773
13729.05566 -16743.00391 9011.859375
11251.67676 -16110.58594 8374.532227
12476.12598 -9021.697266 12760.53223
7151.965332 -9531.541016 5813.314453
5922.688477 -9250.932617 6958.984863
13435.125 -15852.0127 10675.99414
9673.290039 -8071.408691 5884.271973
11875.85938 -10848.94922 6203.182129
6437.071777 -10108.88574 12353.92969
7333.831543 -6998.682129 13238.34375
13127.98828 -15423.44727 7735.536621
6248.391602 -14929.71973 8272.417969
9144.375 -13792.06641 5902.275879
11776.35547 -12019.34766 13083.70313
11416.63281 -16896.2207 11511.1084
11741.69043 -8129.203613 12425.89941
12439.95996 -9154.976563 7071.368164
10356.19629 -10475.07031 5369.460938
10655.89844 -7459.13916 12161.16211
7171.17041 -10640.87207 5974.393555
13763.88867 -13821.93359 11087.29297
9044.783203 -6064.006836 11810.05957
11991.37012 -6784.395996 9443.385742
8843.611328 -17607.61719 11695.61426
10527.5459 -7594.013184 12382.98828
13736.75977 -10895.90234 12303.43066
5566.014648 -9567.984375 8118.192383
9685.069336 -13511.2666 5772.460938
7806.266602 -12234.46484 5736.680664
12179.85449 -13703.72656 12139.53223
8677.458984 -17553.53125 11717.66895
7036.686035 -16344.89941 10813.76465
6353.158203 -8810.069336 10981.01367
11269.26953 -16929.39453 7239.146973
7141.666504 -7695.161133 12909.38672
9596.280273 -13792.49219 13193.35547
13538.69434 -9165.361328 11271.23926
12406.99512 -17593.99023 9903.37793
5617.094238 -10368.95313 8884.929688
11391.90234 -15917.73145 7997.640625
6407.290527 -7608.365723 11000.6748
7484.944824 -14261.26172 6478.958008
6610.568359 -7358.318848 12164.78027
6833.391602 -15060.26563 6827.567383
5769.035156 -9151.860352 7140.472656
10027.01367 -8607.294922 13318.9668
6762.625 -12194.71777 12428.49512
12455.22168 -8997.959961 7095.298828
10970.40039 -11099.48633 13729.00586
11203.8291 -16467.20898 11724.25293
11786.80176 -17803.42578 9058.636719
11655.43164 -15960.93652 11825.94238
9958.250977 -15263.81543 6981.603516
7191.579102 -17266.75586 11125.5752
12076.20996 -7144.155762 9346.339844
14491.17383 -11432.34766 11216.84766
5991.524902 -10182.5293 6724.977539
7329.452148 -7740.943848 6100.141602
10476.86621 -17589.61133 7432.73584
10517.18652 -17489.39648 7369.566406
10823.53809 -15508.08789 12109.67188
12377.26465 -12886.94141 12402.79688
13015.94922 -11739.49414 12613.4375
12994.51758 -14626.33887 11949.87793
9228.1875 -7317.681641 6324.027344
5837.64209 -7990.57373 9990.209961
11054.62891 -10420.60449 5409.916992
10262.37109 -7897.027344 6075.431641
12792.44629 -8038.915039 10011.84473
9003.584961 -13754.83984 5871.500977
13300.82422 -16161.60449 8237.736328
9867.635742 -8353.609375 13151.16895
12030.48145 -16793.01758 11404.66016
8061.647949 -10072.01953 5664.03125
12704.47559 -9812.793945 7295.233398
10237.83691 -7669.964844 12589.96191
9470.505859 -18204.06641 11392.90527
11676.10547 -16358.6123 8041.099121
13288.10352 -11202.36621 7087.796387
14599.6123 -13152.36426 9745.053711
13215.10547 -17367.99609 10034.01367
12548.86035 -16047.14648 11543.03516
12002.94629 -13248.70996 12421.51855
8306.72168 -7290.546875 12902.61523
8179.130859 -15037.93066 12416.90625
14635.9668 -12957.61133 9287.75
14694.18652 -12171.75293 8320.053711
7676.078125 -6192.878418 12034.44922
12352.35449 -14211.5 12191.69824
12008.35645 -7052.145508 9254.601563
6405.959473 -11901.91309 11966.30371
7163.994629 -10677.15039 13261.38379
9938.750977 -11223.37793 13836.80078
5838.609375 -7074.898926 9782.03125
9116.973633 -16684.0293 8030.443359
8534.524414 -8694.823242 13590.01953
11998.59766 -17013.35352 11148.1084
6572.105957 -11273.03613 6271.433105
14568.19922 -10760.75781 9966.337891
11072.45215 -9264.649414 6408.182129
11093.47852 -9329.756836 6366.286133
10913.24902 -8770.711914 6449.491211
13857.10254 -9722.15332 11078.8252
13368.97852 -16436.15234 8213.735352
7502.365234 -18298.16406 10333.88184
8857.547852 -11015.64355 5338.720215
7595.69043 -8189.333008 13228.59277
12676.76563 -15662.09766 11483.53613
6529.640625 -12379.40137 12015.0918
13832.59766 -11006.94238 7387.023926
9847.023438 -16772.625 7926.896973
11429.34961 -11662.97461 5642.809082
13051.23145 -8226.05957 8601.8125
7121.23291 -7754.685547 6105.460938
6766.991699 -14654.07227 6955.855469
7063.227539 -16061.25391 8160.057129
10559.03516 -6390.660156 10737.7373
7418.289063 -14509.06445 12274.54785
8015.27002 -15593.45801 6518.21582
8762.720703 -6022.484863 10672.3877
11467.39746 -9129.274414 6646.807129
10055.78906 -7663.635254 12614.91504
13764.26172 -13635.04395 7376.817871
12763.92969 -17035.61523 7121.923828
10871.46875 -10308.05957 13695.72461
11704.98633 -12752.75391 6533.116699
13553.83301 -8913.132813 9895.428711
8281.333984 -6170.858398 12468.78125
14369.23242 -12915.0957 11085.1084
13732.07617 -11582.35938 12236.58887
13463.21973 -12968.40918 7302.173828
12085.36133 -17705.34375 9074.292969
9876.158203 -17254.5 7985.364258
11602.4668 -16479.29883 8440.425781
11330.26367 -15977.35059 11873.63477
7291.634277 -11135.48926 13248.13281
10741.71484 -16196.44531 8269.15625
7420.661621 -12492.04395 12921.77832
7487.347168 -6139.916504 10538.27734
11643.0459 -15911.08594 7494.730469
9969.006836 -9828.693359 5445.548828
11420.62793 -7872.006836 12200.31152
6173.305176 -15139.39648 8595.884766
11633.17969 -12393.15234 13103.08887
7301.172852 -7804.762207 5994.660156
6741.351074 -11655.50879 6242.793945
12883.75879 -11479.625 12634.41309
11802.65234 -17797.61328 9187.053711
7108.643066 -16303.82129 8779.928711
7139.272461 -7350.317383 12940.07031
10847.03711 -7518.614746 12067.82422
12762.63867 -9267.799805 7471.286621
7000.761719 -7677.652344 12861.05469
10075.5293 -9608.806641 5614.52832
7292.623047 -16946.58398 11125.81738
6761.056641 -7625.846191 7027.169434
9391.47168 -9319.631836 5610.763672
10053.66602 -16396.5 7454.785156
10093.14063 -7058.206055 6337.451172
13219.58203 -9521.311523 12092.75879
12721.91504 -15329.99707 7400.393555
14663.375 -12797.07422 10054.99707
6417.289063 -11482.02148 6685.213867
7598.248047 -17474.86914 9238.722656
10934.22949 -17999.85938 10327.12988
12582.29004 -17537.49023 9187.59375
8581.191406 -18010.92383 11534.4248
12238.59863 -11233.81934 6331.206543
14920.79492 -11979.15527 9262.623047
9185.80957 -6843.395508 7254.555176
7238.791016 -15208.05762 6741.705078
7070.763672 -17833.27539 10492.01855
8170.729492 -15526.47559 12381.96777
6957.249512 -6251.01709 10300.87109
10884.51563 -9950.089844 5529.15332
11921.01465 -11848.28906 6005.052734
10567.25879 -15061.75098 6636.574707
14107.68848 -15743.75879 8521.735352
12935.45996 -11888.9541 12699.87305
12005.58496 -13634.28027 12238.00977
8252.944336 -16166.66504 7623.256836
6892.883789 -10133.16602 13168.19922
9023.630859 -7020.164063 6906.874023
8644.796875 -8937.231445 13627.7832
11172.4541 -16123.77344 8399.082031
6536.709473 -13846.16504 7227.177734
10392.16602 -10973.14941 5321.229492
10395.42188 -7760.536621 6248.803711
8762.038086 -16627.50391 8122.868652
12816.42676 -8009.129883 8686.936523
12575.36621 -9677.496094 7208.615234
12120.33594 -16296.56445 11769.44531
7769.638184 -15096.82324 12309.35059
6832.765137 -9950.875 13042.24023
7593.391113 -6120.898926 10659.6582
6690.367676 -11217.8877 6213.748047
10536.75684 -7784.51416 12576.54395
10298.58398 -9977.18457 13798.99121
11794.92578 -17228.92969 7547.399414
14036.40137 -15678.49121 9852.768555
10353.80566 -11467.5166 13772.80566
7015.45166 -8730.529297 5713.361328
9486.84668 -9157.09668 5698.621094
12901.25488 -8130.443359 9769.016602
5713.569336 -8165.244141 9651.788086
7169.611328 -16367.06152 9342.619141
6359.837402 -7508.233398 10867.56445
7749.702148 -10548.49023 5728.997559
9963.431641 -8549.057617 13278.36914
7759.680176 -6219.282715 12673.0293
7308.088867 -18044.95508 10902.73535
6806.963379 -7149.645508 7813.666992
9663.808594 -10932.15918 5246.137207
13386.2002 -14166.00781 6991.544922
8350.727539 -18323.89648 11422.79883
6249.753418 -9113.216797 10941.38574
6417.236328 -12001.49316 6627.318848
8247.03125 -6156.972656 9910.455078
10347.01855 -6682.99707 12103.61035
13507.1123 -16732.78711 8386.145508
11543.97461 -9671.273438 6613.519043
13469.39648 -13095.26074 11910.80371
12948.00586 -16374.55957 7847.856445
6424.48877 -8489.739258 10981.16504
12586.11719 -14038.19531 12261.74121
13918.25586 -10761.27734 11873.08789
11628.41016 -15877.4541 7351.143066
12106.13086 -7390.217285 10377.20313
9250.733398 -6206.699219 12134.62988
6479.035645 -11583.30664 12078.51855
10416.35156 -10838.10938 5341.219727
10438.41113 -6254.226563 9607.362305
12671.89648 -17064.49023 7065.493652
13413.72852 -13075.75781 7273.283691
10512.03906 -16717.78516 8274.367188
5695.855469 -10156.58691 7519.199707
6024.854492 -14051.25488 10649.65527
7846.674316 -11375.38477 5433.04834
11573.81738 -16211.25586 11787.8623
13048.08203 -9677.049805 7594.341797
10706.49707 -17143.39258 7216.555176
12938.60059 -12769.77441 12282.13965
6516.225098 -14652.33008 11363.30273
10710.33398 -17969.71094 8179.062988
9745.327148 -6788.902344 7711.093262
12121.28809 -16930.53125 7362.715332
5469.93457 -9927.959961 8552.430664
12286.86426 -7630.670898 9603.727539
8322.435547 -15506.7041 6708.120117
10160.58203 -14381.67773 12872.16504
8096.220703 -13095.4043 5899.443359
8889.722656 -10996.93945 5340.350586
13404.93066 -8635.792969 9465.706055
6033.761719 -14512.66211 8802.631836
13834.88574 -16445.28906 9061.484375
14070.78027 -15668.80566 9786.631836
7269.083496 -16435.18164 9341.645508
13300.4834 -15769.12891 10861.91992
13269.59375 -11881.125 12432.84766
8790.260742 -6026.397461 11426.96387
7878.12793 -9621.96875 5679.450684
10155.20801 -6426.283203 8732.921875
13831.77832 -9663.977539 9343.819336
9603.491211 -9812.398438 5331.212891
12198.74902 -7526.710449 9558.194336
7091.64502 -7463.452637 7502.811523
12204.11719 -7486.120605 10475.89551
5554.030273 -8891.689453 8918.051758
6778.633789 -7648.21875 12690.66211
8332.37793 -18141.41602 8998.861328
10072.43848 -14952.98828 6803.776855
8471.62207 -16160.00391 7511.97998
6767.346191 -11978.25977 6308.195801
10498.5127 -11931.67188 5126.89502
13303.73145 -8734.374023 11464.11621
6909.50293 -8531.293945 11834.78027
6879.192383 -14195.83398 12066.23047
8378.979492 -8066.793945 5503.775391
12730.19238 -16068.38086 11248.5752
7260.605957 -17410.14258 9889.21875
7898.81543 -6092.763184 10543.80957
8428.667969 -6208.049316 9600.082031
7472.997559 -12849.81738 12844.1123
7745.985352 -6301.260254 13394.64355
10865.19434 -11616.03906 13643.17188
9440.567383 -9191.556641 5677.73877
9236.65918 -6061.878418 10554.17773
5509.026855 -9881.972656 8270.515625
6198.660645 -9227.03418 10859.40918
8148.706055 -13260.12012 5921.100586
14747.43945 -12489.14258 8703.615234
8998.46875 -6017.342285 11307.07227
14296.90625 -15248.69727 9760.433594
13009.24512 -9288.328125 12190.08398
8765.469727 -6158.037109 9772.532227
8214.801758 -15510.60059 12386.92188
8203.537109 -13937.70508 12785.50098
8321.556641 -12497.05566 5670.967773
6883.099609 -10381.09863 13081.05371
10543.0127 -11908.29297 13644.21191
8790.211914 -15660.25781 12402.49219
14586.58008 -15328.13477 8754.587891
8552.051758 -17951.1875 11557.37109
9092.710938 -9029.081055 13635.0127
9480.557617 -16632.67578 12165.34375
6692.633789 -6467.179688 8987.993164
7551.786621 -13809.4707 12603.07715
6494.941895 -6613.080078 8609.331055
7254.232422 -16626.41211 11116.71875
8869.458984 -13295.76172 13317.53223
12645.24902 -7968.48584 8395.047852
7594.188477 -16720.33984 11620.23633
7891.371094 -6665.685547 7540.289551
13299.56738 -17174.20508 8452.865234
12270.48438 -14157.56445 12153.75879
12296.25195 -7564.931641 10520.84961
7266.485352 -7560.050293 12966.00586
13211.47559 -16443.81445 8034.690918
10264.32324 -17929.05664 11206.3457
10513.8418 -9859.993164 13764.48242
14486.16602 -11206.4541 11189.9082
5976.453125 -14515.54395 10510.06543
7691.693848 -15679.16113 12253.22852
12479.75977 -13945.78223 12209.02539
11791.52832 -9393.599609 12830.76074
12894.83691 -12114.58789 6959.544922
12991.01563 -17454.86133 10028.00684
13693.24805 -16412.625 8643.227539
6654.912598 -15710.5459 8290.839844
14679.68555 -12635.62695 8557.773438
6705.859375 -10233.32422 12886.43848
12548.26465 -8022.126953 7713.026367
14784.5 -12173.39941 8474.636719
12375.13184 -8523.952148 12462.74805
7292.216309 -18079.46484 10703.54492
12122.29492 -8803.612305 12841.81445
11511.23242 -7008.807617 10495.00879
7638.030273 -12063.01074 5738.834473
7564.901855 -17253.30078 9628.479492
9977.385742 -9793.09375 13770.00684
6211.552246 -15566.76465 10374.54199
6084.336426 -8340.834961 6788.547363
5933.29541 -6800.340332 9336.948242
10399.18652 -7220.067383 6940.349121
12630.7207 -16458.17578 7133.585938
9651.381836 -6426.750977 12224.03613
11121.40918 -9246.625 6450.702148
8842.182617 -6625.905762 12757.74023
6745.966309 -11656.16992 12413.6084
11649.35449 -13442.72852 6582.927734
14007.35059 -15268.6123 7958.342773
11103.02734 -10660.42871 5457.149902
14039.15137 -15945.49902 9390.821289
14822.37109 -12325.31543 9159.367188
7185.48877 -17984.08008 10255.875
8711.87793 -7345.660156 6746.634766
13091.10742 -13880.02246 6918.251465
13314.37207 -15102.40137 7439.30127
5982.857422 -7586.849609 10087.90723
10546.8584 -12827.39551 13362.59375
10983.26563 -16709.89648 7391.802246
9204.978516 -6228.768555 9462.761719
7555.069336 -11003.7793 13439.84766
6448.973633 -8684 6095.712891
7209.088867 -8452.105469 12972.81348
11486.86426 -10506.80762 13439.92676
6168.398438 -14414.9082 8299.177734
12096.21875 -17688.59766 9592.283203
8073.866699 -11559.4043 13471.28809
5842.57666 -13303.77051 9723.757813
13231.01953 -9922.977539 12569.67871
13925.04004 -15940.78613 9878.868164
14045.99023 -10260.60449 8734.365234
12405.70508 -10200.96484 12878.87207
13826.25293 -15874.7666 10117.67578
8185.944824 -6240.251465 9517.4375
7682.317383 -15934.41992 12247.8291
8457.685547 -16479.77148 8019.232422
8999.825195 -16538.64648 7931.541992
13892.89063 -9547.678711 10515.79883
6525.533203 -14167.46094 7303.396484
8644.933594 -16552.78125 8075.524414
12692.00098 -15935.39844 11367.89063
14128.99805 -13558.60742 7775.138672
6686.586914 -15788.38965 11001.77832
7368.389648 -16277.24023 8182.186035
13217.28613 -8430.746094 10904.64941
12605.89453 -8459.15625 7426.850098
12065.28125 -7261.458496 10079.88184
13957.88574 -12709.8125 11763.82617
7105.256836 -6358.335449 9373.169922
7030.008789 -7088.623047 7707.289063
5969.331543 -14498.9043 9875.964844
11002.0625 -15812.13379 7693.371094
6647.616699 -14095.94922 11831.58203
10134.50586 -8573.28125 13307.90039
8714.875977 -9438.09082 5597.875488
6389.96875 -8474.150391 10940.94531
8080.927246 -11549.78125 5374.009277
12813.67285 -9793.65332 12659.74707
8859.673828 -17770.85156 8635.726563
11172.55566 -16473.07031 8844.56543
8034.370605 -11959.72559 5523.781738
11654.52637 -13470.5791 12500.94141
12969.12207 -17261.24219 7908.201172
7122.628418 -8120.629395 5783.373047
6752.790527 -16157.58691 9906.083008
14265.26758 -10309.42285 9587.904297
8685.661133 -6078.03125 11817.18262
14591.8418 -10948.17871 10410.00391
7051.569336 -17385.00391 10601.58496
14744.05566 -12477.38574 9964.744141
11500.56543 -8036.996582 12395.05957
6501.547852 -9318.313477 6280.132324
8725.026367 -6266.133789 9146.172852
8107.316406 -6631.675781 13394.78613
10375.16797 -10883.16309 5331.886719
10283.30566 -9663.720703 13760.33984
7448.433594 -6325.103516 8492.636719
11423.4541 -17775.05078 8003.228027
7961.384277 -6197.997559 13052.62012
12208.76367 -8617.789063 6883.873047
6994.694336 -6370.774414 11739.09277
11830.93066 -14701.06641 6726.474609
13890.5166 -10659.44824 11865.66211
10776.29492 -14823.70703 6474.709473
13159.60059 -11666.73535 12475.35352
10871.7998 -13399.0127 13033.53613
10515.38281 -9240.253906 13632.38672
12752.0332 -7987.633301 9146.854492
6963.886719 -16294.56934 10537.5127
7970.000488 -14902.98828 12396.35449
8236.976563 -13908.28418 6195.074219
7076.626465 -17419.2168 10401.74023
8707.686523 -8725.985352 5597.48877
10527.51953 -16902.08594 8038.905762
13741.67773 -15902.20313 8368.643555
12584.2334 -7845.618652 9102.850586
9276.03125 -11949.44336 5230.397461
8392.060547 -6267.720215 13072.93848
11903.04785 -17445.17383 7632.870117
13935.1123 -16048.96289 9752.635742
7593.659668 -16139.65234 7897.332031
12138.16895 -8276.328125 12337.98145
9188.37793 -17685.07813 8535.380859
14225.63574 -10595.20898 8653.09082
12360.38965 -12599.96973 12615.35059
7527.02002 -12421.91113 5976.003906
13107.48828 -15136.58594 7376.627441
11857.43945 -17547.64844 7668.776855
11721.5459 -6776.111816 9158.355469
7509.552734 -8199.532227 5585.030762
11412.3457 -10943.89355 5769.045898
11783.52246 -7015.013672 10193.8584
13854.07813 -13138.70898 7554.651367
11205.38574 -8249.881836 6665.743164
7722.55127 -10016.31152 5724.585449
12652.07813 -9425.893555 7316.355957
11248.30859 -13998.2627 12509.02734
7984.008301 -18172.24023 9362.873047
12227.5459 -13167.60742 6725.189941
12074.74609 -8887.911133 6793.095215
10848.57324 -9721.299805 13562.37012
11073.87109 -15391.11133 7046.151367
8347.541992 -10956.54785 13648.1377
13273.51367 -14880.75586 11431.66895
10704.48926 -10857.51855 5369.32959
14076.07715 -11326.83301 7523.953125
6162.986328 -9495.068359 6650.611816
10475.53125 -9867.900391 5550.333984
10737.47754 -16111.95801 11943.14063
12440.15723 -17584.06836 8931.00293
13238.58887 -11232.6084 7061.58252
7271.243652 -9707.350586 13415.58789
6298.404785 -8390.09375 6264.141602
10931.06836 -11426.70801 13674.17578
9668.134766 -8652.733398 13388.43066
9437.486328 -16174.93652 7322.339355
11720.61426 -15830.99316 7217.564453
14647.20996 -12380.67676 10829.67285
10883.73535 -12643.25195 13333.39746
9990.021484 -17076.7832 7771.502441
7752.540527 -12380.24902 13085.6543
6675.828613 -10485.26563 12767.14941
7510.338379 -16731.05664 8626.837891
5550.459473 -10141.68848 8221.550781
9778.282227 -17433.36914 8172.534668
10022.16113 -13916.28613 6157.812012
14185.42383 -13807.09082 10406.07617
11842.3457 -13565.72852 12373.5166
13676.15332 -9139.143555 10207.43945
7421.161133 -17732.52734 11278.71387
12198.375 -17494.2793 7826.088867
10024.5332 -6162.276367 10197.83594
10660.48242 -8807.80957 6269.441895
12012.37012 -10307.7832 6698.237305
6070.532715 -7994.249512 7407.626953
6856.594238 -15342.04102 7592.312988
13116.74023 -17385.82617 9552.874023
7436.664551 -6632.877441 13434.85059
11136.0459 -16259.26367 8660.378906
5680.755859 -8306.235352 9395.527344
6623.851563 -12330.87988 12191.36035
11328.66504 -11169.35254 5634.822266
7906.888184 -7666.811035 6439.783203
6397.123535 -7747.002441 7173.999512
8819.470703 -7157.614746 6936.244141
8622.035156 -16142.04102 7425.422852
9083.011719 -6319.185059 8836.558594
10547.5625 -17795.28516 7613.289551
6530.279297 -14008.35449 11664.11621
9868.501953 -8784.584961 13421.45313
5974.037109 -14123.01465 9945.860352
12865.80566 -9795.227539 7413.343262
6095.724121 -9754.094727 6649.79541
10705.11914 -18099.11328 8620.883789
13958.73633 -14003.96387 10674.78809
7023.916992 -9290.327148 5827.974121
9559.03125 -8546.866211 13368.33105
8312.145508 -9520.133789 5631.752441
10890.08984 -17783.88672 7709.056641
7581.327637 -9463.798828 13484.25781
14479.48828 -13748.6123 9241.416016
8751.094727 -12653.74414 13433.57715
6966.893555 -8528.761719 12329.06738
6493.226563 -10367.6875 12465.95605
9941.081055 -6186.958496 11321.55371
6783.04834 -11500.29297 12489.63965
6082.750977 -13252.00391 8197.538086
6875.345215 -16224.59082 9621.344727
9051.595703 -18184.52148 8817.204102
11545.45996 -17902.70898 9181.501953
7483.621094 -7620.205566 6623.839844
5747.589844 -7962.696289 9807.607422
9903.205078 -7680.209961 12649.19336
11443.70898 -17918.22656 9641.047852
5597.694824 -9137.34375 8108.276367
11262.76465 -9679.875 13121.85352
12865.25293 -9021.648438 7672.89502
12652.33691 -8350.383789 7578.679199
7689.500977 -7968.84668 5678.079102
6480.192383 -6374.64209 10758.18164
10878.28906 -15003.75293 6559.432129
10205.69141 -7504.191406 12462.06641
10773.25586 -10292.62891 13740.2002
12442.16699 -11715.5166 6493.000488
8872.162109 -12061.39844 5364.510254
9859.854492 -6184.015137 11598.37695
7898.251465 -6431.049316 13421.24023
7992.986328 -16056.45117 7566.421875
10676.54004 -15903.34766 12031.54199
6396.678711 -10077.7959 12250.05762
12155.69531 -9885.52832 13065.60547
8758.480469 -6082.51709 11890.67773
12704.67969 -13677.41309 12100.52051
7858.412109 -11969.43457 13248.78418
7669.136719 -17615.76563 8997.825195
9211.375 -16097.24219 12288.21777
5968.800293 -14239.0127 9553.071289
8177.186035 -13480.51172 13023.29199
9699.588867 -7700.401855 5943.258789
9945.729492 -12580.88477 5570.618164
10872.0459 -16850.48242 7197.646484
10753.46973 -12093.42578 5427.697754
10523.88867 -9510.420898 5807.405273
13492.60449 -9947.283203 11990.54492
8837.536133 -16543.74609 7991.879883
10251.00684 -13678.42676 6089.009277
14047.97754 -13664.22461 10774.18555
14067.09473 -15867.4043 8745.042969
9432.68457 -8140.84375 13119.96094
6970.141113 -16252.73633 9177.317383
10528.08984 -7060.412598 7380.208008
6681.032715 -6839.088867 11731.31738
9287.756836 -8456.961914 5740.458984
13885.26563 -15970.94434 8630.810547
7935.765137 -13131.10059 5981.312012
11444.04297 -7304.315918 11189.14551
13477.10938 -10539.6377 7366.105957
9487.549805 -11252.68359 13800.2334
10917.39453 -13200.81836 13080.36719
10720.49023 -16194.48438 8005.320313
8761.953125 -13524.99707 5744.48584
9089.242188 -6160.57373 9801.193359
9280.213867 -16223.06836 7453.488281
10938.23535 -16712.54297 7320.736328
8318.929688 -15932.32617 7103.742188
11916.95313 -11381.21973 6024.49707
14750.30469 -12314.15527 8503.848633
10644.05469 -10968.41211 13795.14453
14582.55078 -11550.74219 10827.29102
9905.029297 -17466.91211 7964.477539
13393.28418 -14427.81348 11540.5957
10319.33496 -16569.0957 7421.68457
8694.740234 -9260.240234 13646.03418
9916.760742 -6457.546875 12194.15918
11316.7998 -8563.430664 6633.372559
9482.828125 -7054.566406 6549.244141
14221.99316 -12382.63086 7870.063477
12470.05176 -10121.33008 12806.72168
5850.677246 -7025.92334 8964.236328
13958.94336 -14502.55762 10425.47656
9606.847656 -15245.03711 12468.99805
6200.003418 -7033.961914 8350.170898
5609.202148 -8584.493164 9151.537109
7311.124023 -9749.926758 13451.75586
11847.35645 -13948.29297 6547.149414
10633.49121 -15884.27441 7451.952148
7792.958496 -7629.211426 7117.761719
7844.404785 -18157.84375 11259.97559
14344.63379 -11821.93457 11528.26172
10383.61523 -13400.10938 6070.843262
7138.603027 -7556.98877 6704.916016
11505.91309 -16859.83789 7611.0625
14043.72656 -12634.11035 7754.013672
10498.41309 -13677.47949 6183.665039
13029.28027 -12303.07617 12514.30273
6876.11377 -7603.035156 12816.47461
14658.84766 -12876.55957 9860.396484
13619.71387 -9048.682617 9923.917969
6891.755859 -15429.74316 7551.270508
12285.61328 -14130.38477 6664.819336
6049.064941 -8797.301758 6768.149902
8054.635254 -14672.68555 12449.76563
7227.590332 -15826.72363 7549.59082
10524.51563 -13341.12207 6137.000488
11501.47559 -6718.745117 8980.607422
8443.106445 -12244.73145 13424.53613
12937.22559 -8142.863281 9224.813477
8425.695313 -6084.977051 11718.5625
6963.789063 -14066.65137 12120.74902
10524.47363 -6226.94043 9900.169922
14012.9707 -10924.67188 7547.868164
11505.19238 -17915.57813 9383.856445
11099.375 -9796.460938 13317.46387
6581.946289 -7826.904297 6574.054688
6602.669434 -7901.981445 6366.666504
6777.89209 -15907.42285 8344.889648
6496.17041 -6923.862793 8078.556641
11063.48145 -15472.04102 7180.322266
6769.557617 -16093.5791 10808.17578
6746.356934 -8691.132813 5868.128418
7709.256348 -12328.41211 13088.4668
13826.85742 -16183.80859 8806.705078
7879.632813 -14827.58105 12384.85059
9773.796875 -7625.688965 12628.95898
13879.21387 -14530.37109 10529.88379
8176.202148 -12230.33594 5600.547363
10334.40332 -8024.494141 12912.77051
9876.556641 -16547.85742 7674.600586
10249.01172 -12003.67676 5010.534668
12545.84961 -9494.722656 7188.838867
12672.25488 -11444.70117 12857.06738
14387.22559 -13965.625 9852.560547
12965.80762 -9517.874023 7602.595703
12792.38281 -17419.05664 8240.788086
13225.8623 -15236.68555 11260.56738
11827.10547 -6524.943848 9616.90332
5863.879395 -13343.8584 9420.170898
8223.265625 -6102.196289 11735.47168
7678.678223 -17785.90625 9222.28125
13170.20703 -15632.74609 11060.43945
8760.072266 -16172.40527 7441.98877
11525.84766 -6810.710449 8682.644531
11929.39746 -17080.01563 11085.74316
10479.87012 -7094.760742 7276.067383
13801.96484 -10032.77344 11513.80957
12563.69531 -16523.79492 7067.462402
9358.943359 -16320.35742 7641.078125
6559.468262 -10054.74805 6248.321777
13435.09375 -11623.05273 7176.255859
10412.51563 -8949.405273 6075.34668
7852.334961 -12623.23438 13058.72852
6671.321289 -10701.53223 12645.3125
5631.180176 -8213.78125 8836.501953
11984.74902 -17062.07227 7547.688477
9965.703125 -6616.855957 12266.72754
8029.291992 -14753.52539 12431.26563
7609.851563 -17395.35156 9062.819336
13542.82813 -10516.35742 7418.256348
5647.292969 -8369.588867 9241.919922
10722.59766 -17237.57227 8183.883789
10667.11328 -10870.50195 13795.32715
7478.536621 -17088.60156 9962.620117
6125.237305 -13904.50488 7686.904785
9922.9375 -13481.32227 13396.90625
6504.074707 -6532.706543 8919.28418
8485.739258 -9752.642578 5593.954102
10140.4082 -7853.763672 12772.67969
10309.03125 -6303.749023 9352.40332
9718.169922 -17172.9375 8257.849609
6981.567383 -15989.16113 8159.995605
5998.973145 -7055.01416 10239.74219
9264.536133 -16885.05078 8196.978516
10580.72168 -16133.18164 7501.86377
14710.34961 -12659.13086 9781.920898
6714.631348 -7863.760742 11792.31543
12781.47461 -15628.39063 7821.680664
7104.391113 -9106.517578 5752.751953
7936.009277 -7340.311523 7436.354004
12685.83105 -16348.11816 7430.000488
10387.07715 -7492.250488 6523.253418
7151.036133 -7605.615234 7000.623047
10437.54199 -9502.640625 5788.894531
10370.00098 -7593.979492 6284.32373
14453.94629 -11929.74023 11406.40723
14580.61328 -13090.45117 10110.06836
11386.14355 -11515.5498 13445.78027
13028.3252 -14269.65527 12260.58496
7104.424316 -17283.82227 10519.16504
12204.59082 -8119.395508 7040.998535
11668.80176 -7840.687012 11856.41113
10858.46973 -11008.33594 5407.885742
6722.384766 -16033.64648 8731.232422
11723.74219 -7902.254883 11944.33301
6716.625488 -14898.80469 7201.196289
12120.09668 -7511.893066 8132.481445
12151.80273 -16501.18164 11605.06445
7697.012695 -7182.566895 7489.129883
12460.25879 -8399.59668 7227.353516
10143.2373 -12241.65039 5001.40332
7208.748535 -6752.068359 13146.10449
7092.504395 -16250.80469 11312.31055
14098.67969 -15688.41113 9699.236328
5905.492188 -13695.25977 9777.735352
9882.691406 -13613.49121 13331.22461
10935.17188 -16812.5 7224.586426
14471.1084 -14208 8973.249023
12534.16699 -8331.137695 7363.978027
5766.670898 -8478.642578 7477.127441
6018.263672 -7994.127441 7723.819824
11331.01074 -10545.68555 5593.010742
5511.061035 -9759.412109 8844.708008
8375.137695 -6211.889648 12724.44336
13909.7832 -9670.856445 10234.71582
12363.37988 -16434.40234 7116.137695
12315.57031 -7716.20459 7955.56543
7626.054688 -16949.24414 11488.15723
6682.301758 -15281.66797 7852.726563
7300.313965 -7577.650391 6710.05957
11194.59961 -12907.17676 13064.4668
10001.30664 -11785.98633 5039.569336
9239.212891 -11619.83496 13713.38281
13302.34473 -12272.43652 12388.40723
7837.126953 -8078.038574 5561.235352
6807.732422 -11584.10547 6222.750977
8520.730469 -8691.943359 5560.217773
11050.3252 -9490.460938 6147.907227
10648.10449 -15189.87695 12307.17285
14314.34082 -15645.74902 9028
6973.128418 -6239.052246 10811.82715
9579.845703 -9464.621094 5563.67627
12400.23828 -9052.537109 12834.18457
13400.70215 -8627.667969 9354.138672
12554.0918 -9069.661133 7214.960938
10860.10352 -8140.94043 6573.601074
6516.228516 -6592.265625 8654.06543
10033.08398 -17005.71289 7699.46875
9313.381836 -8398.28125 5750.293457
5642.382324 -9900.677734 9297.395508
8154.649902 -6369.111816 8735.428711
13729.49121 -16322.64258 10088.21582
13283.69531 -9013.344727 11599.74414
13857.69238 -9987.464844 8602.061523
6410.244141 -6673.860352 8544.115234
10860.52148 -15575.6543 7272.024902
8792.961914 -13107.11621 13348.59375
11127.7373 -15926.29492 7973.347168
7354.306641 -15677.31348 7236.221191
6774.265625 -10343.5166 12959.20508
8925.767578 -6811.326172 12667.63477
10400.37109 -8897.386719 6086.856445
7796.332031 -18165.66602 9617.759766
10676.60449 -15100.05566 12336.49805
10098.24512 -15844.54102 12353.64844
7393.947266 -6746.636719 13413.07617
13503.99121 -15864.56836 10581.43652
8929.379883 -16036.75 7207.906738
7314.087891 -8165.942383 13044.19727
8887.837891 -7074.966797 12667.6416
6782.677734 -7235.866211 7789.072754
5902.311035 -8340.833984 7241.529297
6974.491699 -6365.135742 9435.834961
9798.493164 -18033.08594 11386.55176
11936.15234 -6664.661133 9637.527344
12029.69336 -14290.02539 12062.33984
8780.336914 -12306.84668 13563.71387
9517.040039 -8645.923828 5795.822754
7822.60498 -8982.688477 5569.645508
9024.380859 -16598.8125 7981.023438
12648.63574 -12342.51172 12678.59277
9233.427734 -14153.75586 6317.267578
14192.95703 -10186.28418 10519.48535
7086.817871 -12111.50684 12844.71777
14783.50391 -12211.94434 10066.67188
10585.5918 -9656.90332 5709.216309
12105.24902 -10573.13086 13156.10352
12671.57324 -13394.35156 6897.519043
7667.4375 -9221.636719 13460.43945
12048.36719 -7067.976563 9838.604492
6584.977539 -10423.72949 6302.108398
12400.28711 -10466.71582 12917.52734
7993.442871 -7653.782227 13003.37305
12274.09766 -7861.224121 11456.35547
7035.315918 -12547.01172 12652.22656
11142.70508 -17180.19922 7232.370117
10825.36523 -6394.391113 10384.71191
7866.828125 -7714.133301 13064.25879
12583.80664 -7840.711914 8656.150391
13053.16016 -8262.664063 10020.53906
11866.69922 -7751.739746 11542.98633
12731.96387 -8167.009766 8101.398438
7434.29541 -6148.097168 10915.28418
9335.927734 -9060.008789 5702.135254
8945.722656 -15374.38672 12398.88379
12535.22168 -16983.3418 7059.875977
14135.4707 -13749.65625 10543.46387
13662.03906 -12826.23145 7434.041992
13312.38477 -8543.441406 10972.48633
14222.26074 -12797.14258 7930.249512
8146.954102 -14696.62207 12462.25098
10989.76758 -16059.82617 8150.085449
9835.928711 -9408.972656 5661.570313
11763.49219 -10765.81836 6154.614746
13815.29688 -11163.30664 12208.5625
7376.242188 -6238.262695 11667.23828
11791.26855 -17354.9707 7571.716797
14832.10059 -12277.46777 8860.487305
13091.21582 -11887.2832 12554.53418
13897.19141 -9592.000977 10387.79785
8917.973633 -7617.162598 5928.66748
13051.96777 -14948.22559 11551.97656
9129.713867 -6889.924805 7103.977051
6296.21875 -9386.301758 6526.745117
14450.15527 -12611.40039 11252.99121
13026.52441 -14043.1582 6842.896484
6590.833984 -6346.67334 10841.92969
12368.00684 -8934.087891 12814.94531
8617.179688 -7766.009277 12923.73535
5960.012207 -13996.91504 9226.165039
12134.3623 -10102.65625 13104.61816
8035.699219 -6071.066895 10669.33789
12870.48438 -12454.5498 12518.96973
10047.91797 -11832.21484 5030.011719
5772.961914 -8409.729492 7568.3125
13905.68066 -10958.41504 11995.45996
9886.623047 -11872.1416 13656.19238
6781.814941 -6609.897949 12019.36914
8660.855469 -14448.89551 12696.24609
9885.176758 -6842.749512 7529.166016
10139.5166 -8261.228516 8088.334961
10506.05859 -8564.820313 8642.848633
7845.957031 -8730.077148 12220.6084
11053.84668 -8755.908203 8734.188477
12957.50879 -11282.78711 10489.16211
14143.37207 -11913.43652 9292.900391
11929.29102 -9130.527344 8182.711914
7969.858887 -8367.125977 12181.15234
14292.81738 -12048.69238 9188.577148
14603.5918 -11520.91113 8860.999023
10622.42969 -9060.594727 8516.224609
11411.22363 -8073.138672 8636.307617
12010.05469 -8947.705078 8475.518555
14204.76855 -11496.77148 9652.101563
7779.494629 -8759.4375 11941.61914
7301.686523 -9406.924805 8797.290039
8102.430664 -8444.773438 11792.71973
11901.98242 -8026.21582 8474.837891
14149.88574 -11573.41797 8914.53418
10827.41602 -8923.168945 8641.294922
14547.62305 -11621.03125 8742.428711
10718.74219 -8830.925781 7755.125977
10531.7334 -8346.639648 7824.368164
9735.501953 -7279.148926 11417.22266
10727.71875 -8315.470703 8687.051758
14207.29297 -11945.29102 9598.705078
12326.20605 -8169.587891 8271.460938
14589.47363 -11374.86816 9426.504883
11281.50879 -8215.555664 8701.662109
10232.6709 -7988.78418 8190.31543
14361.28906 -11235.85156 9154.047852
11152.77637 -9227.685547 7991.307129
11185.64355 -8021.539551 7757.741211
14712.81152 -11819.73438 9362.085938
10797.46191 -8328.792969 8704.066406
11203.88867 -8940.630859 7736.458496
11617.02539 -8367.020508 8618.703125
14158.89941 -11932.78613 9232.563477
11003.71387 -8838.163086 8713.429688
14719.09863 -11937.47852 9170.570313
12084.74707 -8233.655273 7778.592285
12583.05078 -13348.49414 7241.191406
11065.10059 -9238.920898 7990.935547
14267.99609 -11263.71094 9405.245117
10559.62109 -8540.113281 7783.254395
11997.76074 -8477.476563 8537.958008
10181.10254 -8196.084961 8087.526367
7678.944824 -9350.933594 8727.441406
11308.12012 -7740.181641 8004.897949
11242.58789 -8486.582031 7628.400391
13114.58398 -10978.18066 10177.82324
11885.23926 -8866.720703 8562.361328
10430.0625 -9209.601563 8183.068848
7633.053711 -8398.491211 11912.87891
14692.33887 -11658.35742 9421.261719
11583.40039 -8461.921875 7574.655762
13187.56641 -11117.64063 10634.00195
11744.76465 -9208.02832 8124.444824
11884.63477 -8894.691406 7797.496094
9758.137695 -7313.533691 11331.95801
10714.54297 -8502.52832 7736.188965
14659.0293 -11835.07617 9525.283203
10572.6123 -8296.639648 8654.766602
10421.29883 -7921.665039 8110.10498
10593.65332 -8121.060547 8632.452148
7933.60791 -8725.550781 12208.97168
11455.94434 -8181.680176 7611.67041
11003.44336 -8226.686523 7730.202148
7665.340332 -9196.241211 9092.070313
7968.458008 -8205.548828 12158.50195
10157.56543 -8188.689453 8577.428711
10824.68848 -8497.31543 8717.567383
14184.69238 -11957.41113 9367.943359
12068.51172 -9047.371094 8227.335938
13317.37207 -10859.18848 10569.51074
11850.61133 -9061.026367 8481.194336
12245.94141 -13636.9707 7562.414551
10675.65625 -8868.473633 8619.691406
10308.53613 -8300.43457 7959.736328
11892.72363 -7822.422852 8167.087891
10737.16309 -8337.285156 7750.491699
10221.50098 -8294.935547 8017.018066
10482.34082 -7816.418945 8397.794922
12664.36816 -13533.83398 7537.255859
10475.7627 -9204.244141 8349.456055
13312.10156 -11024.08691 10580.51465
13247.32715 -10714.10254 10378.00977
14218.87598 -11411.69238 8940.405273
11543.7793 -9024.639648 8616.935547
11695.87012 -7768.388672 8183.848145
11477.49414 -7758.548828 8050.788086
12348.04785 -13569.18945 7619.859375
10202.7334 -8629.395508 8607.441406
14078.52246 -11600.63086 9419.216797
10005.72363 -8682.820313 8473.969727
12167.86914 -8510.945313 7797.155273
14160.7793 -11581.84375 9641.617188
12804.7207 -10799.49121 10188.74023
10969.77734 -8424.919922 8741.544922
12498.20801 -13442.11621 7672.925781
