6633.108398 -14287.33496 8212.220703
7735.70752 -10869.7627 6296.870117
6930.78418 -8126.879883 11486.65723
7473.975586 -8389.280273 11043.39063
11506.49121 -10624.49121 12433.19922
7444.472168 -15925.55176 9942.65918
7491.056641 -6474.748047 12017.38867
8084.15625 -9084.401367 11701.91699
8769.357422 -16750.05078 11722.54395
10750.68555 -9253.481445 9994.261719
7859.006348 -15972.27441 8332.266602
8915.466797 -8369.869141 12630.73242
7436.963379 -8157.822266 7255.40918
8297.786133 -14394.83691 8306.908203
9997.466797 -7357.411133 10553.80664
6230.92627 -9952.793945 10625.42383
12564.14258 -11518.64453 10435.79492
8877.023438 -12736.63965 12662.31641
8619.515625 -9151.049805 12504.00977
12069.15527 -14851.44434 7583.32666
6745.937012 -12945.95605 10672.00781
9608.780273 -9448.581055 10331.64453
6195.81543 -10334.72266 10281.80176
7216.707031 -12883.38574 8356.066406
12990.98047 -10119.49512 11322.24707
7540.556641 -7305.772461 8061.80127
7571.713379 -9416.5625 11600.55371
7592.733887 -7599.520508 11814.18652
10367.45996 -8519.755859 6765.734863
10695.16895 -7768.172852 11991.56641
11179.19922 -14650.83301 7523.904297
9294.564453 -16193.9873 11452.35742
10341.54102 -11844.55371 12475.3125
10326.03711 -10112.88184 10401.1084
10948.69922 -10058.75 10578.14453
7428.013184 -10588.37695 10584.73828
6871.603027 -10258.78906 12581.98828
6412.501465 -10041.40332 11198.39258
10329.43066 -11825.40527 6714.331543
12067.91797 -9527.891602 10571.23926
8391.936523 -13984.31641 7653.418945
6519.321289 -11579.65527 10247.08105
10293.93262 -13684.59277 9290.308594
8287.860352 -14579.2793 10658.54395
6171.678223 -10168.19434 7024.858398
8984.211914 -7480.51123 12028.53906
9133.485352 -8631.289063 12187.56836
11042.02246 -15212.88867 10868.11426
8639.31543 -10855.07031 11534.09277
12281.18262 -8991.779297 11711.19336
10146.52832 -8696.210938 9648.054688
10159.1416 -14634.72461 10548.93066
7641.561035 -10799.92773 13165.89551
7247.135254 -8263.500977 10399.25977
8317.074219 -14237.03711 9431.267578
7343.332031 -12584.76172 6992.108887
7023.141113 -14384.43262 8968.542969
12655.20605 -9370.857422 11968.7207
9071.285156 -11843.03125 5996.456055
8459.865234 -9573.326172 11854.06738
11402.10938 -15139.7334 7891.259277
8074.034668 -13273.08398 7837.478516
6660.230957 -9140.490234 6613.123535
7612.276367 -14528.0293 8130.92334
9156.539063 -12593.69336 12372.70996
6969.560059 -7273.188477 11065.32129
9638.15625 -12968.92383 11049.91602
9051.050781 -9585.15918 10017.19238
11261.05664 -14586.28516 11585.04395
6166.054199 -10857.58398 10722.67773
7684.288574 -10086.14551 12045.56738
8899.830078 -7528.158691 7121.149414
6593.960449 -12325.79004 10394.80176
10241.58105 -16727.00977 8587.701172
8203.683594 -16024.3291 12062.54688
11153.87598 -7376.799805 10986.88379
6528.379395 -13334.80469 9605.462891
8723.277344 -9117.59668 13052.4082
8322.297852 -7757.213867 9295.108398
8059.68457 -9351.344727 11243.01367
7557.491211 -7611.032715 7506.071777
6876.018066 -12347.11133 7903.471191
8303.438477 -13146.06836 11143.7959
7696.60498 -14199.30859 9469.28125
7040.558594 -10135.05371 6536.429688
11528.19824 -7760.816895 10559.12598
7992.279785 -7874.949219 9937.395508
10585.50879 -12860.22168 10949.33203
7199.785156 -11750.30371 9165.861328
10073.58789 -6535.746582 9850.18457
10944.76855 -11958.47461 7814.341309
6515.638672 -12116.81055 11366.28809
10593.99902 -11557.38574 11538.11914
6480.958984 -7664.375977 10069.4668
8012.259766 -16767.22656 10133.55566
6598.669434 -8334.342773 7168.07373
6880.332031 -8219.907227 10121.61719
8582.306641 -11839.75781 8302.905273
8477.032227 -10256.49805 10985.45703
9883.5 -10690.58984 8797.430664
7936.82666 -8691.581055 10830.0293
8583.232422 -13208.09766 13020.97461
8701.966797 -15138.76172 10831.39453
7420.625977 -11472.3877 12715.11816
9097.082031 -7673.269043 9055.006836
7663.490234 -15897.5127 9343.220703
9609.116211 -17000.37109 8499.764648
9743.732422 -9401.9375 7780.07373
6953.190918 -10646.12891 11770.07715
10012.33594 -8148.495117 12119.61035
9262.624023 -14548.32227 7601.92627
10463.82324 -11851.50391 9080.553711
9556.723633 -13996.87695 10811.63477
7613.862793 -11156.50879 12173.28809
9273.974609 -11221.62793 9020.477539
9994.577148 -8225.217773 11287.22559
14195.17969 -10969.40723 10549.70703
6577.103027 -11951.38379 10649.33887
10281.68652 -7907.420898 9829.649414
9907.770508 -11030.14648 11501.46973
10146.37695 -7272.537109 9441.12207
8970.603516 -14223.87891 8532.90332
8688.30957 -11823.96484 11280.43555
7220.325195 -11030.08301 6796.371094
11738.75684 -13498.80078 8047.608398
10364.98633 -11831.25195 8544.217773
11732.85059 -8395.288086 9759.008789
7270.020996 -15200.35254 8552.710938
8348.610352 -14199.18555 11744.67188
7725.112793 -8754.910156 7386.588379
7242.295898 -12342.94824 12505.43066
7770.845215 -15376.09375 12045.25781
7138.350586 -7932.551758 8648.819336
10412.42383 -7302.986328 8175.038574
8336.87207 -12551.76074 11103.57227
12263.17383 -11966.3291 11846.21387
9606.777344 -10707.20117 10991.95605
9594.858398 -11978.72266 11184.50195
8408.580078 -12778.20508 9904.732422
8488.015625 -15063.10059 9201.774414
7522.102051 -14259.50488 10985.10449
7501.081055 -13471.15723 9560.789063
10473.90527 -11946.46484 10066.31738
6201.256836 -11131.95898 7558.124512
8446.266602 -7607.78125 10774.83105
9358.482422 -9304.03125 9072.463867
6623.310059 -10773.24805 8947.131836
7732.932129 -8226.633789 12506.02148
9704.591797 -13163.89941 9677.02832
8061.447266 -6782.175293 9922.981445
6977.360352 -9092.306641 10064.49316
6142.757813 -12942.44922 8795.087891
7688.259766 -7680.455078 10951.95898
13862.80176 -11977.9209 10898.9707
7494.009277 -8460.717773 8240.767578
7381.166992 -6906.239258 8986.496094
9808.835938 -9763.229492 12672.77051
9337.839844 -10394.05957 11323.47461
8918.524414 -9078.480469 11138.4043
8778.275391 -15595.2959 7407.449219
6667.967285 -10162.27832 9290.893555
7704.050781 -9064.354492 12980.72266
10509.99707 -14226.57031 8589.790039
9506.199219 -8114.019531 10613.55176
9741.111328 -6826.428223 8478.22168
8672.204102 -7486.073242 8521.910156
13181.03906 -9420.978516 11227.96875
8190.209961 -10760.93164 13298.77148
8516.054688 -7870.373535 7651.069336
7154.652344 -8746.753906 9219.603516
7519.08252 -12581.4248 10898.25684
12185.89355 -8428.429688 9993.825195
10150.24707 -8187.424316 9825.398438
9108.347656 -8618.987305 9868.973633
8906.636719 -10933.01758 13057.5625
7022.525879 -10589.91211 8189.259766
7067.498047 -12432.12988 9936.276367
7260.63916 -15873.41016 10702.01465
10198.875 -9360.493164 12539.98047
7629.633301 -14169.1543 7779.092285
10856.40625 -8419.234375 10645.99023
12364.08398 -10066.2832 11360.68555
7950.352051 -12912.06445 8058.644531
