7648.115234 -15336.07031 10425.57324
7703.364746 -14956.91992 10380.24023
9173.719727 -16071.08496 11663.75879
9497.725586 -16285.88867 11627.22266
10035.04004 -9137.888672 7871.22998
9749.119141 -9320.422852 7931.703125
7515.467773 -9811.675781 7340.630859
7543.816895 -10144.0752 7308.630859
7898.462402 -14939.11133 9670.893555
7823.107422 -15085.46191 9872.689453
8317.828125 -16165.5752 11746.30371
8648.239258 -16035.57129 11531.11621
8235.922852 -10939.6377 13232.14551
8434.606445 -10585.21094 13204.06738
8178.65625 -7622.289063 11123.44531
8285.603516 -7568.972168 11035.99023
8179.372559 -15932.51758 7869.271973
8190.259277 -15870.31543 8225.689453
7692.706055 -8067.65625 11563.10059
7620.802734 -8129.066406 11298.18652
7493.311523 -14216.55273 10196.33301
7261.54248 -14211.79492 10274.25781
8405.768555 -9218.978516 12050.8252
8546.125 -9572.445313 11972.73535
9711.348633 -9788.134766 12660.8125
9717.026367 -10115.96777 12857.17871
6801.54541 -9413.393555 7210.177734
6604.214844 -9563.421875 7378.961914
6409.789551 -12709.28125 8794.483398
6144.018066 -12802.69629 8646.428711
11707.73633 -8051.411621 9804.543945
11734.22461 -8389.450195 9850.291992
6647.154297 -15288.52637 10999.74805
8074.692383 -6126.483398 10148.60449
11402.42871 -17261.13867 7368.256348
10976.32715 -13221.21973 6385.128906
11233.35254 -9390.363281 6436.573242
11592.65137 -16632.34766 8547.12793
7044.660645 -6431.17334 8304.455078
13039.14453 -10194.88867 7326.456543
13469.63184 -9213.568359 8577.277344
14529.57422 -12104.27148 9259.21875
14165.17285 -11460.17383 8986.928711
9671.726563 -7684.514648 11246.22363
14220.52539 -11300.84375 9424.96582
10407.28125 -8267.084961 8638.533203
7392.106934 -9572.037109 9134.824219
8027.25293 -8813.941406 12001.6377
13212.63574 -10752.31738 10291.81152
8153.681641 -8087.683594 11993.65723
10427.08496 -7847.06543 8227.329102
11030.24219 -7778.095215 8508.246094
12109.99023 -13437.19727 7455.352539
14437.28125 -11927.09277 8751.751953
7431.746094 -9094.685547 9199.280273
10405.84277 -8804.020508 8596.609375
11499.11426 -8253.678711 8646.066406
13347.30273 -10889.27344 10419.19434
14399.14648 -11641.81738 8675.541992
9619.308594 -7649.980957 11648.7373
10617.91113 -8116.135254 7866.073242
10228.88965 -9052.375 8126.023438
12374.66309 -13499.45703 7202.442383
13151.03516 -10674.53906 10298.49805
11694.7959 -7861.888672 7941.182617
11328.73535 -8377.777344 8718.875977
14650.40234 -11613.82715 8861.34375
11075.29004 -8513.362305 7672.959961
14519.02051 -11500.71484 9633.800781
12684.27148 -10911.74121 10458.29883
7512.971191 -9582.322266 8775.668945
8323.474609 -8362.202148 12082.30762
14175.44629 -11392.3125 9523.533203
11766.7627 -9069.113281 8518.78125
10983.25879 -7854.191406 8570.762695
11659.34863 -9225.616211 8330.275391
10341.31543 -8855.464844 7905.834961
10065.82813 -8261.461914 8151.556152
12401.99609 -13115.03027 7438.077148
14368.01367 -12090.52148 9513.977539
