10268.2666 -14907.875 6670.197754
6909.562012 -9240.387695 12407.20508
8874.530273 -10254.10156 5351.958984
12364.70703 -7758.679199 8408.037109
6209.921875 -13953.60645 11132.82715
13717.64941 -9303.607422 9870.850586
11425.24707 -13399.94434 6547.496094
12313.95215 -17623.23047 8756.4375
7487.79541 -16377.55273 8205.300781
11671.82031 -14322.15234 12169.83691
9825.553711 -11123.71777 5220.79248
10777.80859 -16918.4668 7741.884277
13482.51465 -9646.770508 8281.672852
9132.399414 -7025.838867 12496.44922
12542.4873 -7860.952637 11249.29199
12552.41016 -15579.06934 7485.972168
7411.387207 -14317.03223 8289.106445
7731.637207 -14568.16602 8257.155273
6920.115723 -7687.033691 8132.57959
6585.247559 -7469.597168 8058.129883
11056.72168 -10893.2041 12306.84082
10913.97363 -11179.41016 12103.02637
11941.53516 -13570.28516 8366.923828
11866.09375 -13348.56348 8160.072754
9546.900391 -7737.93457 10557.43652
9575.545898 -7596.408203 10445.73633
12202.14258 -15027.33105 7894.223633
12192.52246 -15128.53027 7758.789551
11251.76563 -14452.33301 7729.500488
11271.18945 -14577.02637 7484.38623
10279.91602 -17475.9707 11001.98633
10149.16113 -17457.58203 11067.85059
9649.203125 -16961.70703 8901.50293
9827.197266 -16887.70508 8608.074219
8145.766602 -12389.38086 6297.972168
8298.56543 -12677.40039 6250.240723
6790.611816 -9406.453125 7332.710938
6393.385254 -9425.930664 7234.782715
10466.93066 -15919.77246 8653.675781
10865.29785 -15982.09375 8559.938477
7665.917969 -7618.793945 9348.178711
7774.321289 -7290.76416 9563.256836
8259.603516 -10186.16602 11163.6748
8545.118164 -9975.65332 11013.62207
13864.43652 -11704.3125 10976.42871
13746.0498 -11845.03613 10839.41309
10169.24316 -6595.456055 10220.71191
10067.22852 -6789.05127 9889.323242
11589.65137 -15245.30371 7658.786621
11524.22461 -15466.5498 7935.399902
9495.318359 -12932.19824 11052.04102
9663.043945 -12576.89648 10968.22949
11159.62891 -10028.26465 8423.162109
11167.65527 -9877.177734 8418.787109
10872.5332 -14203.97559 10834.89551
10702.34766 -14376.75879 10595.61328
6245.089844 -8144.522461 8319.102539
6248.704102 -8415.341797 8626.211914
10420.06348 -8450.856445 7152.495605
10215.2334 -8690.689453 6989.125488
12615.35449 -11748.51172 10519.01172
12762.8291 -11635.37598 10312.44727
5834.820801 -10773.92871 8513.189453
5865.813965 -10766.36035 8355.311523
9992.165039 -16457.68945 8689.091797
9993.90918 -16823.30859 8710.34668
6439.911133 -10347.1416 8366.117188
6550.654297 -10384.17969 8360.068359
9673.969727 -6495.822754 11488.48438
9409.572266 -6658.190918 11455.53027
8627.759766 -8774.624023 12810.13281
8609.696289 -8393.027344 12940.18652
8537.978516 -9161.235352 10513.15918
8655.981445 -9174.402344 10766.95703
9766.189453 -9489.871094 10370.91113
9920.59668 -9349.891602 10151.66699
9919.867188 -11824.56055 11071.7793
9938.546875 -11910.74609 11001.42578
14145.86035 -10875.80859 10605.27344
14210.09277 -10997.21191 10506.41016
9814.3125 -7359.704102 11629.66504
11858.24023 -8291.200195 7655.885742
7360.230469 -8963.516602 8807.880859
9585.873047 -7414.075195 11533.49512
14568.96484 -11997.41016 8901.275391
9812.272461 -7493.916016 11224.97949
10818.72168 -9358.713867 8173.068359
11021.04883 -8019.653809 7800.637695
12940.93164 -11190.50391 10213.39063
14673.18066 -11564.1543 9430.527344
11189.07813 -8989.696289 8674.150391
11932.16895 -9112.55957 8104.054199
10926.97949 -8189.687988 8709.402344
7070.104492 -9100.255859 8913.003906
7894.094238 -8815.599609 12027.11035
14487.03711 -11341.03711 8933.628906
13350.25684 -11009.71875 10457.16992
10556.07031 -9063.021484 8494.296875
10241.08887 -8523.666016 8632.197266
9677.874023 -7334.870605 11568.46484
14546.07227 -11327.47852 9037.71582
14459.46582 -11385.65332 8865.990234
11726.86133 -7826.536621 8021.572754
11299.47363 -8825.250977 7676.280273
11593.12305 -8162.614746 7625.474121
14493.4873 -11287.39551 9035.329102
9936.46875 -8431.59668 8435.061523
10862.44238 -7754.411621 8080.153809
11189.43652 -8534.623047 8749.363281
12103.41211 -8277.90918 8495.026367
14662.61328 -11998.62695 9048.464844
10569.00488 -7958.85498 7990.385254
9896.056641 -7886.578125 11538.59473
12319.81055 -8755.116211 8222.633789
7578.403809 -8647.323242 12046.85547
10644.33203 -9219.461914 7996.522461
10801.46387 -8593.787109 8711.521484
10809.84277 -9176.636719 7912.468262
14286.73047 -11980.69922 9665.810547
7686.10791 -9506.614258 8970.46875
10830.20996 -7743.440918 8346.313477
11757.38281 -8702.227539 8602.21582
14646.46973 -11912.72754 9523.551758
14175.84961 -11590.91797 9665.419922
14671.31641 -12022.9043 9219.007813
10137.70898 -8447.581055 8602.999023
11358.2793 -8061.54541 7684.921875
7644.578125 -9032.979492 8997.137695
10148.16797 -8921.512695 8441.383789
14317.19824 -11245.98242 9125.300781
12578.20215 -13654.36426 7351.85498
10317.00488 -8871.170898 7923.388184
10674.79688 -9317.339844 8318.321289
14711.85156 -11794.63379 9370.344727
12667.08398 -10899.27051 10343.06055
12673.23926 -13431.64453 7510.59668
7887.544434 -8610.417969 12238.02441
11636.7627 -9002.200195 8602.076172
10614.25195 -7818.909668 8431.981445
11250.61719 -7761.543457 8488.017578
12737.5459 -10791.23047 10246.94824
7621.854492 -9128.052734 8732.919922
12424.91016 -13327.68848 7191.532227
10012.60156 -7528.328125 11613.53613
14364.29492 -11265.50977 9023.613281
12972.54102 -10593.76465 10400.71582
9694.536133 -7294.450195 11494.94043
12025.05469 -8032.210938 7867.100586
9624.571289 -7390.437988 11572.24512
12388.65234 -8442.005859 8125.562988
8098.408691 -8431.610352 12191.61621
10421.71484 -8816.223633 7857.34375
8102.05957 -8327.5625 12183.91992
7810.97998 -8751.904297 12211.33203
10988.27441 -9082.435547 8612.337891
10308.56836 -8547.546875 7907.30127
11764.07031 -8474.918945 8589.427734
8079.342285 -8289.486328 12179.3457
