14729.29883 -11195.89746 10140.68652
6100.800781 -8576.125 10474.03223
6827.143066 -9140.575195 12133.35254
6793.040527 -9160.839844 5942.674805
7741.023438 -12721.20605 5965.728516
8535.206055 -7445.1875 6690.470215
7281.294922 -14332.98242 12261.84766
13288.05371 -10623.07422 7232.933594
13545.33105 -14711.58105 7271.833984
12136.52441 -15115.05371 7884.07666
12056.11035 -14787.73633 7654.001953
12023.88281 -9575.901367 10754.39941
12083.36328 -9380.257813 10514.27246
8935.183594 -8106.838379 7106.504395
8907.138672 -8336.173828 6799.726074
9364.780273 -12792.56445 8376.320313
9350.68457 -12661.55859 8070.016602
10377.11426 -9379.132813 12745.54102
10223.45996 -9343.736328 12441.30664
10386.01074 -8458.109375 9575.986328
10259.14551 -8399.536133 9787.925781
8286.09668 -7351.91748 11631.70508
8283.890625 -7481.209961 11941.47559
12077.75195 -8083.170898 9889.685547
12362.28809 -8090.091309 9945.089844
7466.741211 -13274.58984 10935.49023
7367.117676 -13518.45996 10666.94531
7929.052734 -12636.44922 8055.320313
8071.896973 -12954.97461 8166.061035
10298.93652 -12766.64551 10738.15625
10588.37598 -12749.68262 11026.46387
9247.856445 -12417.46777 6466.330566
9198.772461 -12693.93945 6449.55957
8105.864746 -8892.947266 11470.69141
7964.270508 -9016.74707 11672.71484
11561.22559 -15063.31152 7859.687988
11518.78906 -15312.10547 8064.187988
9023.586914 -12094.00488 12413.65039
9081.207031 -11828.27246 12473.60645
6911.720215 -12365.6084 11578.16895
7124.620605 -12659.4082 11563.50879
6933.522461 -10610.47949 12003.28027
6670.425293 -10856.87793 11892.35254
7503.513672 -14286.00879 11017.25293
7343.279297 -14139.70801 11058.51367
10026.81934 -7443.147949 11397.5791
12107.59863 -8138.990723 8460.927734
7359.844727 -9026.609375 9171.746094
7695.246582 -8169.378418 12129.67969
13131.26074 -11139.65039 10226.43262
7173.597168 -9315.421875 9156.84668
9977.060547 -8725.68457 8408.751953
14443.19238 -12108.28516 9501.344727
9953.203125 -7330.053711 11402.69727
14478.59961 -11508.4502 9671.198242
12135.9541 -8661.532227 7813.244629
11083.7959 -9170.94043 7897.596191
7809.791504 -8065.336914 12063.66016
9740.325195 -7459.76123 11239.55566
10660.31445 -8379.601563 8676.766602
9569.532227 -7469.350098 11554.48047
11848.72168 -8136.212402 8507.716797
7625.647461 -9257.610352 8687.951172
7947.507813 -8223.099609 11861.03711
13237.01563 -10690.07715 10398.52344
7712.977051 -9144.758789 8800.667969
11688.19336 -8295.520508 8581.90332
11770.01563 -9170.844727 8379.826172
13016.99512 -11196.7002 10222.28516
11631.16211 -8389.31543 7580.646484
7729.774902 -8555.067383 12234.91016
9560.211914 -7450.236328 11466.63867
8240.124023 -8640.681641 12103.93262
10095.30957 -8351.041016 8578.503906
12298.67188 -13795.41309 7355.720215
12624.6543 -13518.53027 7306.538086
7723.321777 -9424.523438 8969.255859
8076.622559 -8814.952148 12081.83008
12301.31738 -8404.975586 8398.917969
11215.00195 -9298.769531 8152.250488
10277.86914 -8152.318848 8042.316406
10340.24316 -7849.255859 8326.280273
11536.27637 -8681.882813 7610.278809
10534.16309 -8631.694336 7791.908691
14439.3418 -11964.03809 8777.557617
11987.71777 -8030.558594 7847.705078
12051.1748 -8203.966797 8494.057617
11099.55371 -9060.962891 8640.837891
9915.870117 -7343.455566 11581.06836
13269.87695 -10716.41797 10448.47559
11808.43262 -8886.475586 7760.726074
