11477.04004 -15390.99609 8013.897949
11533.39844 -15440.71582 7740.447266
7913.201172 -11413.98145 10468.16895
7981.324707 -11477.74121 10613.875
10151.88281 -16828.25586 8773.199219
10079.88672 -16743.94141 8884.209961
12773.8291 -11748.36426 10387.49316
12657.65625 -11470.87109 10665.25684
7728.196777 -7780.939453 10933.79785
7896.35791 -7535.635742 11076.36133
11122.36816 -10009.70313 8293.135742
11489.13477 -10021.70996 8429.323242
8491.415039 -14332.19434 10543.09668
8267.700195 -14469.81348 10791.43652
10931.10059 -14395.6748 7511.901367
11068.2207 -14297.7041 7438.696289
12174.08887 -14863.65332 7620.94043
12182.44336 -14821.50586 7833.34082
14335.91602 -10642.29688 10455.98633
14205.16113 -10623.9082 10521.85059
8464.724609 -16075.02734 11845.76465
8354.865234 -15969.43555 11565.83203
10618.0918 -16085.29395 8485.785156
10756.52832 -15745.43555 8554.701172
9521.867188 -17042.4043 8562.295898
9679.365234 -16788.21484 8682.654297
8598.09668 -9258.914063 12801.70508
8673.326172 -9159.748047 13104.34473
10402.86328 -8403.797852 6820.489746
10502.95508 -8389.768555 6999.543457
11214.14453 -7605.489746 11116.43945
11149.1582 -7606.055664 11074.91992
6698.947266 -10697.5791 8871.280273
6643.987305 -10732.02246 8572.740234
8045.488281 -8646.545898 12643.2793
7852.57373 -8568.024414 12652.44824
6129.680664 -8518.466797 9709.408203
6382.168457 -8532.157227 9760.791016
13756.09766 -11748.3584 11213.30762
13829.83496 -12064.55078 11084.68945
11804.61426 -13700.96289 8341.104492
11679.82715 -13658.27637 8137.16748
10222.89844 -17476.99219 11078.55469
10195.51465 -17490.71289 10825.41406
10205.50586 -7591.383301 9612.738281
10188.42578 -7522.404785 9762.887695
9787.557617 -6680.847656 11294.97949
9676.654297 -6675.373047 11204.90332
11424.32129 -15322.30371 7027.521973
10783.74023 -18445.52539 10096.74316
10162.42676 -7596.706543 5995.706055
14662.97656 -11079.96973 8568.804688
9153.43457 -16437.81641 12211.45996
8627.345703 -16493.11719 8004.160156
10845.47168 -6552.56543 8622.087891
6449.137207 -15002.59277 7892.006348
7422.583984 -13261.00488 12706.61328
13623.87305 -9337.883789 11216.66113
14550.69824 -14783.95117 8990.074219
9715.296875 -17159.0625 11850.64844
12770.9082 -10762.47656 10519.1582
9543.444336 -7597.256836 11391.05176
10064.19043 -8509.370117 8079.010254
10670.35059 -7814.13916 8093.556641
12628.03223 -13607.12891 7586.454102
12030.71387 -8580.417969 7727.536133
11883.6416 -7819.503906 8229.508789
14130.95605 -11801.52441 8955.805664
12392.29102 -13158.27832 7586.154785
14536.81738 -11294.83496 9136.464844
11105.13867 -9163.858398 8571.579102
9987.780273 -8183.067383 8375.902344
14203.74316 -11752.07422 9751.974609
13082.73926 -10645.14844 10284.50586
11744.32324 -8618.368164 8601.768555
12373.94629 -8262.21582 8137.26123
7030.398438 -9141.867188 9047.040039
8181.186035 -8185.141602 11894.02344
11065.54102 -7689.101563 8154.339844
14183.41406 -11813.00098 9728.126953
9964.525391 -7699.707031 11660.26758
10969.47559 -8276.455078 8727.083008
11868.36133 -8632.292969 8572.832031
9752.71875 -7536.121582 11215.07715
14491.07617 -11995.72363 8832.509766
12350.89941 -8353.758789 8320.634766
8074.67334 -8752.704102 11898.45605
11193.71484 -7938.592773 8624.868164
9968.22168 -7843.923828 11414.67383
9744.776367 -7897.227539 11429.49512
11174.75 -9050.441406 8647.337891
8148.537109 -8156.967285 11892.9834
7461.93457 -9126.427734 8724.810547
7822.492676 -8143.40625 11933.80469
10640.66309 -8333.795898 8669.597656
10010.75 -7753.050293 11580.41406
10758.41992 -8137.709961 8670.460938
9992.448242 -7433.786621 11598.4707
7686.214355 -8130.649414 12038.69727
11471.20703 -8966.746094 8651.567383
12129.50391 -13259.27441 7409.21582
10053.03613 -7633.64209 11419.60352
12294.44727 -13671.61328 7577.486328
9858.46582 -7901.647949 11493.69922
7564.455566 -9505.779297 9112.115234
11296.95703 -9286.049805 8281.891602
11571.20703 -7757.594727 8282.037109
9598.563477 -7635.452148 11296.51074
10388.98242 -7845.774902 8429.441406
11536.0752 -8630.972656 7597.306152
14405.16992 -12015.13184 8816.264648
13169.76172 -10741.16797 10621.48242
12699.11816 -10797.41504 10406.74512
7160.022461 -9050.493164 8848.645508
10464.39258 -7808.692871 8340.644531
12227.29102 -8108.486328 8365.685547
11663.55957 -7898.077637 7872.348145
8267.814453 -8410.083984 12159.7041
10060.2832 -8918.021484 8280.600586
14677.44141 -11945.73145 8988.264648
14449.3457 -11485.25391 9673.870117
12412.65332 -13273.7041 7205.114746
