7883.954102 -12211.09863 6940.76416
9062.313477 -7868.479492 11127.05859
10916.30371 -12828.9541 9843.1875
8074.354492 -13062.29492 11613.22852
8777.732422 -13448.72949 10556.33301
8091.88916 -9972.93457 9006.307617
10004.04199 -11244.5918 13546.39551
11116.38965 -8387.583984 12079.55859
11371.00879 -14332.39355 10273.20801
8560.599609 -8286.362305 9499.946289
8253.026367 -11504.24512 8745.204102
8954.46875 -12763.04297 11315.625
10236.84375 -12007.60254 10559.56055
9925.029297 -8890.355469 10466.25195
8547.700195 -10702.46191 9961.615234
8349.255859 -8818.5625 8918.96875
8221.494141 -8547.101563 9086.321289
9287.629883 -11422.83203 10521.87402
10949.17871 -10308.04102 10192.53711
10971.39258 -11057.40234 11612.28906
7782.564453 -14935.30469 11300.86328
8565.994141 -11681.73242 10382.41504
10248.93652 -9926.625977 10980.55859
10215.02148 -11953.76953 7755.570313
10374.52148 -11243.12695 10556.70117
9419.549805 -11258.42285 10062.59375
8042.299805 -13544.86035 7084.172852
8347.466797 -11207.93555 11747.72559
9583.314453 -11995.5752 9787.029297
8822.351563 -9761.87793 9511.450195
7109.617188 -6901.821289 10103.70898
9567.100586 -13560.6123 10258.49219
9463.023438 -9444.282227 12931.84082
11376.18359 -9026.763672 12185.99414
10148.36914 -9890.493164 11278.12891
9738.207031 -10048.84277 11624.19238
9611.05957 -13737.73828 8342.439453
11128.33496 -14121.68945 9272.036133
10785.59375 -9909.273438 11988.42188
10774.51758 -8492.585938 11218.37109
10759.9541 -14041.49219 9426.731445
9156.591797 -10301.44824 10382.68066
10042.3291 -7892.269531 12339.47266
10084.625 -12369.4834 10047.24414
9621.46582 -11368.88379 8989.958984
6419.812988 -8048.178223 7950.835449
7974.319336 -13334.53027 8939.916992
8887.211914 -11529.68066 9881.072266
8362.175781 -11984.36426 7185.786621
7970.288086 -9829.086914 9458.899414
8933.085938 -12061.50195 11800.23438
10462.91504 -11104.62012 10885.10742
8645.704102 -12849.24512 11894.08398
11782.45215 -8189.455566 11272.00195
11178.18457 -11306.87695 11529.21973
9790.172852 -10130.51953 10421.36328
11706.9834 -14282.55176 9992.761719
10235.00391 -10213.91504 11287.9082
10878.41992 -10901.93457 11098.02246
7103.98877 -15326.87109 9801.791016
10047.0498 -11960.89551 10291.91992
9224.72168 -7986.963867 11291.76855
6518.208984 -8095.472168 9300.041016
10648.3291 -8029.785156 10208.72656
11919.45605 -9200.376953 12287.73633
11469.17383 -8506.383789 11848.22852
8393.533203 -12126.27832 12667.16895
8512.155273 -7966.371094 10259.74121
10888.7627 -9409.884766 12405.91797
10562.3291 -8209.308594 11311.4873
8473.323242 -12718.16602 8800.384766
10893.24121 -8188.11084 9982.236328
8876.288086 -11488.15625 8597.34668
8693.608398 -12331.94141 11525.84375
11281.82324 -10671.27832 11795.78906
8006.382813 -14988.97266 11027.59473
8785.761719 -10519.38574 10258.7373
7412.230469 -15301.72168 9877.683594
10251.12891 -7159.972168 8743.501953
11023.79883 -10502.88086 12018.20215
6628.871582 -8168.538574 9147.606445
9024.822266 -13880.28418 7579.622559
7038.960938 -10122.01074 8050.289063
9348.915039 -14247.37207 11930.4375
8688.56543 -13854.20117 10763.66895
8709.033203 -10509.7041 12408.35938
10684.87012 -10847.75 11298.1416
9683.818359 -12028.39063 12823.97754
11236.27051 -8140.672363 11802.41699
9527.59668 -13895.94727 11337.37598
6810.551758 -15322.93262 9675.516602
8504.166992 -8171.095703 10807.0127
9901.071289 -12174.17188 6260.944824
8676.276367 -12724.06055 7188.796875
10081.99902 -9722.251953 11727.02246
9117.194336 -9543.164063 8963.880859
8868.476563 -10520.04492 9557.555664
8823.566406 -12628.48438 9562.938477
10082.46777 -10349.77148 11008.47754
7192.014648 -15051.95898 10573.67578
9302.082031 -9078.554688 7952.455566
8329.993164 -10953.17188 10900.92578
8614.477539 -12852.17188 12193.96387
8962.873047 -9776.179688 11649.78809
7213.675781 -10326.98438 9082.603516
10310.30273 -7174.866211 8949.625977
8670.060547 -13814.3125 9545.408203
9227.182617 -11940.34375 11061.32715
8981.026367 -12114.44629 11277.24121
8409.364258 -7765.628906 8579.320313
9258.169922 -12831.89746 8720.317383
8646.053711 -12592.42676 7013.899902
9532.119141 -9063.574219 11681.25195
9419.018555 -10951.97852 10388.46777
11794.05664 -8768.772461 11823.8291
9502.359375 -10790.17676 10050.37891
7763.044434 -10057.00977 8465.634766
9119.931641 -13880 10514.36328
8444.34668 -10278.82617 12338.19824
9393.711914 -13139.75781 10628.94531
10579.44043 -11315.64063 10602.08301
7867.456543 -9622.554688 9873.666016
11418.9043 -9466.21582 12089.40234
9543.296875 -10580.47168 12407.31934
7350.625977 -9960.919922 7965.199219
6934.3125 -6950.328613 8898.939453
11766.88184 -8834.389648 12104.6543
8216.385742 -11433.64746 9348.750977
8555.149414 -11344.48535 10383.01367
10988.45605 -11197.32617 12967.74512
9633.484375 -10197.65039 10166.66309
8003.620117 -12779.63672 7211.624023
6977.880371 -6889.331543 10366.3916
7739.589844 -11179.49805 9822.450195
7985.534668 -6700.496582 11693.89941
9545.046875 -13385.36816 11668.16602
8185.794434 -14520.7832 11189.47754
8230.328125 -11448.62695 12113.26953
8353.432617 -12638.62402 12018.23828
10008.66309 -8375.00293 10504.00586
7214.454102 -9646.995117 6831.04541
10116.59277 -11184.77734 10862.7002
9422.428711 -10295.17969 12357.74707
8481.795898 -11056.80371 10772.63867
8482.842773 -13492.30078 11596.59863
11825.72266 -9593.270508 11399.75391
8345.694336 -8348.049805 8850.387695
8238.958984 -9594.649414 12787.38574
8319.807617 -9755.029297 12843.14648
11494.87012 -11123.40332 11775.27246
9552.368164 -13197.02539 11780.20605
10243.93555 -10203.89453 13066.42969
9347.038086 -13163.94922 12135.39746
10826.32715 -10382.19727 10354.55371
10726.98145 -11523.25195 12982.90137
11652.85547 -10332.0791 11931.87109
8843.407227 -8391.123047 11081.81934
11495.10742 -8025.019531 11487.44531
12053.89453 -13002.64551 9747.842773
9822.424805 -9970.192383 10039.87109
8844.241211 -12857.01074 8949.298828
10143.19434 -13130.38477 10196.93359
9692.195313 -13187.29883 10283.58691
8050.63916 -14788.16309 7197.289551
8407.094727 -11970.01074 9688.848633
8353.439453 -9296.189453 8594.255859
10894.53613 -12518.70215 8233.689453
10473.7168 -9769.15332 12100.875
8861.173828 -12162.375 7276.272461
10381.56641 -9093.813477 10462.78906
11856.8252 -14086.50586 10115.7041
9085.69043 -13152.26074 8953.320313
9782.457031 -10456.6543 13058.33398
9394.863281 -13020.90527 11713.41309
7387.208496 -6938.183594 10591.5
8830.597656 -11668.83887 6074.530273
8547.921875 -12639.02637 8443.618164
8591.961914 -13859.62793 11359.50684
8757.525391 -7931.89502 9625.516602
9038.120117 -11096.98828 10290.77637
9246.022461 -11622.47754 6735.589355
7954.373535 -7929.148438 8648.449219
9275.087891 -10749.33398 12412.3418
10797.40918 -8423.488281 12086.38086
11413.67285 -8984.112305 10593.93359
8058.951172 -14791.0752 11374.35352
9246.946289 -13683.03906 7312.875977
11792.0332 -10650.18848 11425.08887
7873.986816 -13059.85547 8841.213867
10713.14648 -9804.072266 11432.54102
10354.23535 -12680.98633 10350.82715
7477.458496 -6967.920898 10876.94922
9767.40625 -12207.4502 12267.53906
6860.79248 -9259.942383 6302.756836
12080.86621 -7974.722168 10442.67578
7251.231445 -9323.207031 6653.248535
6274.292969 -8098.46875 7776.910645
9339.265625 -7615.887207 10990.55762
10723.78809 -10562.9209 10863.87891
9208.645508 -7702.594727 12336.1875
8119.339355 -9389.104492 9083.5625
9602.607422 -10509.66016 10167.76367
9859.072266 -12323.55176 9685.874023
7753.091309 -9099.588867 9606.975586
8944.904297 -9318.003906 8406.445313
10585.29688 -12457.59375 11874.99316
9305.689453 -10984.81152 12335.04102
9879.745117 -9748.259766 12045.44043
9326.825195 -12817.99316 7272.606934
10087.96777 -12875.88477 10162.06445
8452.264648 -10503.24707 9511.235352
7846.003906 -7016.521484 11137.44824
7010.952637 -15233.59082 9382.265625
10390.35645 -12199.83691 11952.71777
8343.085938 -12344.25781 12054.96191
7837.366211 -11572.82129 8875.87793
6991.361816 -8355.230469 7736.579102
10360.63379 -12464.45898 9686.413086
10911.02051 -12245.83008 9984.331055
9101.972656 -11979.61621 10437.14746
11047.2959 -8637.608398 11623.19922
7725.806641 -8871.361328 8523.515625
9426.62793 -8341.779297 9153.80957
10274.14844 -8329.863281 10495.11133
9211.569336 -12163.08984 8916.515625
10392.05957 -11236.2627 12108.41113
9608.975586 -10626.4834 10412.69922
7813.881348 -8370.867188 9233.207031
11039.33984 -9086.966797 11238.95215
7769.387695 -8955.1875 8165.859375
10152.97461 -13414.67285 10619.36719
11636.47949 -10631.13867 10476.06934
10722.57129 -11004.78613 11702.96582
8330.040039 -10311.90332 9917.730469
9468.425781 -11281.53613 10258.43066
11196.92969 -8270.710938 11399.85449
11581.45996 -8076.54834 11168.21582
7751.436035 -12412.50586 8762.316406
7120.750977 -9565.365234 7216.179688
11533.70117 -8695.913086 11469.16406
8762.992188 -9941.533203 9768.208008
8146.431152 -15364.38965 7492.303711
9602.884766 -13281.70801 10429.29395
6682.945801 -8387.641602 7776.202637
10228.33691 -13208.41797 10028.37402
8804.791016 -12616.68262 6047.499512
8679.77832 -7960.862305 9526.796875
10334.87207 -9346.612305 10712.52148
8018.324707 -9935.205078 9796.294922
7717.453125 -10852.72754 9744.129883
8802.018555 -11825.29102 9775.192383
9185.146484 -11308.56348 11149.13574
12620.11719 -9806.03125 10927.12695
9185.949219 -9725.579102 8807.486328
9739.758789 -13705.19336 10320.80859
7644.173828 -10727.1123 8766.583984
8559.301758 -9533.245117 9309.033203
11253.11328 -10780.9375 11362.62891
9728.125 -10331.05957 11988.92969
9047.600586 -7422.996582 7592.918945
10098.4209 -11582.11035 10480.91113
10281.5957 -8876.273438 11094.01758
9312.935547 -13883.38965 11425.46484
9611.238281 -12593.50293 12545.50098
9588.009766 -10863.85352 12292.77148
12165.15625 -10368.77832 10782.94238
9896.173828 -7150.715332 10018.86426
7766.256836 -13215.07617 10362.45508
8404.097656 -10623.38574 12159.07031
9728.421875 -8751.05957 9704.675781
9749.079102 -8608.549805 9457.135742
11306.41602 -9963.070313 11525.40723
10773.45508 -9657.199219 11227.53906
8698.800781 -14520.22656 9809.957031
9102.364258 -11433.91211 12700.54004
11174.47168 -13978.00977 9894.5
8095.871094 -15453.57129 11204.5752
9578.916992 -12276.33496 8728.732422
8800.485352 -13543.81543 7310.990723
9611.427734 -12748.58496 10223.70703
8077.029297 -11503.60254 9532.855469
9056.551758 -11511.2832 8869.27832
8456.898438 -10080.48535 8963.332031
10509.20313 -9973.577148 11543.58984
9665.761719 -12138.45996 11903.9082
9062.683594 -14289.73438 10056.75195
10639.98242 -10722.43945 10261.02344
9957.817383 -7635.412598 8881.185547
8125.406738 -14931.47363 11575.28223
12821.69629 -8825.613281 11520.67676
8093.582031 -7952.623047 7761.596191
9922.908203 -12383.55078 11968.84668
9279.72168 -7941.187988 7907.535156
12556.92969 -9063.450195 10920.01855
10919.63574 -9016.179688 12236.98926
8781.117188 -8374.15332 9860.050781
10666.54297 -9673.875977 11005.41699
8036.51416 -8843.848633 8039.399414
10694.62012 -13929.46387 8923.47168
9946.178711 -10892.0459 12090.4873
11461.62988 -8726.335938 10631.89063
10520.58203 -12721.34961 10170.38867
7911.498535 -11300.58008 9186.62207
8000.144043 -12034.27051 8684.385742
9359.331055 -7569.380859 7619.416016
9860.628906 -8919.088867 10772.51074
8263.172852 -7862.461426 8616.716797
9501.020508 -9220.363281 8048.246582
9434.758789 -8565.646484 7994.783203
8241.092773 -11352.40332 6972.159668
7727.410645 -13726.44434 10454.49023
10231.55762 -10896.44336 13028.88867
11492.0166 -9600.491211 11263.85449
8654.169922 -13816.67676 10851.25586
12432.4873 -10413.15332 10888.94141
10546.61719 -9722.632813 12022.58789
9168.572266 -11293.45508 10016.31934
9119.779297 -13290.84375 10866.45898
8287.782227 -13073.47266 9119.453125
10418.83398 -13938.71582 12060.10156
9072.495117 -12417.32617 6981.212891
9583.882813 -8418.24707 12616.38379
8835.420898 -11989.41406 10571.42578
8615.046875 -14107.96484 11966.7041
8360.770508 -14041.46582 11175.05566
8625.026367 -11698.35449 9169.15625
11554.79395 -12269.61426 9699.585938
7509.861328 -8286.358398 9118.587891
8173.007324 -11746.46191 7414.413574
8247.53418 -13671.87598 12144.82813
9168.592773 -14293.58496 10433.68164
8149.622559 -12744.53223 7357.947266
8745.647461 -9800.855469 12015.09473
8823.538086 -8190.519531 9110.929688
10286.4043 -11001.69531 10544.69531
11214.87793 -9429.097656 10985.51367
10801.20898 -11052.5332 10499.20801
8940.764648 -12512.26563 10808.26465
9144.724609 -8350.051758 8076.304688
9934.019531 -12035.69043 10175.55078
9241.801758 -12391.75293 10068.73242
11986.74414 -9927.926758 11956.16504
9732.282227 -9815.395508 11919.53711
9959.017578 -10165.70215 10182.31348
11027.75879 -8014.382324 10969.22949
9620.506836 -12794.70898 10163.96777
9447.951172 -10397.15527 10129.23535
9949.240234 -7154.036621 9755.022461
8994.128906 -11973.68066 9241.62207
8594.547852 -10908.24805 12228.84277
10452.75488 -8746.65918 11090.04883
8754.666016 -10442.04297 9543.386719
8803.180664 -12435.07422 9396.144531
8050.679688 -7021.385254 11099.47168
11926.08008 -11043.18652 12240.47168
9021.245117 -12632.41211 11469.01953
9287.121094 -12360.01172 9655.09668
8874.25 -13199.3252 11378.04883
8706.513672 -8166.406738 9747.361328
8652.527344 -13077.25977 10588.48535
7273.76416 -6965.8125 12588.42578
10127.76758 -12088.52344 11736.88477
10014.90918 -9208.168945 11211.35156
8314.987305 -11811.13672 9066.378906
7416.321289 -8143.748047 8954.880859
8233.189453 -10648.35547 12480.63379
6485.696289 -9628.758789 8116.54248
7941.776855 -8737.663086 9276.487305
8820.985352 -12816.16504 8632.307617
7232.189941 -14367.8623 9674.177734
8104.438477 -10332.85352 11564.7627
8520.651367 -8671.948242 9278.370117
8729.977539 -9808.729492 11454.60059
11048.83984 -10742.15625 12959.53027
9163.467773 -13179.68359 7452.985352
8895.40625 -13119.41797 8325.77832
7945.920898 -10756.53613 9463.962891
7956.546875 -10324.8916 11983.16797
10738.18457 -11092.04102 12859.72559
9536.149414 -13227.12598 11463.9209
11164.99316 -8706.485352 12262.09082
11527 -9192.678711 11712.7334
8799.595703 -9679.344727 9066.320313
7332.330078 -7833.777832 9860.086914
8114.339844 -12867.37988 12853.47949
8016.294434 -14980.26172 7177.409668
9054.239258 -7828.675293 8035.278809
8750.732422 -12134.08008 11788.16211
8424.026367 -9927.594727 13143.53125
8105.264648 -7696.688965 8253.802734
9293.97168 -13936.37598 8499.069336
8437.963867 -13160.13574 10419.65918
7241.73877 -9729.942383 9735.250977
12820.96484 -9690.769531 11130.76953
10958.83984 -14802.38965 11077.8252
7941.835449 -12243.47363 10387.11133
7944.629883 -10248.05762 8891.524414
9062.94043 -10667.11816 12230.41797
7152.936035 -13735.53027 8719.78418
7632.566406 -11546.28418 6592.8125
7335.058105 -11805.73438 8042.284668
7485.678223 -11151.04492 7908.112793
7386.829102 -13307.63281 7162.774414
7234.876465 -13250.60547 8626.863281
6438.331543 -13935.59961 9321.111328
6865.234863 -13728.80566 7284.47168
7713.751953 -10547.4873 11973.53125
7316.760254 -13478.63379 7365.403809
7745.396973 -10723.73535 11253.65137
6992.242188 -13530.54199 7188.820801
7614.70459 -10966.82227 11509.29492
7137.74707 -11896.38965 7907.436523
7179.240234 -13477.7373 8288.756836
6544.285645 -10088.52051 7407.503906
6487.313965 -14037.30176 8968.984375
7261.469727 -11476.35742 8238.8125
7609.836426 -11866.75977 6875.300781
7124.311035 -13056.16699 7089.867676
6675.840332 -11194.54199 9849.732422
7364.887695 -10575.75488 11513.33203
6732.885254 -11589.11426 9552.286133
7279.979492 -10442.04395 11512.97656
6606.985352 -10987.62207 9573.155273
6639.288086 -11520.78027 9492.914063
6849.595215 -13393.46484 8534.579102
7490.755859 -11909.33887 6656.834473
7120.354492 -11470.50488 7810.146484
8083.459961 -11588.99805 8420.884766
6569.262695 -10065.60156 7800.234863
6503.425781 -10369.42773 7748.391602
7530.688965 -10677.85254 11253.50488
6778.095703 -13203.56348 8338.508789
6776.916992 -10682.26953 7071.47168
7262.246582 -10921.07715 7568.958984
6950.021973 -14320.78027 9786.893555
7122.67627 -13648.72852 9035.342773
7851.199707 -11499.79102 6279.407715
7622.583008 -11737.53613 8832.356445
6895.943848 -13534.60449 8429.777344
6536.660156 -14638.11133 9370.329102
7424.852539 -12119.10059 7609.791016
6808.349121 -11391.48535 9550.658203
7039.488281 -11117.12109 7542.236328
7905.135742 -12168.08691 12063.33203
7518.195801 -10297.16211 9894.174805
7606.53125 -12007.57324 8486.813477
6916.396973 -10392.68555 7548.413574
7445.716309 -11926.98633 7735.000977
7220.533691 -11227.37598 7873.324707
7208.427734 -10950.31055 11462.41406
7133.561523 -13432.76074 8765.044922
7900.540039 -11597.52148 7780.779785
7010.249512 -11285.06152 7806.490723
7773.949707 -11490.70898 7754.693848
7861.317383 -13420.74219 10366.30566
7382.578613 -12364.76953 8555.098633
7667.516602 -10355.54102 8958.758789
7730.554688 -10124.71094 9047.150391
7150.90332 -13754.32422 8776.014648
6974.817383 -11109.19434 9161.720703
6895.147461 -10787.22363 9828.858398
6678.491211 -11459.8125 7093.836914
7603.908691 -11829.18457 8328.637695
6743.867676 -14478.72363 8635.949219
7108.142578 -13164.08301 8552.166992
6745.574219 -9600.787109 9155.916016
8096.414063 -11858.62598 6418.015137
6737.375977 -10582.45996 9529.163086
7526.147461 -13588.59473 8709.914063
7320.396973 -13264.7666 6797.054199
7639.661133 -11995.58887 7159.638672
6844.724609 -13003.32129 8544.923828
7890.364258 -11012.55664 8074.099609
7683.083496 -11540.78027 7766.068359
7575.158203 -13424.52832 7395.72168
6880.256836 -13891.66211 7923.211426
7063.486816 -10532.73438 7535.075684
7015.200684 -11276.73438 9330.75
12043.38281 -13491.38574 11501.77051
11687.04492 -14495.72754 10766.61719
12417.6748 -11168.88281 12054.69238
10481.21094 -10138.84375 8372.504883
10947.55566 -10013.74805 8675.999023
13129.45703 -9309.248047 10169.13086
12008.24707 -13812.29297 11447.45703
12627.18652 -10527.92188 9050.285156
11990.04102 -9109.300781 7329.279785
12619.5752 -8707.173828 9213.612305
12725.06152 -13161.92676 11071.41797
11626.90527 -9833.004883 9749.425781
10654.10645 -14704.67676 7042.756348
9731.46582 -13922.87793 12737.30078
11280.96582 -13524.69824 10644.19727
13521.91406 -10643.43359 11770.53809
9118.516602 -7077.04541 9285.005859
8231.102539 -15656.48242 10198.71387
8820.3125 -6638.383301 12037.64355
12388.57813 -15866.75684 10900.12891
13141.75977 -10177.55859 9131.703125
12611.90918 -13258.10938 9370.182617
11586.32227 -9668.607422 8814.101563
11765.0791 -10142.9082 8167.496582
12086.64063 -10750.71875 9798.359375
13308.91309 -10260.95605 10096.08887
10741.45215 -12971.83789 7519.000977
13646.34375 -10527.39258 11623.90918
11871.35449 -12685.9834 12002.62109
13648.79688 -10851.50098 7887.808594
10612.06055 -10362.08301 6651.847168
9476.272461 -7061.385742 10866.16211
11246.50488 -12400.04785 10974.17578
12510.76367 -9966.84375 10167.68066
11949.02539 -9457.586914 7864.066895
9582.521484 -8221.067383 6856.494629
12873.70508 -9797.527344 9336.878906
11268.05469 -12912.58496 7896.079102
11784.21191 -12790.44629 7646.529297
8643.137695 -9569.136719 7926.472168
11698.56934 -10374.9502 10047.72949
11393.04199 -9839.84668 7155.854492
10724.16992 -14425.51465 7436.052246
12082.08496 -12345.09473 10584.79004
13018.33594 -9291.048828 8677.262695
12735.32227 -14398.80469 10695.3584
9561.162109 -6828.279785 11975.58496
12659.50098 -13814.3623 10362.90039
12153.23535 -16199.38184 8326.457031
9968.382813 -9889.308594 9520.199219
12245.60352 -9997.823242 9941.169922
9449.90625 -15209.46289 11808.47363
8679.935547 -11143.9248 7930.390625
13922.85547 -13757.20605 10325.74902
11255.43457 -14956.46289 7504.381836
9896.736328 -14640.14746 8264.977539
11462.58496 -10310.19727 8703.87793
10533.25684 -14599.42969 9346.011719
11287.41113 -9884.620117 9350.270508
11558.02051 -14002.64844 10824.83594
13692.9834 -10259.37598 10275.16992
11467.99219 -10152.33984 9335.249023
13185.23828 -10017.4082 8196.131836
11785.31152 -16065.85449 11168.97461
11237.69336 -12685.22363 7644.952637
13651.02734 -10704.3623 9706.759766
13088.375 -14007.82129 10966.39453
12013.23438 -12222.97461 10913.44629
10707.90137 -9773.175781 9472.422852
13078.85742 -9783.646484 8803.290039
12190.24121 -10189.8252 7924.353516
13345.00488 -10579.16797 9806.56543
10543.11523 -9769.381836 7795.031738
11682.11328 -11132.69238 9460.128906
11762.51172 -12829.69531 11478.47168
13547.80957 -10797.05762 11058.95117
9879.592773 -15719.34082 9102.53418
10159.86621 -7691.739746 7378.884277
10119.58887 -15838.72949 8761.910156
12105.09863 -9828.660156 8415.171875
12206.2207 -10483.12695 8731.969727
12158.30664 -13394.64648 11876.01367
13846.0498 -10281.70313 10759.52148
12460.68848 -11732.35645 9981.941406
10145.07617 -15353.60254 8451.691406
11398.61719 -13402.78613 8674.452148
12639.48047 -13929.77344 7891.420898
12223.77148 -9983.768555 9181.959961
10126.33496 -15124.02051 7948.89502
12606.11816 -13015.9248 11506.62305
12120.73145 -10192.57617 8298.40918
14091.9502 -14429.9248 9517.423828
10607.76172 -9767.776367 8443.55957
10939.36328 -13361.0791 7809.066406
12371.19531 -9782.329102 10138.95996
12831.07813 -13303.97852 11148.51465
12969.27051 -10667.44531 8732.962891
9050.40625 -16195.08301 9563.581055
14245.69824 -12415.39453 10795.50781
9918.029297 -9637.899414 9046.576172
10242.79004 -14881.48242 7826.413086
10618.46289 -15705.74023 8124.880371
11085.08789 -9206.532227 9092.660156
13164.81152 -9276.243164 9452.707031
11617.33984 -11951.72656 8902.941406
10543.06934 -15383.13672 8558.083984
9746.787109 -15389.41797 8697.240234
13183.20508 -9899.071289 8885.419922
11919.56934 -13130.01563 8742.338867
12458.46875 -14196.44336 10707.33398
12522.86328 -9648.453125 8312.734375
11742.80371 -12073.40332 7234.28125
11796.14648 -13828.80176 10926.36035
12182.70801 -12310.63281 7109.443359
11496.41309 -15652.21094 8242.947266
12268.42383 -10488.00977 9866.791016
13227.28906 -13834.96094 10257.90918
12468.00488 -12538.03418 12251.92578
12761.18262 -9699.560547 10151.14355
10642.80664 -10307.70996 8357.523438
13221.74902 -13137.28613 10445.06543
12253.9873 -12513.86719 10880.79883
12616.7373 -11879.02051 11216.63184
11665.04004 -10826.87695 9408.798828
10287.7373 -9376.124023 7305.70459
12971.75293 -8933.242188 10069.76855
11681.0791 -11244.86914 10517.19824
10233.66016 -9522.013672 8391.157227
8741.6875 -6908.905762 11224.64551
10501.72168 -14031.43652 7095.200684
11608.23047 -12635.24512 12102.08789
11302.46484 -12823.75293 10261.27441
10217.25195 -16252.16992 8881.325195
11530.55371 -8308.910156 7201.42334
9006.588867 -7063.015625 9253.19043
10393.37207 -12038.01953 5769.732422
9539.798828 -15373.08203 8188.44873
12101.75 -14432.61914 7574.776855
8677.466797 -11387.64355 7929.28418
13537.79199 -11186.3457 11848.0752
11905.41602 -13785.19043 8762.264648
11425.8916 -14554.67676 8309.134766
13057.39453 -9831.344727 9619.80957
11144.93652 -10937.66797 6363.566895
10158.8291 -10218.89355 8292.166992
9467.96582 -14931.50684 8530.173828
11800.6123 -10565.19922 9352.194336
12017.89063 -14050.20117 11344.17383
12236.16699 -16136.96094 8012.435059
11347.38281 -12981.62012 6982.15625
7786.618164 -14615.53027 6843.929199
10977.11523 -9936.46875 7790.216797
10448.78906 -9770.121094 8882.310547
13241.42188 -13424.04102 10793.07031
9327.634766 -15857.82031 8830.770508
11886.91504 -11543.7373 10844.91602
12000.68555 -12836.85059 8792.091797
10622.92773 -10357.78418 9461.415039
9947.750977 -16160.2334 8499.582031
8209.226563 -16739.76172 9467.329102
13399.55664 -10777.17383 9288.729492
11523.69727 -16486.16602 11261.45996
12086.15234 -12662.69043 8158.449219
12199.78027 -16252.11133 7518.580078
9998.647461 -15035.82813 8287.329102
11468.74609 -11340.26855 9632.924805
12423.07617 -9533.966797 9100.580078
14372.35742 -12588.13672 10420.42383
10439.69043 -9753.129883 6416.989258
11413.22949 -12588.20996 10856.86914
10372.90332 -13390.55762 7327.162109
11345.87207 -13064.85352 7703.642578
12093.52051 -10021.23438 9668.178711
11145.91211 -10986.32129 9576.200195
10335.80371 -15462.23535 8961.539063
14185.37598 -12247.9541 10545.85352
11823.97559 -12187.51758 6675.213379
14490.1377 -12208.34082 10226.76953
11732.96191 -10366.76367 9478.851563
13410.40332 -9657.928711 9847.31543
13530.34473 -10682.66992 7963.074219
10725.03711 -11000.55664 9252.482422
11335.26953 -10303.52539 6752.890625
12006.80273 -12864.95508 11851.92871
13099.75195 -9911.65918 7924.381348
9537.895508 -6547.917969 8972.376953
10083.38379 -9873.28125 9024.116211
13665.81055 -10859.66504 8765.376953
10450.9541 -10514.31152 8755.845703
9234.198242 -16496.22656 9336.5625
12961.23926 -17010.82031 8447.146484
10118.68262 -9719.28418 8983.400391
8871.270508 -15186.18164 8020.846191
13219.03418 -9738.469727 10485.33789
9381.756836 -15388.15039 11583.27441
13522.28418 -13759.19238 10509.37305
8952.210938 -11202.16211 5625.252441
13139.03809 -10360.98828 8608.106445
13139.67773 -12504.04492 10326.68262
12034.07617 -12934.50781 8271.383789
11791.22754 -17167.40039 7915.791992
12915.09863 -12709.73145 10658.27344
12688.57031 -14720.16895 7507.674316
12421.40039 -13273.23828 11124.05469
11576.55762 -11514.97656 10076.05859
10623.74414 -10022.98633 8966.442383
13057.96484 -13500.64063 10315.6709
13447.91211 -12716.65332 11009.2627
11291.80469 -12340.00684 7240.533691
12916.71289 -11411.82031 11554.1416
13485.48828 -10681.50195 8688.385742
8697.040039 -11906.12109 7889.665527
12472.34082 -12199.29199 10645.24902
10357.97852 -9635.914063 7350.046875
14012.88379 -11478.58008 10278.27539
11890.33301 -12820.73828 10754.61621
12651.73047 -14122.73242 7467.319336
10948.9707 -13731.98145 7034.901855
11301.04883 -12977.82422 10717.13379
12878.24512 -9099.489258 9772.083984
13383.99609 -10969.35645 9523.263672
11348.64063 -12588.0127 11952.16602
9603.128906 -8049.827637 6343.814941
10641.06445 -9286.154297 7567.640137
12114.2041 -9858.917969 12594.9873
9272.986328 -16048.70996 9645.083984
13406.58691 -12916.89453 10676.63184
10951.94238 -9392.645508 6849.503906
12252.80957 -13527.49707 8670.266602
13117.10742 -9141.174805 8630.633789
12743.41309 -13239.93945 10476.52148
11922.14258 -13285.06445 10629.78418
13081.88184 -12679.08691 10971.23438
10208.57227 -7699.390625 6915.622559
10647.42676 -11276.60156 9661.449219
11331.70898 -10221.56348 6739.106934
10897.24414 -8937.345703 7025.053223
13569.53418 -10990.22168 11124.34863
13685.90332 -10292.33203 9569.469727
10971.58203 -15938.13379 11016.50488
10278.91211 -8227.205078 6376.206055
13911.43359 -13011.45605 10991.08887
13010.1543 -13800.17383 9948.856445
13031.8457 -9960.902344 8204.618164
9905.412109 -15146.15234 11482.72559
13461.3291 -12185.68652 11499.20996
12514.21973 -8211.72168 9133.637695
11214.83105 -9292.455078 9068.569336
12756.58203 -11755.59277 11230.68555
8681.630859 -16944.00586 8982.161133
12918.34082 -14674.9248 11010.5918
12260.13867 -16188.18066 11225.2207
10496.2041 -9761.570313 7670.916504
12586.00781 -13893.84277 9637.196289
12297.75488 -9384.571289 9406.091797
11770.00879 -13495.99121 11057.14941
11627.06348 -10972.75195 9493.621094
13809.58398 -12500.58789 11294.75781
11375.97656 -12478.04688 10930.70898
11191.43555 -13878.70996 8452.708984
11499.24316 -13072.60059 12346.23438
11049.83594 -10642.05664 9135.316406
13360.83691 -11787.05859 11708.44043
13379.97949 -10322.59082 11927.16406
11369.54297 -13150.12305 8379.482422
13017.73047 -12380.90137 10433.9209
11839.17383 -9643.270508 9359.705078
11802.21582 -12179.9375 7717.749023
9485.964844 -16818.90625 9204.388672
12515.24316 -13195.61035 8863.72168
13139.68848 -14854.52734 11124.34082
11476.56348 -12863.71094 7938.145508
9988.431641 -15441.15918 7880.809082
11950.32813 -12040.63379 10679.75488
12841.81543 -13913.33301 7681.432617
11208.1084 -6613.938477 9627.833008
11294.63965 -9939.201172 7433.897949
13281.7666 -10419.35059 8215.202148
9444.411133 -16502.63281 8835.134766
7893.497559 -8045.76123 6327.82959
10675.75684 -14925.38574 9930.889648
10527.2959 -14934.08398 9287.020508
11214.35352 -12765.65332 12186.30957
11845.75879 -13516.91504 10458.91992
9597.168945 -13082.87598 6330.020996
10250.49414 -14953.23828 10110.10645
9983.772461 -15058.12207 8782.196289
13720.28613 -10854.05566 10537.33398
12360.66895 -10930.92578 10574.18164
13271.3457 -10450.41504 7895.966309
9791.411133 -7338.435547 6573.979004
8625.359375 -15666.02344 9855.9375
13967.32715 -10796.31934 8929.797852
11110.21973 -9067.708984 9373.75
11356.73633 -10757.85254 6360.765137
12403.26563 -14479.53223 10401.20508
10757.62793 -9480.191406 7538.509277
13896.91504 -12423.06152 10718.63281
9972.154297 -15608.30273 9452.370117
11283.57031 -12752.61035 10862.33301
8234.189453 -15958.33105 9811.765625
12394.47461 -16816.40625 7548.135254
11404.35059 -13775.49414 10554.70508
8347.943359 -15945.2002 10209.65137
13771.33984 -13233.36621 10485.68359
11373.62988 -9396.923828 9200.366211
9053.339844 -15247.48242 11349.7627
11990.14453 -10497.83203 7168.953613
10747.16895 -12822.3252 6811.635254
11962.75586 -13081 8607.583008
13216.44336 -14274.62305 10712.20801
13119.39941 -12017.25781 12091.60156
12903.75293 -13622.34766 10812.28027
9345.069336 -16303.86426 9147.566406
12450.63184 -17168.89453 8040.620117
11871.20313 -13290.79688 11589.4248
11539.0498 -14594.05762 8144.701172
12203.81641 -12106.30078 11302.85059
12639.92871 -13475.70801 8806.251953
12386.31445 -10360.99121 8659.433594
11172.07617 -11244.85938 5850.771484
9994.84668 -15291.16113 10840.04395
11283.80664 -11681.48438 9640.384766
9936.853516 -15213.08887 9634.06543
11859.34961 -15116.18652 10723.94336
13814.96973 -11008.62109 10184.65137
14123.67578 -10489.81641 9718.723633
11786.22559 -16019.09082 11524.77637
12613.29199 -16990.95117 10539.47363
9234.431641 -15613.49023 9142.455078
11676.48242 -13438.6875 8990.724609
12735.31445 -14122.93262 7060.92627
12933.03711 -12729.76855 10012.30469
12455.75879 -13328.82227 8597.844727
9025.96582 -15115.42773 7983.097656
12688.41602 -17143.39258 8476.62793
11926.42871 -14064.84082 8117.244629
12625.03809 -16372.69043 10763.44043
9804.618164 -15002.15039 8250.370117
11773.49902 -10096.86719 7335.772461
11053.3916 -13945.81445 8558.511719
12256.89844 -13136.57715 9037.681641
12239.88281 -12430.4248 7604.330078
11133.33594 -9098.486328 7247.686523
9167.835938 -15659.96191 8702.423828
10814.5957 -10000.58984 6427.446289
8572.268555 -10949.15918 8251.716797
12374.68262 -8551.418945 8896.113281
11018.96191 -13655.19043 8427.979492
12769.82813 -12353.6084 10792.33594
8592.602539 -15602.89258 10070.67188
12665.43457 -9838.498047 9099.051758
12174.85645 -12790.79102 11621.6582
11813.31738 -13072.61133 10861.73145
8850.680664 -6901.945801 10943.91309
14479.50586 -11075.87109 9757.014648
13594.30762 -10410.71094 9169.939453
13395.71875 -14050.84668 9959.556641
12905.37305 -9211.0625 8167.633789
13573.48047 -9738.19043 9550.341797
12047.2832 -13799.32324 10735.26758
10883.51465 -10505.34375 9147.106445
12966.05859 -13910.11816 9924.34375
10967.93262 -14513.56055 8100.380371
10588.83789 -13411.45996 6828.010254
13356.35742 -9681.183594 10372.47559
12349.94824 -9783.739258 12513.01074
10193.90918 -14783.48242 7413.833496
13716.2334 -11389.3623 11215.31641
10340.92383 -9615.080078 9105.905273
12100.32031 -11429.69922 9692.896484
11744.12988 -9453.207031 9323.969727
13082.81934 -9739.105469 10332.66309
14121.16797 -11270.5498 10755.72363
11359.14258 -13064.68848 6712.466797
10510.42285 -7804.953125 7004.533203
13635.77246 -11222.49414 9987.949219
13553.80957 -9928.205078 10059.55176
12413.70215 -12674.82715 11798.58594
11620.15332 -13261.56152 7280.087891
12249.19629 -14920.83594 10590.67871
12629.36816 -11222.62305 12293.28027
8424.857422 -16499.9043 9538.764648
9483.807617 -15635.28711 9372.764648
10004.10449 -16242.32422 9226.612305
14091.13574 -11721.28027 8195.157227
11514.90137 -14269.7793 6793.761719
13222.14746 -9192.345703 9219.019531
12478.7334 -11680.26758 10959.90527
9752.414063 -7501.275391 7349.929688
12297.11328 -12987.69922 10836.04688
13561.70215 -12296.2959 10483.06836
10698.4541 -10315.14844 9134.149414
12116.14551 -10184.81055 7254.771484
12597.4082 -10290.30762 9546.152344
11279.88379 -13550.00586 7160.45459
13471.64258 -11579.95801 12020.18848
13767.89648 -11116.69531 8503.191406
10603.05176 -14437.63477 7296.705078
12384.60547 -13577.36426 9273.573242
11730.24512 -13735.83496 11465.44141
10326.08301 -15164.29102 10930.13184
10438.35059 -14885.49219 9455.785156
12120.31836 -14679.25781 10842.78906
11758.14844 -9471.549805 9775.746094
11342.83887 -12493.43848 7502.050781
9492.042969 -13976.19434 12670.35449
10119.47852 -15399.21387 9533.34375
13104.89844 -12078.71094 10454.76465
10160.73145 -8072.153809 7610.364746
7957.575195 -8077.645508 6438.206543
10378.48047 -10326.86328 8432.836914
11472.8457 -7098 8996.647461
11065.55371 -12426.63379 11398.58105
13631.59375 -10592.77148 9735.139648
9427.541992 -13529.23438 6835.445801
13324.07324 -11411.06152 11545.31152
11373.51074 -13121.88086 11041.14355
11015.08105 -14954.06641 8079.793945
12843.64258 -10777.19531 7840.708496
11872.83691 -13166.60449 6921.912109
13578.41309 -13800.18555 10750.85254
12000.14551 -15513.29297 11197.30078
9982.424805 -15810.25195 9291.262695
10435.11621 -16139.82031 8108.086914
13073.09082 -8822.763672 8843.952148
12472.61426 -15052.99023 7824.700195
11753.27441 -14451.14355 7935.056152
11880.37598 -16953.96875 8330.451172
13133.09863 -10488.27441 8330.165039
11687.79688 -11384.62793 10174.49512
12413.12695 -16414.21094 7535.981934
12087.24414 -17156.06641 7979.326172
11846.76758 -12424.02148 11795.77148
9244.989258 -6697.220703 9716.764648
12027.47852 -15957.30664 11458.28906
12335.05762 -9790.788086 8086.999023
9827.206055 -9963.154297 8050.366699
13337.20996 -10759.25195 11325.18652
10886.50488 -9600.064453 9148.075195
9072.111328 -10731.44043 8173.382813
13575.64941 -11954.57227 11978.7793
12280.65039 -16640.33203 10935.36914
12874.625 -13892.4873 11093.31055
11885.97949 -16831.12891 11018.15332
12634.40625 -10717.74805 8028.554199
12071.7002 -15766.07031 7938.511719
11342.66309 -10006.49609 6737.946289
9202.577148 -13187.55957 6746.364258
9192.302734 -13447.875 6766.880371
8307.493164 -10979.30176 6157.464844
11056.04004 -12895.04395 11046.51758
11473.33984 -10904.70508 6465.9375
12504.52051 -13860.09961 10444.6582
8703.433594 -7743.986816 6380.412109
10774.39648 -12772.88965 7385.339355
11944.62012 -14895.83301 7202.554688
11545.93262 -7703.898438 9193.739258
11288.7832 -10564.80371 9281.050781
9412.927734 -16234.4541 8565.459961
12904.09766 -9580.529297 10058.96191
9295.999023 -11762.75 7983.353027
11910.62305 -16499.08984 8272.301758
12881.13184 -9974.850586 7821.228027
12242.57031 -13294.45703 11205.83008
12484.56152 -15522.24512 11219.53418
9032.358398 -15262.25098 11374.85352
12433.89453 -12091.26465 10934.91699
11567.98438 -12050.78809 11112.75781
11776.3291 -16801.85547 10997.33398
9647.953125 -15943.64941 7831.294434
9428.46875 -8281.932617 6425.439941
11642.80664 -11257.35156 9842.526367
12996.17383 -10835.52051 11270.91211
12744.48828 -10644.16602 12273.89648
11348.02637 -9683.732422 7254.781738
11697.62207 -16116.54785 11220.56641
13137.77051 -8822.850586 9192.619141
10458.27734 -15832.84277 11215.38672
12057.24707 -12933.56934 11451.5498
11599.50098 -7377.786621 8202.283203
10688.54199 -13968.36816 7189.665527
11090.28223 -7064.603516 8580.751953
13375.45996 -12426.00195 10882.81738
13030.43359 -13101.31738 10974.82031
11281.26563 -14062.64453 8136.713867
12108.07422 -13982.4707 7688.29541
9233.03418 -7053.557617 12038.63477
9630.119141 -15418.85254 11411.66016
12389.36133 -15176.22754 11246.3916
8660.072266 -16096.57422 9953.710938
11072.49023 -13346.81543 7148.030273
12881.54199 -9313.651367 9131.242188
13164.77441 -14160.63184 11392.17676
13455.01465 -9993.365234 9252.873047
8251.178711 -17178.1582 9331.71875
11732.83496 -10131.96094 8861.091797
12034.66602 -12268.51367 6661.131836
13314.17383 -10100.91211 8971.408203
11093.04004 -10084.34277 9571.966797
12777.69434 -16297.16211 8207.878906
11099.75684 -15539.80371 8704.03125
9517.404297 -15112.68652 11437.62109
9949.712891 -14587.41602 8971.707031
11673.72461 -8999.777344 6995.420898
10788.31152 -13993.78027 6644.339844
12366.91992 -13190.82129 10519.2334
11721.03516 -12017.87598 7826.653809
11731.7041 -11788.34473 9360.083984
10800.67383 -14684.78613 7966.39209
10879.25977 -10613.69824 8929.433594
11744.19141 -13903.25098 11462.6084
9819.724609 -17704.09375 8540.0625
10822.63965 -15460.50586 8939.4375
11790.41406 -14197.31934 7430.080078
9326.612305 -15438.25098 9843.928711
10102.12012 -18268.01758 10718.8584
11566.42188 -10619.06836 9593.426758
13473.85449 -10269.84082 9467.291992
12086.18164 -15623.68848 10806.20215
11449.17285 -12441.75879 12280.04199
12269.22461 -14081.28223 8504.56543
10663.4541 -9762.140625 7112.023926
11874.1748 -14622.50879 6983.801758
11396.7627 -9134.336914 7258.89209
10283.79688 -9446.208008 9246.013672
7657.087891 -6795.308594 7979.376953
9893.291016 -7961.030762 6277.176758
11768.64258 -11264.60254 11167.08008
9964.483398 -15152.31641 7777.147461
13871.21191 -13469.23926 10283.57031
9437.501953 -11283.58301 8069.23877
10036.89844 -9312.007813 9242.80957
8728.929688 -16461.70117 8761.509766
10115.1582 -13534.52051 6337.86377
12147.06055 -11213.49023 9710.769531
10217.91992 -15099.24805 9893.009766
12032.50977 -15718.63672 8027.351074
10358.16211 -6664.377441 10828.14355
9878.542969 -8561.148438 6439.979492
10696.57324 -9540.09668 8909.539063
9235.983398 -16174.03027 8424.918945
12161.88574 -14250.72461 10703.72363
13283.37109 -9804.300781 8573.585938
11973.1709 -12506 7967.277832
11949.52734 -9624.591797 8548.30957
11836.48145 -11145.9209 6410.349609
12501.66895 -14654.41016 11128.15137
12316.16309 -11937.41113 10332.68555
11682.04492 -10160.23438 7804.918945
10634.46387 -7734.039551 7425.560547
9969.869141 -9451.594727 8726.111328
7713.759277 -8498.25 6284.081055
9223.461914 -6728.031738 10133.59375
12433.67676 -13960.18066 8711.131836
12327.05566 -12899.81836 11364.60059
11522.4043 -14061.81543 7425.322754
10035.90918 -17043.04688 8178.663086
10347.42871 -13489.98828 12506.96289
11845.7373 -13893.76855 7760.273438
10093.44336 -15091.42578 10216.56934
11162.62402 -9808.857422 6629.000977
9582.407227 -7219.101563 6956.057617
12936.76953 -9567.553711 8843.766602
10588.11719 -14857.6084 6852.368652
13763.94629 -11312.19824 7617.36377
12901.90918 -10474.29102 8678.124023
13262.11719 -9081.047852 9654.742188
11056.48828 -13443.53711 10595.91602
9537.566406 -15007.69727 11679.34863
12713.50488 -8650.663086 8304.605469
8282.425781 -15955.75684 9911.746094
10808.04199 -8019.437012 7111.791992
11976.1748 -12405.77051 8511.850586
13580.52344 -11396.16211 10835.40625
13511.30176 -12111.47168 10492.77734
11963.45801 -12811.23633 11065.4668
9950.924805 -8774.488281 6442.449219
11930.27148 -10152.82227 9943.188477
11660.21484 -9927.696289 7396.947754
12562.83105 -12509.70801 11299.65332
12979.24805 -9518.515625 8254.917969
11923.51367 -11814.40234 9661.987305
10816.78223 -12263.36523 6362.495117
10707.71875 -8668.109375 6616.053223
9723.524414 -11529.75195 5457.885254
14185.52734 -12614.59277 11058.9375
13627.90918 -11405.42773 10313.83691
11596.30078 -12390.13281 7273.469727
12861.30273 -10642.21582 9498.277344
9175.844727 -16461.95898 9552.827148
12260.67578 -16617.08203 7939.155762
13360.13574 -10214.51563 7842.130371
9965.746094 -14429.06543 9525.689453
11895.30664 -12531.16309 11466.48438
12558.6123 -12844.27734 10554.33594
8526.393555 -17499.33203 9026.786133
11840.35645 -7572.973633 9146.707031
11852.90625 -10170.64648 8778.770508
13038.74219 -10715.95801 9376.228516
11311.62012 -14195.73145 8300.665039
8718.675781 -17802.34375 11271.70703
10125.62598 -14952.2168 10514.37695
9121.771484 -8365.30957 6258.579102
9769.097656 -14747.85059 8521.324219
12238.83594 -14841.0791 11073.58691
12075.81445 -11594.2793 10821.44336
8896.425781 -15801.57422 9848.095703
10972.74902 -13905.22266 6772.978516
11535.92773 -14543.31543 7307.980469
9479.152344 -15903.21191 8367.327148
12340.14355 -13600.29785 10629.12695
12462.44824 -13961.24707 8040.26416
11288.41309 -15403.21484 8567.328125
11333.74707 -16426.76953 11388.76367
10276.58008 -8419.1875 9104.602539
9388.989258 -13774.33496 6263.983398
10971.8457 -15194.97461 7348.504883
10846.46582 -11469.8623 9708.05957
12222.74902 -13959.67871 8957.289063
12301.68555 -10217.02344 7464.804688
9664.978516 -12559.86816 13364.26758
10623.01367 -15643.45605 7705.022949
12740.58398 -11269.68945 11253.125
10365.43359 -13699.0166 7453.75293
8184.370605 -6686.953613 12878.34375
13048.06445 -11585.01172 10947.50293
12604.33301 -10475.69238 8091.729004
12409.61426 -16872.33984 10620.79883
9751.178711 -7914.728027 7220.794922
11484.39355 -13680.47559 7379.915039
14227.80859 -12170.25879 10992.93652
10713.00879 -10634.8877 6583.923828
9706.212891 -13094.21191 6642.186523
11273.50391 -13968.94238 7950.951172
10124.41211 -16139.95996 8159.647461
9992.513672 -16064.52441 11954.58301
13353.87109 -9948.760742 9330.922852
11590.89258 -14859.89258 9519.212891
11253.01758 -13749.99512 8963.361328
8691.886719 -6549.209473 12128.04004
9969.977539 -14641.89941 9248.234375
12396.57129 -12840.40625 9001.011719
11063.57324 -15216.84277 8436.422852
12286.21484 -15798.08398 11125.80273
11704.9668 -11781.82715 10203.62305
12635.12988 -16525.52148 8351.453125
11652.93555 -12099.38281 10634.79395
9819.954102 -9600.047852 8709.805664
12690.00781 -13313.14355 9342.519531
12863.52441 -12777.44531 9926.601563
9887.933594 -15137.99316 11943.15527
10392.0918 -15365.33398 8333.448242
12279.50586 -15235.29199 10714.38086
9527.604492 -15592.70605 11896.19043
12557.46094 -12490.34766 7269.786621
13723.98828 -13108.29883 10678.72168
13176.92969 -10923.64551 12042.51953
10110.31641 -9301.814453 8841.301758
13590.84473 -14367.16992 10359.89941
10151.35742 -16023.7334 9130.21875
12314.99414 -9797.77832 8433.844727
12232.1709 -16389.34766 11011.95117
12779.26074 -11354.3418 9984.177734
10164.49805 -7815.558594 7639.092773
12023.38379 -13642.29395 10758.2334
7401.550293 -6635.194824 8076.427246
10734.57227 -10142.65527 9667.62793
13269.91113 -12991.61523 10225.45703
10834.26758 -10030.26563 7585.425293
12763.20117 -15232.50195 7782.250977
9660.389648 -15848.06348 8520.983398
14143.41113 -11742.6377 7961.970703
9098.543945 -15905.71484 8249.90918
8188.545898 -8026.351563 6257.230469
11679.51563 -9860.545898 9182.912109
11904.49316 -13114.77832 8840.110352
11095.5791 -12718.65918 11933.91406
10483.01172 -11980.85352 6043.221191
