8677.102539 -6369.494141 12782.39941
13085.07422 -13581.77637 11968.11035
8248.345703 -16466.46289 12105.52148
8564.626953 -11602.3916 13679.69629
11560.36816 -17010.9375 8075.070801
6738.651367 -14955.67773 7284.009766
7112.471191 -16421.92969 10421.2959
6346.174805 -15878.13086 9225.050781
6895.270508 -14965.29297 11559.83789
12302.85645 -10867.56738 13042.3125
11906.70508 -15034.91016 7627.503418
11953.2334 -15148.78906 7786.881348
9595.523438 -6496.865234 11295.89941
9702.742188 -6493.614258 11446.3418
11366.1377 -15195.88379 7886.299316
11647.73535 -15329.66113 8041.540527
6484.325195 -10378.62207 10106.07715
6366.318359 -10078.64063 10032.25195
10746.55762 -15732.32422 8594.474609
10664.34082 -15764.57324 8480.81543
12678.48047 -11602.25879 10710.07227
12719.21387 -11685.42383 10695.27148
6641.098633 -10927.30762 8874.655273
6499.962402 -10776.00391 8550.271484
10175.01367 -10803.09375 13339.375
10283.51367 -10812.41406 13697.14063
7845.855957 -14344.64453 9188.491211
7974.813477 -14213.40137 9352.203125
6166.199707 -10774.62988 8309.342773
5970.117676 -10956.52344 8579.977539
10159.38574 -17592.00195 11169.66309
10272.89941 -17571.60742 10809.34863
11816.33887 -13307.43457 8255.21582
11646.50391 -13378.66016 8162.92334
14023.05762 -10888.96777 10455.61035
14126.59082 -10622.24512 10371.65723
7369.166504 -8134.307617 8035.203613
7610.159668 -8404.428711 7989.069336
9637.256836 -16791.00391 8719.405273
9562.265625 -17139.73633 8594.076172
13889.95508 -12028.24219 11003.58887
13862.90625 -11693.19531 11081.18066
10208.05566 -8593.705078 6840.939941
10537.90527 -8596.619141 6885.300293
10183.11816 -16498.87695 8580.021484
10268.44727 -16629.93359 8593.196289
11282.81445 -10061.69629 8135.391602
11493.51563 -9932.706055 8432.762695
11148.14453 -14428.98145 7770.781738
11038.90234 -14331.31543 7712.169922
12287.76367 -13229.16699 7625.106445
10554.04883 -9128.357422 7931.126953
14357.44922 -12010.11133 9680.076172
11177.51855 -8159.745117 7707.179688
10735.15527 -8471.844727 8696.016602
11268.15625 -7814.950195 7875.714844
10296.50098 -8554.914063 8637.265625
9646.850586 -7445.571289 11284.00098
10073.08203 -8119.630371 8481.606445
12919.39453 -10871.52734 10663.92383
7198.67334 -9207.81543 8822.725586
14070.06836 -11621.69336 9140.435547
14441.01465 -12091.20996 9057.280273
13243.39355 -11162.02441 10560.60938
10754.88965 -8425.513672 7734.877441
14738.12695 -11706.02148 9175
10563.4668 -8795.732422 8615.734375
9742.986328 -7850.765137 11608.2373
11177.82324 -9099.859375 7834.140625
9989.604492 -8464.803711 8163.280762
11611.10059 -8567.541992 8642.962891
8248.21875 -8416.444336 11872.08984
11425.87988 -9055.791992 7804.929199
7526.301758 -9112.992188 8720.608398
9804.805664 -7830.494141 11649.41992
11181.5293 -9291.037109 8103.413574
12182.26172 -8473.488281 8491.131836
12061.27441 -8027.734375 7894.170898
14254.31934 -11905.85645 8801.761719
10792.52344 -8633.196289 8706.057617
14571.64355 -11940.88672 9651.773438
10580.79395 -8199.649414 7846.469238
10142.55176 -7996.242676 8426.248047
13226.29492 -11107.69336 10280.2373
11949.21094 -8587.549805 7688.620605
11385.22168 -7763.956055 8443.139648
8109.781738 -8476.109375 11792.18652
9590.344727 -7786.223633 11539.75684
12258.49609 -8766.963867 7996.11377
9994.310547 -8305.429688 8491.500977
7598.436035 -8679.230469 12097.33496
12319.90039 -8579.244141 8368.643555
10777.22461 -8518.860352 7725.283691
7228.758789 -9600.52832 9062.978516
10978.43359 -8329.124023 8734.367188
10969.32422 -7684.844727 8254.323242
12386.66504 -8386.487305 8215.494141
12424.94922 -13190.50391 7251.652344
11532.20117 -8731.900391 8677.873047
7237.475098 -8923.506836 9009.625977
11164.13184 -7950.270508 7793.375488
