6011.057129 -13775.36621 8712.575195
5992.660156 -13357.07422 9002.492188
5831.937012 -11220.79102 8267.05957
5816.770508 -10900.85352 8127.187988
5927.568848 -13041.02734 10572.14355
6164.806641 -13245.62598 10881.05566
5723.679199 -10479.33496 9310.055664
5711.485352 -10341.18945 9525.628906
6363.418945 -11813.08105 7033.635742
6365.946289 -11974.85938 7280.295898
6307.51709 -10715.03809 11547.92676
6326.76123 -10465.81934 11960.26855
6196.802246 -13367.19434 7496.351563
6130.661621 -13379.60254 7876.336426
8474.169922 -11769.7959 12783.88184
8640.098633 -11620.80371 12531.25293
7566.191406 -13555.08594 7971.405762
7775.962402 -13400.69727 8088.600586
7289.314941 -14551.58594 10300.77344
7330.306152 -14172.43555 10300.54785
7766.138672 -12874.96094 12349.42578
7802.710938 -12758.66211 12514.79199
6744.349609 -10707.39648 8729.587891
6591.503418 -10981.24707 8809.025391
7684.420898 -9000.9375 10033.7998
7496.787598 -9098.618164 10095.91309
8000.759277 -7406.758789 10299.43555
7810.339355 -7334.033203 10067.24023
7882.213867 -15921.96484 11793.52051
7860.898926 -16062.57227 11656.15039
10003.02539 -12627.03613 8114.995605
9798.510742 -12628.58691 7929.802734
6754.484863 -10369.59473 6689.507813
6730.969727 -10212.1123 6726.208496
8991.900391 -11742.51172 12377.04688
9075.77832 -12049.40625 12457.41211
9401.703125 -12783.59863 10948.48047
9493.226563 -12817.27832 11135.27637
11755.90137 -7596.010742 9721.487305
11825.66504 -7365.366699 9780.021484
9280.362305 -8310.117188 10601.88281
9267.241211 -8326.755859 10837.17676
7925.247559 -8426.06543 12489.87012
8100.052734 -8143.314941 12384.78906
7048.187012 -15987.18164 8779.880859
7207.16748 -15632.75488 8697.460938
8379.78418 -10152.54785 10947.53125
8630.916016 -10029.05859 11207.12012
7955.158691 -13610.56055 11801.18555
7757.879395 -13382.42773 11666.07227
12142.56738 -10180.2334 11317.65918
12296.84863 -10043.18164 11149.28223
8208.77832 -7706.752441 9247.167969
8266.192383 -7910.459473 9044.276367
7843.813477 -6576.887695 10175.80859
7968.831055 -6525.327637 10215.07227
8251.80957 -12544.77637 5980.555664
8128.986816 -12462.62012 5978.138184
6767.895996 -14357.91016 8990.594727
6744.172852 -14289.96875 9250.941406
9266.077148 -7603.015625 9095.490234
9056.041016 -7654.26123 8891.341797
8371.15625 -13150.07324 7619.641113
8264.55957 -13280.43359 7475.924316
6880.770996 -14510.45605 7364.571289
6844.827148 -14208.91992 7368.554199
6051.556641 -9164.554688 9406.007813
6283.302734 -9220.680664 9561.918945
9778.4375 -8290.761719 12252.89258
10028.44141 -8171.171387 12006.00293
6822.875 -10973.99609 11971.46777
6779.023438 -10959.50977 11837.12598
10097.78711 -14568.10547 11464.4209
10078.17676 -14425.48145 11536.07227
7336.901367 -8973.101563 7539.946777
7439.335449 -9020.286133 7229.910156
7655.702148 -10815.86523 7026.450195
7849.446777 -10874.58398 7086.477539
7990.506348 -16271.57031 8909.00293
8108.527832 -16327.23535 9027.238281
12030.53809 -9204.400391 10610.23242
12154.16016 -9329.283203 10749.74512
7661.518555 -9249.251953 13036.58301
7444.330566 -8909.333984 13065.75293
8646.893555 -11658.12695 7284.602539
8538.397461 -11673.56641 7052.754395
8337.40918 -9066.393555 10554.59375
8459.15625 -9129.455078 10891.2627
10784.87988 -14370.4248 11906.67285
10960.88965 -14280.02539 12162.96973
8546.985352 -12865.44922 12771.87695
8659.446289 -12863.5791 12845.99316
7856.403809 -7439.460449 9558.543945
7674.043457 -7647.1875 9437.168945
8103.689941 -15008.58398 8738.051758
8155.001953 -14999.57324 8972.358398
8454.199219 -12845.41211 10923.93555
8245.99707 -12565.44043 11102.28223
7332.454102 -7212.938477 8961.188477
7486.500488 -7396.412598 8881.112305
7690.655273 -9969.017578 13121.58594
7667.854492 -9743.734375 12891.60254
10225.56641 -7233.02832 9322.157227
10079.66895 -7497.431152 9099.319336
7510.862305 -12478.09766 9878.34082
7808.321777 -12327.14063 9791.386719
8083.310059 -10727.59961 11673.38867
8326.989258 -10808.73438 11915.11328
6390.927734 -12817.93945 8907.007813
6244.586426 -12797.9541 8637.444336
9113.958008 -10983.43164 9081.081055
9248.517578 -11031.80664 8992.044922
11110.35547 -14457.33105 7358.357422
10991.7998 -14573.43457 7455.780273
6526.487793 -12326.38184 8424.46582
6771.456543 -12547.93066 8428.576172
10961.10547 -7460.309082 9353.582031
10787.42578 -7522.766602 9288.396484
8657.193359 -7877.055176 12217.02051
8473.78418 -7643.585449 12291.83496
6062.90918 -10730.96094 8273.874023
6114.061523 -10897.39063 8308.81543
6282.218262 -7775.347168 8867.666016
6136.569824 -7584.908203 8628.126953
7685.253906 -9996.681641 11925.81934
7495.358398 -9737.004883 12085.45215
7006.169922 -16047.02734 10625.78027
7321.614258 -15996.68066 10702.97656
8891.18457 -12438.31543 6420.669434
9049.037109 -12720.96094 6337.255371
9951.138672 -10961.63184 9310.526367
9916.514648 -11021.7041 9604.294922
8427.018555 -15062.95508 8954.615234
8756.901367 -15157.83105 9157.171875
9961.766602 -12704.86621 8897.374023
10206.80273 -12881.31543 8981.050781
10232.66016 -11900.73535 8233.642578
10298.53223 -12057.66504 8291.986328
7547.631348 -16213.32129 9273.500977
7663.906738 -16006.95996 9054.014648
10075.00098 -17829.18945 10929.31152
10132.83398 -17790.01758 11111.13379
9394.982422 -6979.532715 8281.594727
9503.496094 -7004.236816 7979.767578
6938.105957 -7571.082031 11593.75195
6940.010742 -7412.460449 11689.05957
11955.65039 -12459.64453 9576.193359
11980.49805 -12651.7373 9848.985352
9169.706055 -9493.168945 9759.933594
9066.5625 -9574.314453 9850.069336
7228.204102 -15193.92871 8889.46875
7161.618164 -15239.91699 8684.171875
11165.4502 -11087.67285 12214.37305
11020.00586 -10966.7373 12108.77539
6879.335449 -8128.720703 9849.283203
7122.216309 -8121.575195 9899.584961
10324.01367 -9512.00293 12629.33691
10322.87207 -9491.371094 12424.5293
10116.40137 -9117.322266 11817.3584
9988.496094 -9323.645508 11927.69336
6745.106934 -9027.224609 9868.890625
6863.087402 -9006.399414 9685.895508
8969.902344 -8738.745117 8622.503906
9016.679688 -8465.674805 8675.598633
6643.788086 -14145.0459 8115.358887
6396.582031 -14017.32813 8396.792969
10939.89746 -13461.05371 11822.52246
10633.7959 -13595.80664 11630.43164
6625.549805 -9902.84375 10169.97461
6799.972656 -9757.591797 10225.10742
6691.288574 -15062.91406 9072.220703
6434.221191 -15351.62402 9152.243164
10585.15527 -12488.87109 12361.45215
10313.29199 -12443.28223 12437.90137
9362.292969 -12592.56348 8411.264648
9267.62793 -12629.0166 8047.550293
9967.793945 -11597.23828 9880.460938
9972.758789 -11781.48047 9643.295898
12586.5791 -8621.613281 10512.1084
12531.0791 -8457.230469 10493.2207
10052.39453 -10862.62988 11574.6123
10172.07617 -11113.1709 11351.53516
8924.853516 -7489.940918 7030.835938
8993.666016 -7759.558594 7216.486328
9206.037109 -13728.74121 12501.30566
8827.931641 -13678.97266 12543.63379
12125.66406 -9280.868164 11584.69531
12300.0332 -8924.080078 11627.07813
13644.9873 -11863.12598 11218.16406
13903.37207 -11762.18457 10941.42871
7573.138184 -14007.2666 11310.12988
7495.566895 -14324.26855 11155.84961
6463.308105 -8474.009766 8354.655273
6463.647461 -8785.567383 8166.693848
7677.615234 -10824.46582 10651.25488
7600.693359 -10849.14258 10817.47559
12010.6875 -8472.512695 9292.660156
11929.62012 -8585.767578 9278.229492
6831.15625 -12441.5498 7924.611816
6684.495117 -12469.10352 7652.213867
11566.41699 -14489.71875 9177.729492
11903.32813 -14339.84766 9137.255859
11339.54492 -9904.177734 8514.067383
11245.91895 -10145.51758 8246.455078
7387.717285 -16004.37988 9546.628906
7480.374023 -15998.65723 9927.307617
9017.908203 -16653.14844 11676.28613
8716.231445 -16810.49414 11657.44434
11316.15723 -7448.65332 11257.87305
11181.76074 -7622.166992 11244.6123
8642.665039 -15519.06348 7518.07959
8514.90625 -15883.90137 7524.100586
8684.389648 -11910.66113 8362.478516
8329.634766 -11850.07031 8545.213867
8430.380859 -11527.95703 11417.28027
8504.038086 -11824.76758 11507.51465
7153.259277 -12591.57129 11090.85547
7318.165039 -12608.68359 11219.65332
11309.40625 -15430.44727 10904.95313
11161.80859 -15351.12109 10687.26367
7999.77832 -14240.73926 11802.52344
8060.930176 -14386.40918 11945.83594
6424.290527 -9517.585938 10729.86426
6294.762207 -9408.783203 10616.99609
7048.455078 -12511.61426 8990.209961
6999.864746 -12891.5498 9097.707031
7327.892578 -7538.861328 12677.00781
7239.275879 -7666.419922 12692.85156
8325.708008 -10323.61621 8405.047852
8568.735352 -10363.14941 8200.119141
9822.700195 -11774.01758 10918.22559
9609.563477 -11867.11328 11205.29004
8451.585938 -10624.23535 13077.22754
8430.805664 -10932.72266 13056.91309
9576.541016 -6560.060547 11575.71973
9786.425781 -6768.398926 11461.73535
7346.615723 -11958.53027 11203.20117
7439.925781 -11688.59961 11170.96582
7651.057129 -6449.207031 12057.13867
7429.392578 -6517.775391 12177.99316
10666.38379 -14939.03418 11610.02539
10408.17969 -14908.17383 11891.56543
8052.103027 -15199.16309 8206.446289
7829.40918 -14989.24023 8323.902344
6992.107422 -10088.74609 12491.74609
6870.717285 -9890.674805 12603.49805
7174.875488 -13475.63184 7772.506836
6973.912109 -13286.42383 7953.021484
9783.086914 -6711.931152 8475.878906
9964.791992 -6675.17041 8411.453125
9562.222656 -13203.29883 7511.040527
9685.456055 -13397.27832 7364.806152
12612.99121 -10136.17676 11258.98926
12966.08008 -10279.58984 11393.39648
10025.12012 -14538.37402 12048.9668
10016.72754 -14501.38965 12194.36621
6415.347168 -9464.195313 9914.270508
6180.994629 -9578.768555 10094.00293
11546.54199 -8296.777344 9608.390625
11736.42773 -8144.969727 9660.307617
10031.20313 -7662.785645 9885.952148
9981.479492 -7763.032227 9759.536133
7681.73291 -15881.23926 8372.530273
7702.934082 -16042.08301 8554.376953
9262.834961 -15112.36816 9659.398438
9517.904297 -15129.82031 9716.97168
9702.257813 -10894.21387 10871.78027
9823.150391 -10682.03027 10883.47266
6940.182617 -15923.74707 10111.13574
6714.176758 -15935.97168 10202.79395
6638.54541 -7398.472168 8200.0625
6836.799316 -7429.583496 7997.85791
6661.837891 -8655.592773 10544.64453
6426.006836 -8563.871094 10540.45313
8241.044922 -13288.36914 8505.677734
8443.271484 -13440.04785 8389.493164
8565.737305 -8709.447266 12683.89063
8732.160156 -8745.516602 12807.6123
10404.2666 -11863.51953 9463.887695
10460.97852 -11728.79004 9240.055664
7368.882324 -8182.769043 8231.71582
7659.719727 -8276.333008 8069.739746
10015.16406 -16728.64258 8532.474609
9902.962891 -16602.09961 8783.576172
8272.174805 -15857.2959 11900.98828
8008.655273 -15953.69629 12105.99902
6380.527344 -11218.6748 8293.599609
6650.120605 -11272.08398 8270.147461
11590.56836 -15438.84668 7985.11084
11433.09375 -15125.79883 7784.526855
8631.279297 -14429.0293 10594.98828
8476.78125 -14358.81055 10881.08008
9826.550781 -8369.830078 11049.12695
10181.36328 -8244.834961 10975.89355
10237.25 -13301.66992 9194.020508
10064.46484 -13650.38867 9215.581055
6962.725098 -7657.074707 10376.2002
6754.15918 -7786.343262 10690.2666
11431.56641 -14422.94238 11358.97949
11153.99219 -14471.85742 11596.50879
7302.029785 -12591.30469 8225.573242
7259.454102 -12986.28516 8231.273438
7679.919434 -15086.08496 10238.82324
7790.585449 -15267.11621 10592.86816
8119.551758 -14580.01563 8155.899902
7918.94873 -14448.83691 8205.360352
7299.592285 -13680.74414 9526.520508
7361.48877 -13547.83984 9880.216797
8162.038574 -13460.62305 10923.77344
8363.474609 -13311.06152 10822.63086
7495.681641 -12575.26465 7021.276855
7401.376465 -12454.2959 6827.371094
6865.491699 -14125.6748 11515.72852
6833.569336 -14496.13379 11528.95508
9636.900391 -12595.30859 11458.02637
9687.637695 -12312.59961 11339.54102
6927.705566 -13975.82031 10770.77148
7007.463867 -14107.26855 10839.02734
9739.501953 -10159.73535 12756.60059
9724.765625 -9983.271484 12552.01465
8571.566406 -13299.94824 12672.97754
8790.148438 -13457.78223 12795.79688
10437.33105 -11889.34375 10125.01953
10472.26465 -11990.05762 10222.55371
9089.992188 -9099.982422 9110.832031
9352.714844 -8926.858398 9020.820313
8055.294434 -8900.541016 11412.97266
7884.233887 -8966.030273 11491.37305
6362.981445 -10939.62793 10617.35352
6369.239746 -10901.11035 10889.6377
7172.19043 -7844.27002 8749.304688
6943.017578 -7617.396484 8491.347656
7672.98877 -15126.39355 12065.39258
7873.837891 -15203.04004 11874.44141
8404.035156 -7606.448242 11828.31348
8406.321289 -7235.65625 11921.98438
7327.905762 -9098.261719 11540.93164
7047.09375 -8954.297852 11337.5791
9020.645508 -8094.876953 12583.57324
8823.610352 -8414.623047 12510.46094
7648.978027 -14379.58203 10620.35742
7942.460449 -14266.93457 10659.47363
11015.23633 -12654.76367 8756.408203
11124.86914 -12476.24219 8709.009766
7536.210449 -7593.900879 8247.818359
7478.491699 -7394.280273 7985.119141
7243.98877 -11708.28906 9095.979492
6990.040039 -11612.8457 9000.521484
8786.579102 -13532.14941 10144.24023
8880.125 -13583.17383 9976.660156
7865.828125 -10923.04883 12167.81836
7515.629883 -10945.47461 12215.89648
6285.319824 -10078.22266 6769.616211
6374.984863 -10024.78711 6994.516113
9046.181641 -13482.40723 7906.772461
9333.225586 -13659.19922 8135.20752
9724.318359 -14137 9579.240234
9545.229492 -14188.3916 9739.767578
9059.017578 -11001.46484 12993.80957
9054.526367 -11203.34082 13029.58594
11687.09473 -10664.30078 12656.16504
11666.54492 -10590.74805 12499.12012
7923.76709 -8633.821289 13015.93848
8001.896973 -8372.688477 12877.65723
12279.58594 -8210.4375 9717.060547
12115.78027 -8339.082031 10064.99609
6676.189453 -13643.39453 9485.289063
6614.216797 -13400.82324 9721.237305
8862.551758 -8884.117188 11296.28906
8923.033203 -8937.625 11450.6543
10797.03223 -13455.14941 9793.578125
11091.79785 -13606.98633 9646.292969
8291.928711 -9382.279297 10168.60938
8346.876953 -9456.748047 10286.21582
10243.66016 -7579.527344 11119.97559
10246.32129 -7786.206055 11296.70703
9031.15625 -8266.205078 6879.472656
8908.506836 -8111.914063 6761.967773
7361.677734 -11228.38477 6860.286133
7297.181152 -11309.93164 6994.833008
7056.206055 -8287.142578 6149.469238
7144.110352 -8476.5 6182.255859
7146.391113 -8086.57373 7378.071777
7293.421875 -8092.714844 7166.865234
12213.53027 -15077.17383 7668.388672
12091.62109 -15162.30371 7680.640625
10124.08691 -7331.128906 10253.90527
10273.88965 -7278.383789 10523.40234
9538.669922 -9215.948242 10794.05078
9513.00293 -9049.951172 10597.82813
13148.85938 -9368.80957 11409.61426
13229.75488 -9302.195313 11299.9209
8130.128418 -7646.258301 7163.804199
8410.133789 -7544.775391 7072.495117
7637.500488 -14023.2002 9248.337891
7712.118164 -14210.79883 9091.335938
7370.213379 -8464.908203 11997.26563
7136.802734 -8734.050781 11828.2627
5873.687012 -9740.744141 8734.917969
5775.208984 -9876.121094 8699.125977
9926.081055 -14262.80371 11817.37988
9667.663086 -13973.09766 11836.00391
9804.655273 -8112.927734 9787.18457
10138.37793 -8279.243164 9754.411133
6902.376465 -8572.381836 9208.549805
7199.512207 -8712.897461 9416.145508
10341.85645 -11963.9541 6618.289551
10092.38574 -12081.38574 6565.811523
10894.07422 -10307.72168 12765.55664
10944.32129 -9914.322266 12729.16699
6756.657227 -12355.87207 10054.48242
6481.85791 -12550.2793 10231.48535
9699.525391 -9192.867188 10100.04199
9784.585938 -9516.255859 10288.57422
7344.317871 -10853.09766 12912.51367
7392.657227 -10717.16602 12935.42676
7764.996582 -16780.45313 10043.77051
8121.07373 -16760.22852 9873.294922
8124.29248 -12331.68945 9097.415039
8215.591797 -12570.46875 9162.055664
9581.323242 -13470.49023 9444.650391
9725.321289 -13107.28711 9522.164063
11503.7793 -7500.28125 10315.24121
11321.32129 -7797.311035 10255.79102
8987.290039 -11064.85547 11561.03418
8949.682617 -10802.26855 11539.84863
8889.808594 -12502.21875 12310.38281
9004.835938 -12471.81738 12036.41797
8137.629883 -11035.67773 12623.61719
8333.362305 -11039.11914 12758.63965
7863.474121 -8562.297852 7154.397949
7866.199707 -8498.680664 7497.640625
6537.916992 -9476.19043 7071.353516
6688.039063 -9241.428711 7361.91748
8571.852539 -14243.33496 7919.76416
8353.995117 -13977.16504 7728.432129
8926.866211 -7354.453125 8267.469727
9051.939453 -7477.368164 8363.388672
7914.689941 -11646.1748 10262.89844
7851.975586 -11590.91113 10654.72656
6789.817383 -7574.90332 10072.85059
6424.65918 -7528.119141 10170.28223
6656.999512 -12624.19336 10595.30762
6654.01416 -12674.3252 10934.64941
7489.36084 -7355.04834 11766.63965
7618.913086 -7283.756836 11849.07813
9603.391602 -11215.90625 11566.14648
9469.822266 -11256.60059 11454.31738
7442.051758 -9990.115234 10299.33496
7543.446289 -9949.930664 10587.00684
8619.983398 -7697.318848 7968.581055
8372.018555 -7600.382324 7691.012695
10242.92969 -6493.897949 10057.04785
10056.12402 -6838.734375 9991.448242
7916.071289 -10916.54883 6601.19043
7850.611328 -11125.03027 6312.794434
10511.4043 -13544.20605 10962.75684
10502.09082 -13267.68848 11168.65039
11045.22168 -10959.07227 10493.30371
11213.06055 -10865.70898 10555.0498
7013.698242 -11443.20605 11613.4707
6658.565918 -11616.52051 11596.21484
8786.006836 -15189.61523 11930.04785
8790.546875 -15143.71094 12048.08594
7405.242676 -8235.499023 11083.41602
7700.255859 -8157.136719 10888.37598
11746.67383 -8518.296875 10485.97461
12086.44434 -8566.688477 10495.77734
8659.272461 -9487.378906 13049.01953
8866.983398 -9160.733398 12933.45996
6921.438965 -12597.56445 9956.388672
6968.632324 -12600.16699 9631.074219
8268.094727 -12967.80469 9958.518555
8211.479492 -12934.12988 9825.46875
7847.400391 -15663.0918 10782.65039
7829.945313 -16051.20898 10702.53125
8456.074219 -9268.699219 12413.44141
8245.532227 -8972.342773 12516.47266
7579.327148 -9392.399414 7992.525391
7245.3125 -9324.223633 8222.367188
8190.288574 -14944.83887 9814.412109
8060.277344 -15150.52148 9896.558594
8337.449219 -16253.72559 11644.39258
8518.172852 -15956.45117 11780.13574
8245.069336 -7644.420898 11328.94922
8545.891602 -7739.869141 11262.12109
6370.987305 -11152.93457 7348.00293
6334.551758 -10839.64648 7582.924805
6529.565918 -7235.260742 9302.101563
6702.214844 -7248.964355 9087.730469
7210.995117 -8456.095703 6838.625977
7131.915039 -8738.010742 6893.45459
7399.740723 -16213.36621 10411.98926
7359.062988 -16034.62891 10412.48535
10980.28906 -8281.641602 10323.18652
10810.2959 -8210.556641 10453.64063
10651.49707 -11907.53418 12470.02441
10490.2959 -11932.67578 12532.0752
7403.493652 -14521.25293 8384.96875
7634.029297 -14310.40723 8473.43457
8014.341309 -7556.591797 8619.12207
7907.490234 -7508.51416 8584.84375
9007.023438 -7445.681641 11711.58691
9186.813477 -7504.818359 11840.00391
7709.885254 -9170.598633 12462.29688
7532.110352 -9266.029297 12312.09082
10417.35156 -8668.822266 6821.538574
10560.87207 -8521.671875 6926.93457
7944.952148 -11957.45215 11305.77832
7768.959961 -11913.26563 10940.32031
5983.845703 -8156.925293 9452.449219
5834.076172 -8290.420898 9100.939453
6065.457031 -9037.335938 8904.631836
6102.416504 -9116.603516 8693.120117
7410.72998 -12441.27734 12275.48438
7222.187012 -12645.42188 12305.11426
11565.13086 -10280.4248 10724.93652
11788.83301 -9998.539063 10755.64844
8379.555664 -13365.44629 9524.203125
8285.681641 -13452.17383 9660.529297
7167.53125 -15011.45117 7367.219238
7358.540039 -15229.76172 7274.531738
10796.62988 -15852.80078 8463.394531
10651.59766 -15719.08594 8601.245117
7194.669922 -11719.35254 12618.22461
7424.395508 -11532.68848 12805.29492
9135.241211 -9984.132813 10709.19238
9116.071289 -10135.16895 10852.36035
9678.28418 -11690.65918 12125.74902
9764.222656 -11799.83105 12117.82031
7990.37207 -12377.27246 7574.523926
8062.144043 -12347.24707 7756.118164
8194.457031 -8210.853516 7493.134766
8285.97168 -8332.064453 7107.633789
8266.724609 -8369.322266 9729.076172
8215.868164 -8301.510742 9839.387695
7149.945801 -10925.60352 8335.741211
7021.691406 -10956.2627 8336.760742
12225.11426 -13479.87207 9596.541992
12002.93945 -13713.77734 9579.94043
10668.08691 -11867.89648 11710.41016
10781.29492 -11800.46484 11715.67871
7207.226563 -9371.641602 10721.64258
7579.17041 -9301.40625 10703.36621
11078.21582 -10118.02148 10866.1748
11080.20898 -9893.176758 10562.03613
11617.01953 -8905.994141 11144.21777
11548.65625 -9214.206055 11119.80078
9074.871094 -11775.85645 6195.967773
9209.641602 -11694.17773 5946.604004
10418.67871 -9239.293945 9966.884766
10697.32324 -8944.647461 9925.017578
7031.284668 -8169.846191 11275.42188
7069.448242 -8316.22168 11652.80371
10780.9707 -7682.834961 11883.48242
10640.70996 -7657.176758 11643.43359
6207.027832 -11919.25195 10579.12207
6203.774414 -12052.02051 10650.42969
12633.51074 -9404.444336 11884.70801
12456.63477 -9251.563477 11826.00293
7883.62793 -7249.785156 12490.53125
7886.945313 -7237.288086 12356.49023
9988.46582 -11652.44922 8588.303711
10138.49219 -11416.47461 8757.958984
9662.039063 -7546.266602 10534.38281
9756.220703 -7546.458984 10371.15723
6247.812988 -11816.8584 8523.378906
6160.596191 -12084.50293 8500.928711
11011.2207 -9410.548828 10481.22949
10765.05957 -9223.198242 10410.0293
10012.3252 -14363.57227 7418.578125
9934.074219 -14034.20703 7557.434082
7218.075684 -9822.734375 8904.646484
7270.95459 -10145.29883 8770.696289
6242.053711 -10322.27539 9985.084961
6488.959473 -10292.12793 10285.59277
9508.357422 -16915.12109 8598.944336
9677.342773 -17119.16016 8528.626953
6161.094727 -10362.67969 10651.85254
6332.056152 -10061.08984 10535.19531
7901.007813 -7631.140625 7513.529785
7555.457031 -7731.63623 7403.015137
10147.25098 -8536.174805 11800.7666
10256.34668 -8358.660156 11861.6875
7614.844238 -7652.829102 11104.12207
7707.373535 -7877.40625 11208.73145
7507.644043 -10176.17578 7232.512695
7556.643066 -9797.105469 7110.062012
7021.921387 -11102.73242 10065.59473
7325.043945 -11021.27246 10109.94922
7043.437012 -7507.650879 12344.36719
6907.512695 -7570.872559 12277.85449
8359.038086 -13392.03906 6528.431641
8475.475586 -13546.15527 6550.96582
8248.80957 -7836.271973 9968.265625
8091.749512 -7534.472656 9770.333984
7055.319336 -6587.424805 11112.8252
7130.110352 -6665.834961 11315.42383
8770.674805 -9510.463867 10573.7998
9159.597656 -9393.806641 10554.20215
7523.175293 -7037.277344 9044.137695
7623.080078 -6699.304688 8897.808594
6478.925781 -8642.84668 9582.217773
6391.726563 -8501.547852 9407.707031
6915.400391 -6641.166992 9818.00293
6551.825195 -6752.025879 9683.283203
6699.155273 -10074.02344 8521.501953
6749 -10257.46875 8539.922852
9718.199219 -12038.65137 9424.266602
9797.103516 -11930.31836 9373.783203
9830.632813 -9289.451172 7982.22168
9862.310547 -9408.210938 7661.458008
11645.38086 -11815.49121 12645.91309
11701.84473 -11501.00391 12864.5791
6562.091309 -13401.05371 10814.80762
6610.960938 -13435.0293 10592.98145
9230.073242 -8503.03125 11485.2666
9110.291016 -8599.366211 11442.44434
8993.639648 -15782.80469 11827.53906
8851.466797 -15651.96289 11830.54785
8354.207031 -7319.415527 10633.38867
8639.738281 -7504.88916 10493.91211
6400.146484 -9065.339844 6862.214355
6487.874512 -9061.730469 6976.528809
9803.885742 -12669.38477 7435.054199
9844.813477 -12421.66602 7480.90332
8167.46875 -15780.0498 8138.469727
8299.290039 -15723.16992 8076.885742
7502.026367 -8124.126953 10162.94824
7594.644531 -8096.594727 10331.62988
5873.182617 -10288.70215 9178.010742
5921.109375 -9876.779297 9217.889648
7361.637695 -13491.8125 10926.60254
7173.422363 -13378.56738 10671.15527
8300.862305 -14354.57422 9572.452148
8541.78125 -14263.33691 9613.545898
6943.302246 -14944.02832 8301.158203
6822.473145 -15216.96973 8467.723633
8127.904297 -10179.65039 10386.54492
8149.768066 -10295.20215 10429.36426
9529.378906 -16156.75879 11764.45605
9374.264648 -15922.72363 11550.73438
10254.79883 -10038.40234 10615.16602
10134.89355 -10127.71582 10662.40332
10705.11133 -11784.16895 8026.161133
10746.57129 -12101.71875 7936.210938
7239.751953 -12573.18555 10345.07813
7253.069336 -12635.04492 10177.51758
8567.913086 -8971.667969 9710.661133
8501.049805 -9205.571289 9697.204102
5793.597168 -10199.86816 8162.529297
6122.433594 -10230.79395 8032.998047
9348.116211 -10284.33105 11423.59961
9210.380859 -10249.71777 11328.33691
6999.428711 -12521.29004 11374.39063
7090.184082 -12377.41504 11350.09082
8328.438477 -15060.03906 7445.945801
8597.266602 -14841.2207 7332.654785
8605.768555 -9403.609375 11916.61133
8528.589844 -9390.239258 12148.50586
7740.790039 -8449.746094 11468.02148
7521.245117 -8310.623047 11381.43262
6412.709473 -8402.401367 7294.624023
6571.259766 -8334.483398 7257.908203
8889.470703 -15936.55859 9110.731445
8872.946289 -16069.73633 9083.615234
6472.547363 -11728.38574 11340.48047
6370.60498 -12125.33105 11384.23047
7149.53125 -15831.38574 11213.57715
7189.285645 -15699.23828 11283.21387
6902.623047 -7550.898926 9500.725586
7072.422363 -7651.763672 9407.898438
9232.317383 -14551.72168 7692.553223
9222.128906 -14173.00684 7651.554199
7357.702148 -11822.25977 7263.099121
7182.294922 -11618.26855 7009.758301
12784.0791 -11448.87109 10362.05762
12730.94629 -11534.62012 10715.24023
6996.638184 -13122.94824 10095.35449
7031.936523 -13342.58398 10234.66895
10876.19238 -14321.4375 10705.2666
10687.37891 -14070.55762 10774.13965
7417.587402 -9280.953125 11768.34766
7645.789063 -9609.677734 11765.44336
9742.045898 -14103.54395 10826.81055
9471.785156 -14239.5166 10725.65332
10741.73633 -10967.02832 13412.34668
11028.03809 -11251.38281 13505.00977
10561.05859 -12647.78906 10779.93555
10254.02539 -12833.52734 10823.59082
6895.009766 -10979.25391 10933.24902
6582.57959 -11055.59473 11134.78223
6279.637695 -12685.76758 9630.375977
6533.688477 -12901.82715 9795.301758
10374.37695 -8768.651367 9630.444336
10304.00293 -8684.599609 9534.019531
10352.56055 -14268.88379 8802.367188
10481.51074 -14607.47656 8723.323242
12538.22656 -11967.32422 12044.80957
12258.3125 -11725.60352 11854.47363
9344.160156 -14281.97754 11175.15234
9132.295898 -14384.80664 11034.85547
9104.982422 -8465.5625 12189.41504
8999.097656 -8673.3125 11843.7959
6546.512695 -11681.58887 10335.13867
6490.249023 -11580.41699 10171.56348
8090.470703 -14019.97852 10160.7041
8322.878906 -14215.8252 10294.5791
10131.05371 -11647.7002 13339.64063
9888.451172 -11653.58984 13174.94336
8639.425781 -14317.58887 8357.298828
8600.803711 -14093.34668 8459.277344
7558.757813 -10254.29492 12739.37305
7572.822754 -10125.51563 12408.01563
11846.38672 -13549.83008 8058.232422
11922.18555 -13364.22559 8227.040039
10253.64941 -10793.53223 12462.66211
10408.02637 -10687.32324 12223.64453
9362.12207 -8359.545898 9911.088867
9346.875977 -8348.637695 10055.46094
10351.39453 -10620.29688 13631.06738
10330.14551 -10876.62402 13673.9209
14117.27441 -10707.85938 10577.54395
14042.19922 -10833.55078 10301.99023
8580.330078 -11763.20117 13445.3418
8569.057617 -12053.89551 13274.83789
7510.808594 -11675.8916 11863.58301
7542.398438 -11688.84668 11999.30957
6491.478516 -11794.47754 8126.001465
6429.823242 -11719.37207 8230.445313
8008.186035 -8409.022461 10901.05273
8152.439941 -8527.620117 11108.7041
11179.60156 -12802.82129 9570.264648
11459.39746 -12790.33789 9454.576172
12167.47559 -8104.000977 10943.28027
12074.45703 -8220.402344 11102.12305
10109.18359 -14539.48633 10655.08398
9921.383789 -14445.76367 10376.68457
8411.288086 -9499.228516 11085.36426
8162.121582 -9217.212891 11188.45703
9836.950195 -10546.02051 8956.118164
9884.058594 -10862.88379 8829.746094
7954.47168 -12581.94141 8117.407227
7995.338379 -12852.0957 8397.138672
10403.74316 -13225.28516 8360.779297
10256.12891 -13168.26855 8466.838867
6817.255371 -10182.68945 9058.632813
6469.166016 -10339.78809 9166.070313
7004.166504 -10192.70703 10714.875
7139.631836 -10323.80859 11020.84668
6758.967773 -10027.2793 11166.84863
6446.925293 -10103.70703 11296.46191
7672.722656 -14205.68262 7439.658691
7654.014648 -14077.33301 7701.780762
10457.02441 -7611.298828 10691.39844
10700.89746 -7834.456543 10489.375
6802.510254 -7447.233398 11008.6084
6849.026367 -7283.727051 10987.86035
6158.966797 -8448.104492 8587.873047
6061.078125 -8160.847656 8388.490234
10734.60059 -7456.812012 8175.36377
10518.97754 -7265.452637 8181.648926
8545.265625 -15018.83887 10837.42188
8570.887695 -15289.52637 10749.75586
