11546.6123 -7281.380371 11047.46094
11608.2002 -7220.547363 10834.46484
11915.00098 -15937.83984 7182.992676
5975.890625 -6676.48291 9945.046875
10179.39648 -6204.784668 10545.97754
11835.13184 -13394.52441 8090.01709
11913.43066 -13636.95703 8153.316406
13773.28516 -12070.01953 10982.98242
13674.48242 -11740.98438 11183.33789
12061.35547 -14895.46582 7560.836914
11961.07031 -14914.91895 7579.442871
12618.1582 -11476.80469 10390.49805
12838.34277 -11403.72852 10557.14258
10072.11621 -17562.88477 11142.95117
10313.90527 -17774.92188 10956.31738
9533.358398 -17150.04297 8673.461914
9726.621094 -16852.93359 8555.707031
10607.92773 -16081.97461 8736.71875
10822.0957 -15983.53125 8480.327148
10169.35742 -16445.18164 8688.074219
10186.17285 -16683.11914 8523.486328
11258.87988 -9981.743164 8510.47168
11318.89453 -9858.730469 8136.146484
11641.46973 -15090.58203 7921.982422
11425.00586 -15219.25 7712.841309
11184.73828 -14592.88965 7423.726074
11222.60449 -14313.47168 7448.905273
9432.082031 -6718.047852 11303.36133
9570.792969 -6751.479004 11212.44727
14010.53809 -10754.46094 10397.29004
14008.12988 -10799.12402 10463.27539
10279.46875 -8718.732422 6902.706055
10210.18262 -8521.238281 7117.21582
7865.396973 -8070.030273 12057.16113
11765.43066 -8954.208008 8576.390625
12657.13281 -13385.89648 7520.092285
7290.331543 -8929.46875 8877.292969
12696.75977 -11099.50195 10376.73926
7248.777344 -9096.308594 8803.927734
12171.87305 -8211.255859 7844.643066
14242.23535 -11590.24707 8776.771484
12636.91504 -13640.51758 7536.819824
12273.49316 -13174.26367 7556.324219
14313.61719 -11290.02734 8999.087891
10159.19434 -8687.961914 8576.073242
10937.01758 -7691.250488 8307.591797
7650.978516 -8345.071289 11915.76758
12130.18555 -13275.29688 7330.666016
11126.4707 -9257.579102 8459.986328
8226.792969 -8368.378906 12174.53223
7864.941406 -8438.039063 11835.12793
